  -10.750000000000000       0.19687736628692962     
  -10.250000000000000       0.19687736628692962     
  -9.7500000000000000       0.19479908562513321     
  -9.2500000000000000       0.18977597525989512     
  -8.7500000000000000       0.18262628504639358     
  -8.2500000000000000       0.17462059939165378     
  -7.7500000000000000       0.16286690289317174     
  -7.2500000000000000       0.15067382742687541     
  -6.7500000000000000       0.13764757540539835     
  -6.2500000000000000       0.12224166436364481     
  -5.7500000000000000       0.10794155414759375     
  -5.2500000000000000       9.23982890756579883E-002
  -4.7500000000000000       7.68937664606001992E-002
  -4.2500000000000000       6.30741875814751357E-002
  -3.7500000000000000       4.90518323227978614E-002
  -3.2500000000000000       3.69924684535232265E-002
  -2.7500000000000000       2.61006339561964673E-002
  -2.2500000000000000       1.65746255765330947E-002
  -1.7500000000000000       1.04863229969843885E-002
  -1.2500000000000000       5.73256769016033431E-003
 -0.75000000000000000       2.06923248688315603E-003
 -0.25000000000000000       5.06671048874989547E-004
  0.25000000000000000       4.13864064955040160E-004
  0.75000000000000000       1.69115657372959343E-003
   1.2500000000000000       4.74413826422320512E-003
   1.7500000000000000       8.27765917937589406E-003
   2.2500000000000000       1.21976693847967790E-002
   2.7500000000000000       1.82965709549865983E-002
   3.2500000000000000       2.44645612785736877E-002
   3.7500000000000000       3.09489317354320614E-002
   4.2500000000000000       3.89744502739001950E-002
   4.7500000000000000       4.60416944765767028E-002
   5.2500000000000000       5.38930706533131687E-002
   5.7500000000000000       6.18658006117498993E-002
   6.2500000000000000       6.86789000496648427E-002
   6.7500000000000000       7.60997267070920164E-002
   7.2500000000000000       8.19642124119040888E-002
   7.7500000000000000       8.74302203599639366E-002
   8.2500000000000000       9.23949226216934233E-002
   8.7500000000000000       9.54188551181050781E-002
   9.2500000000000000       9.78433032300799199E-002
   9.7500000000000000       9.91107552404482395E-002
   10.250000000000000       9.92692133079726424E-002
   10.750000000000000       9.76081529789570024E-002
   11.250000000000000       9.56883303846849248E-002
   11.750000000000000       9.19326720298151434E-002
   12.250000000000000       8.72074299282885601E-002
   12.750000000000000       8.22256767699602875E-002
   13.250000000000000       7.54366825332078161E-002
   13.750000000000000       6.87096150149713591E-002
   14.250000000000000       6.15478486983063455E-002
   14.750000000000000       5.35627643139799728E-002
   15.250000000000000       4.60757535358448239E-002
   15.750000000000000       3.85052184223652547E-002
   16.250000000000000       3.08520719843813560E-002
   16.750000000000000       2.40997373128584783E-002
   17.250000000000000       1.81029006535035931E-002
   17.750000000000000       1.25279078798713837E-002
   18.250000000000000       7.80406941459407984E-003
   18.750000000000000       4.37700605091749691E-003
   19.250000000000000       2.20899498209560508E-003
   19.750000000000000       9.90306570874495504E-004
   20.250000000000000       3.87141009755598970E-004
   20.750000000000000       1.30043032229565792E-004
   21.250000000000000       3.72360483096500160E-005
   21.750000000000000       9.06509660210167613E-006
   22.250000000000000       1.87714493736876771E-006
   22.750000000000000       3.31164487133982857E-007
   23.250000000000000       4.98591811847005946E-008
   23.750000000000000       6.41338421826452939E-009
   24.250000000000000       7.04921863844759367E-010
   24.750000000000000       6.61377478240917801E-011
   25.250000000000000       5.28353910454123308E-012
   25.750000000000000       3.57871530433039636E-013
   26.250000000000000       2.04217678248976304E-014
   26.750000000000000       9.72936654613203157E-016
   27.250000000000000       3.82108990273225483E-017
   27.750000000000000       1.21522503375286523E-018
   28.250000000000000       3.05046503741574896E-020
   28.750000000000000       5.81571571178699759E-022
   29.250000000000000       7.91179841375664035E-024
   29.750000000000000       6.84059122001098166E-026
   30.250000000000000       2.82435640793186875E-028
   30.750000000000000        0.0000000000000000     
   31.250000000000000        0.0000000000000000     
   31.750000000000000        0.0000000000000000     
   32.250000000000000        0.0000000000000000     
   32.750000000000000        0.0000000000000000     
   33.250000000000000        0.0000000000000000     
   33.750000000000000        0.0000000000000000     
   34.250000000000000        0.0000000000000000     
   34.750000000000000        0.0000000000000000     
   35.250000000000000        0.0000000000000000     
   35.750000000000000        0.0000000000000000     
   36.250000000000000        0.0000000000000000     
   36.750000000000000        0.0000000000000000     
   37.250000000000000        0.0000000000000000     
   37.750000000000000        0.0000000000000000     
   38.250000000000000        0.0000000000000000     
   38.750000000000000        0.0000000000000000     
   39.250000000000000        0.0000000000000000     
   39.750000000000000        0.0000000000000000     
   40.250000000000000        0.0000000000000000     
   40.750000000000000        0.0000000000000000     
   41.250000000000000        0.0000000000000000     
   41.750000000000000        0.0000000000000000     
   42.250000000000000        0.0000000000000000     
   42.750000000000000        0.0000000000000000     
   43.250000000000000        0.0000000000000000     
   43.750000000000000        0.0000000000000000     
   44.250000000000000        0.0000000000000000     
   44.750000000000000        0.0000000000000000     
   45.250000000000000        0.0000000000000000     
   45.750000000000000        0.0000000000000000     
   46.250000000000000        0.0000000000000000     
   46.750000000000000        0.0000000000000000     
   47.250000000000000        0.0000000000000000     
   47.750000000000000        0.0000000000000000     
   48.250000000000000        0.0000000000000000     
   48.750000000000000        0.0000000000000000     
   49.250000000000000        0.0000000000000000     
   49.750000000000000        0.0000000000000000     
   50.250000000000000        0.0000000000000000     
   50.750000000000000        0.0000000000000000     
   51.250000000000000        0.0000000000000000     
   51.750000000000000        0.0000000000000000     
   52.250000000000000        0.0000000000000000     
   52.750000000000000        0.0000000000000000     
   53.250000000000000        0.0000000000000000     
   53.750000000000000        0.0000000000000000     
   54.250000000000000        0.0000000000000000     
   54.750000000000000        0.0000000000000000     
   55.250000000000000        0.0000000000000000     
   55.750000000000000        0.0000000000000000     
   56.250000000000000        0.0000000000000000     
   56.750000000000000        0.0000000000000000     
   57.250000000000000        0.0000000000000000     
   57.750000000000000        0.0000000000000000     
   58.250000000000000        0.0000000000000000     
   58.750000000000000        0.0000000000000000     
   59.250000000000000        0.0000000000000000     
   59.750000000000000        0.0000000000000000     
   60.250000000000000        0.0000000000000000     
   60.750000000000000        0.0000000000000000     
   61.250000000000000        0.0000000000000000     
   61.750000000000000        0.0000000000000000     
   62.250000000000000        0.0000000000000000     
   62.750000000000000        0.0000000000000000     
   63.250000000000000        0.0000000000000000     
   63.750000000000000        0.0000000000000000     
   64.250000000000000        0.0000000000000000     
   64.750000000000000        0.0000000000000000     
   65.250000000000000        0.0000000000000000     
   65.750000000000000        0.0000000000000000     
   66.250000000000000        0.0000000000000000     
   66.750000000000000        0.0000000000000000     
   67.250000000000000        0.0000000000000000     
   67.750000000000000        0.0000000000000000     
   68.250000000000000        0.0000000000000000     
   68.750000000000000        0.0000000000000000     
   69.250000000000000        0.0000000000000000     
   69.750000000000000        0.0000000000000000     
   70.250000000000000        0.0000000000000000     
   70.750000000000000        0.0000000000000000     
   71.250000000000000        0.0000000000000000     
   71.750000000000000        0.0000000000000000     
   72.250000000000000        0.0000000000000000     
   72.750000000000000        0.0000000000000000     
   73.250000000000000        0.0000000000000000     
   73.750000000000000        0.0000000000000000     
   74.250000000000000        0.0000000000000000     
   74.750000000000000        0.0000000000000000     
   75.250000000000000        0.0000000000000000     
   75.750000000000000        0.0000000000000000     
   76.250000000000000        0.0000000000000000     
   76.750000000000000        0.0000000000000000     
   77.250000000000000        0.0000000000000000     
   77.750000000000000        0.0000000000000000     
   78.250000000000000        0.0000000000000000     
   78.750000000000000        0.0000000000000000     
   79.250000000000000        0.0000000000000000     
   79.750000000000000        0.0000000000000000     
   80.250000000000000        0.0000000000000000     
   80.750000000000000        0.0000000000000000     
   81.250000000000000        0.0000000000000000     
   81.750000000000000        0.0000000000000000     
   82.250000000000000        0.0000000000000000     
   82.750000000000000        0.0000000000000000     
   83.250000000000000        0.0000000000000000     
   83.750000000000000        0.0000000000000000     
   84.250000000000000        0.0000000000000000     
   84.750000000000000        0.0000000000000000     
   85.250000000000000        0.0000000000000000     
   85.750000000000000        0.0000000000000000     
   86.250000000000000        0.0000000000000000     
   86.750000000000000        0.0000000000000000     
   87.250000000000000        0.0000000000000000     
   87.750000000000000        0.0000000000000000     
   88.250000000000000        0.0000000000000000     
   88.750000000000000        0.0000000000000000     
   89.250000000000000        0.0000000000000000     
   89.750000000000000        0.0000000000000000     
