  -10.750000000000000      -1.76438197853702884E-004
  -10.250000000000000      -1.76438197853702884E-004
  -9.7500000000000000       4.16879255507823440E-004
  -9.2500000000000000      -4.06514253414006431E-004
  -8.7500000000000000       2.20588182294066963E-004
  -8.2500000000000000      -5.27844388491029463E-005
  -7.7500000000000000      -7.96342976616742568E-005
  -7.2500000000000000       3.16596355942739844E-004
  -6.7500000000000000      -5.15355421588976404E-004
  -6.2500000000000000       3.05862731071276928E-004
  -5.7500000000000000       1.54916568473368428E-004
  -5.2500000000000000      -2.68768641711768696E-004
  -4.7500000000000000       1.27374336846360271E-004
  -4.2500000000000000      -2.73887380945480566E-004
  -3.7500000000000000       3.12252722275973790E-004
  -3.2500000000000000       8.93810661860951010E-005
  -2.7500000000000000       1.16569709944408669E-004
  -2.2500000000000000      -2.90540518656285936E-004
  -1.7500000000000000      -8.34232693861181149E-004
  -1.2500000000000000      -1.69510023209270167E-004
 -0.75000000000000000      -1.07411930218534869E-004
 -0.25000000000000000       2.18584755419039007E-003
  0.25000000000000000       4.57670678873232928E-003
  0.75000000000000000       7.68886158095914447E-003
   1.2500000000000000       1.32621577780018315E-002
   1.7500000000000000       1.80668837803510153E-002
   2.2500000000000000       2.45212182236720783E-002
   2.7500000000000000       3.15710242527861146E-002
   3.2500000000000000       3.87135979543939551E-002
   3.7500000000000000       4.66662870443152744E-002
   4.2500000000000000       5.40740832100065072E-002
   4.7500000000000000       6.18797322743310507E-002
   5.2500000000000000       6.91447123860828572E-002
   5.7500000000000000       7.60585545768386606E-002
   6.2500000000000000       8.24195970235756803E-002
   6.7500000000000000       8.75792164147679991E-002
   7.2500000000000000       9.21996982148018396E-002
   7.7500000000000000       9.57520559353658290E-002
   8.2500000000000000       9.78552287345000604E-002
   8.7500000000000000       9.91406578239336506E-002
   9.2500000000000000       9.91059891594553155E-002
   9.7500000000000000       9.79312786769863247E-002
   10.250000000000000       9.50654241541913220E-002
   10.750000000000000       9.21128122445192266E-002
   11.250000000000000       8.74289879693863070E-002
   11.750000000000000       8.11888215965537036E-002
   12.250000000000000       7.57165001629531570E-002
   12.750000000000000       6.86365330764740766E-002
   13.250000000000000       6.09702572214920815E-002
   13.750000000000000       5.37957783742789991E-002
   14.250000000000000       4.52282575470273548E-002
   14.750000000000000       3.83227329085959398E-002
   15.250000000000000       3.12593158467871501E-002
   15.750000000000000       2.37295562079797608E-002
   16.250000000000000       1.75678356093033963E-002
   16.750000000000000       1.20994404016820760E-002
   17.250000000000000       7.88038873918956405E-003
   17.750000000000000       4.84639668967770231E-003
   18.250000000000000       2.76223427082486787E-003
   18.750000000000000       8.77091141476581625E-004
   19.250000000000000       3.55665520189615318E-005
   19.750000000000000      -9.55708938152388990E-005
   20.250000000000000       1.60173330634643145E-004
   20.750000000000000       2.17926363060433640E-003
   21.250000000000000       4.54062040666093104E-003
   21.750000000000000       7.84274173763514770E-003
   22.250000000000000       1.30505901824888929E-002
   22.750000000000000       1.82937573115655935E-002
   23.250000000000000       2.43492564619082370E-002
   23.750000000000000       3.16246710003840886E-002
   24.250000000000000       3.88106477540303418E-002
   24.750000000000000       4.64456572628724890E-002
   25.250000000000000       5.43275454625782445E-002
   25.750000000000000       6.17133297523774701E-002
   26.250000000000000       6.91424802390959575E-002
   26.750000000000000       7.62108203123517403E-002
   27.250000000000000       8.22381645577292819E-002
   27.750000000000000       8.76489317945525204E-002
   28.250000000000000       9.22845510816107661E-002
   28.750000000000000       9.56134815703435781E-002
   29.250000000000000       9.79022078773700843E-002
   29.750000000000000       9.92023821242352805E-002
   30.250000000000000       9.90982949848489419E-002
   30.750000000000000       9.77234095684377801E-002
   31.250000000000000       9.54052715590975320E-002
   31.750000000000000       9.19494030374668481E-002
   32.250000000000000       8.72199778224270195E-002
   32.750000000000000       8.16030300245740858E-002
   33.250000000000000       7.54341876803574229E-002
   33.750000000000000       6.86423383724533154E-002
   34.250000000000000       6.11884658841776452E-002
   34.750000000000000       5.33943291515391813E-002
   35.250000000000000       4.56738975889102242E-002
   35.750000000000000       3.81983026438642709E-002
   36.250000000000000       3.09521335457262105E-002
   36.750000000000000       2.40005570130505698E-002
   37.250000000000000       1.76068638807882413E-002
   37.750000000000000       1.21198659593604614E-002
   38.250000000000000       7.78876780670573372E-003
   38.750000000000000       4.65997465934861292E-003
   39.250000000000000       2.59205433202518935E-003
   39.750000000000000       1.33973507907483359E-003
   40.250000000000000       6.43440843265498234E-004
   40.750000000000000       2.87260770891445037E-004
   41.250000000000000       1.19291005270672970E-004
   41.750000000000000       4.61192117854313926E-005
   42.250000000000000       1.66167533001805598E-005
   42.750000000000000       5.58590109345549007E-006
   43.250000000000000       1.75404598450086922E-006
   43.750000000000000       5.15128599989193380E-007
   44.250000000000000       1.41657178052009139E-007
   44.750000000000000       3.65187427630758238E-008
   45.250000000000000       8.83549343675289307E-009
   45.750000000000000       2.00834929573192069E-009
   46.250000000000000       4.29304752722540879E-010
   46.750000000000000       8.63776820484637587E-011
   47.250000000000000       1.63720832918809005E-011
   47.750000000000000       2.92546830849942890E-012
   48.250000000000000       4.93132691070351415E-013
   48.750000000000000       7.84626054939278177E-014
   49.250000000000000       1.17899493308852257E-014
   49.750000000000000       1.67377793755041110E-015
   50.250000000000000       2.24581499514158435E-016
   50.750000000000000       2.84879673460619458E-017
   51.250000000000000       3.41703375261114894E-018
   51.750000000000000       3.87609484670435322E-019
   52.250000000000000       4.15835797276815587E-020
   52.750000000000000       4.21914619226683018E-021
   53.250000000000000       4.04820805326865153E-022
   53.750000000000000       3.67251676561056253E-023
   54.250000000000000       3.14934757205559966E-024
   54.750000000000000       2.55206189476697965E-025
   55.250000000000000       1.95342596046614143E-026
   55.750000000000000       1.41162966301392045E-027
   56.250000000000000       9.62509438899783003E-029
   56.750000000000000       6.18797756325241554E-030
   57.250000000000000       3.74804438200019859E-031
   57.750000000000000       2.13685783062067108E-032
   58.250000000000000       1.14553810987527231E-033
   58.750000000000000       5.76759467367727867E-035
   59.250000000000000       2.72366280752822061E-036
   59.750000000000000       1.20457505754178143E-037
   60.250000000000000       4.98083497717996784E-039
   60.750000000000000       1.92189882103938935E-040
   61.250000000000000       6.90533212445381928E-042
   61.750000000000000       2.30466103959502927E-043
   62.250000000000000       7.12521504926815000E-045
   62.750000000000000       2.03418158922976179E-046
   63.250000000000000       5.34337638588948145E-048
   63.750000000000000       1.28608777940691664E-049
   64.250000000000000       2.82265448361112650E-051
   64.750000000000000       5.61721081877187582E-053
   65.250000000000000       1.00681697409137382E-054
   65.750000000000000       1.61234082238927249E-056
   66.250000000000000       2.28446946017141195E-058
   66.750000000000000       2.82909986617871263E-060
   67.250000000000000       3.01516010778153613E-062
   67.750000000000000       2.70968035954117767E-064
   68.250000000000000       1.99680341271969847E-066
   68.750000000000000       1.15858816803400657E-068
   69.250000000000000       4.96322345077653868E-071
   69.750000000000000       1.39565372060309783E-073
   70.250000000000000       1.93250307477582240E-076
   70.750000000000000        0.0000000000000000     
   71.250000000000000        0.0000000000000000     
   71.750000000000000        0.0000000000000000     
   72.250000000000000        0.0000000000000000     
   72.750000000000000        0.0000000000000000     
   73.250000000000000        0.0000000000000000     
   73.750000000000000        0.0000000000000000     
   74.250000000000000        0.0000000000000000     
   74.750000000000000        0.0000000000000000     
   75.250000000000000        0.0000000000000000     
   75.750000000000000        0.0000000000000000     
   76.250000000000000        0.0000000000000000     
   76.750000000000000        0.0000000000000000     
   77.250000000000000        0.0000000000000000     
   77.750000000000000        0.0000000000000000     
   78.250000000000000        0.0000000000000000     
   78.750000000000000        0.0000000000000000     
   79.250000000000000        0.0000000000000000     
   79.750000000000000        0.0000000000000000     
   80.250000000000000        0.0000000000000000     
   80.750000000000000        0.0000000000000000     
   81.250000000000000        0.0000000000000000     
   81.750000000000000        0.0000000000000000     
   82.250000000000000        0.0000000000000000     
   82.750000000000000        0.0000000000000000     
   83.250000000000000        0.0000000000000000     
   83.750000000000000        0.0000000000000000     
   84.250000000000000        0.0000000000000000     
   84.750000000000000        0.0000000000000000     
   85.250000000000000        0.0000000000000000     
   85.750000000000000        0.0000000000000000     
   86.250000000000000        0.0000000000000000     
   86.750000000000000        0.0000000000000000     
   87.250000000000000        0.0000000000000000     
   87.750000000000000        0.0000000000000000     
   88.250000000000000        0.0000000000000000     
   88.750000000000000        0.0000000000000000     
   89.250000000000000        0.0000000000000000     
   89.750000000000000        0.0000000000000000     
