  -10.750000000000000       1.36604771259426247E-004
  -10.250000000000000       1.36604771259426247E-004
  -9.7500000000000000      -3.16351736429416831E-004
  -9.2500000000000000       2.84268075498028141E-004
  -8.7500000000000000      -7.98779319729865715E-005
  -8.2500000000000000      -1.27033777327672961E-004
  -7.7500000000000000       1.74420177298711954E-004
  -7.2500000000000000      -5.46369551967660000E-005
  -6.7500000000000000      -6.97232156292460631E-005
  -6.2500000000000000       2.76551452036773887E-005
  -5.7500000000000000       1.58269404003927072E-004
  -5.2500000000000000      -2.59196077989995758E-004
  -4.7500000000000000       8.21349855234537350E-005
  -4.2500000000000000       2.76786510169357500E-004
  -3.7500000000000000      -4.92389623446891529E-004
  -3.2500000000000000       3.60992667489248582E-004
  -2.7500000000000000      -1.86431338200376698E-005
  -2.2500000000000000      -2.55905725491968323E-004
  -1.7500000000000000       3.55396566371366754E-004
  -1.2500000000000000      -3.26221574742330950E-004
 -0.75000000000000000       1.66170868928736327E-004
 -0.25000000000000000       9.15189962516082010E-005
  0.25000000000000000      -2.00651000921032145E-004
  0.75000000000000000       1.06589389827515976E-005
   1.2500000000000000       1.52347666344026963E-004
   1.7500000000000000       4.60858330275591677E-005
   2.2500000000000000      -3.08397477574383274E-004
   2.7500000000000000       2.60636575860434603E-004
   3.2500000000000000      -1.61312959551847013E-004
   3.7500000000000000       1.43012017602175907E-004
   4.2500000000000000       1.92748187695195613E-004
   4.7500000000000000      -5.29367221389186811E-004
   5.2500000000000000       2.20993864256286820E-004
   5.7500000000000000       3.06071133943742807E-006
   6.2500000000000000       7.75091062208740217E-005
   6.7500000000000000       5.24763183759460261E-004
   7.2500000000000000      -2.69312877912475314E-004
   7.7500000000000000      -5.93962257039253884E-004
   8.2500000000000000      -7.03189883921864095E-004
   8.7500000000000000      -6.46503326566561214E-004
   9.2500000000000000       2.28517707505836274E-004
   9.7500000000000000       1.67305991955073435E-003
   10.250000000000000       4.67827889246900681E-003
   10.750000000000000       8.12267575119010252E-003
   11.250000000000000       1.28540416548724810E-002
   11.750000000000000       1.83755961528185782E-002
   12.250000000000000       2.45584746659076383E-002
   12.750000000000000       3.16849397868264257E-002
   13.250000000000000       3.89674274780274013E-002
   13.750000000000000       4.65954372488921464E-002
   14.250000000000000       5.42299520480648278E-002
   14.750000000000000       6.19708906498754319E-002
   15.250000000000000       6.95240974068881412E-002
   15.750000000000000       7.57806522519041265E-002
   16.250000000000000       8.26624306699052097E-002
   16.750000000000000       8.79231979287195542E-002
   17.250000000000000       9.17118746829106712E-002
   17.750000000000000       9.61872624239567542E-002
   18.250000000000000       9.79085825076027316E-002
   18.750000000000000       9.89124059044038662E-002
   19.250000000000000       9.92585762150559880E-002
   19.750000000000000       9.76650436552668755E-002
   20.250000000000000       9.55194198781312703E-002
   20.750000000000000       9.18055999101687892E-002
   21.250000000000000       8.68825508199189828E-002
   21.750000000000000       8.16182104454429569E-002
   22.250000000000000       7.56972610606961444E-002
   22.750000000000000       6.83599463440438260E-002
   23.250000000000000       6.07458310362906789E-002
   23.750000000000000       5.34336875656047650E-002
   24.250000000000000       4.55873363146820365E-002
   24.750000000000000       3.83190018051522557E-002
   25.250000000000000       3.09176025189150314E-002
   25.750000000000000       2.33790046319681012E-002
   26.250000000000000       1.74780946772490169E-002
   26.750000000000000       1.21747035022626467E-002
   27.250000000000000       7.87531484343806897E-003
   27.750000000000000       5.25569801072023075E-003
   28.250000000000000       2.63787590643755005E-003
   28.750000000000000       7.23450631323338598E-004
   29.250000000000000       1.47547989957229976E-004
   29.750000000000000      -2.42936240057760745E-004
   30.250000000000000       2.07143065742811496E-004
   30.750000000000000       1.98552758642532665E-003
   31.250000000000000       4.51749124083176013E-003
   31.750000000000000       8.18456921555971509E-003
   32.250000000000000       1.29301129708425007E-002
   32.750000000000000       1.82756780841558421E-002
   33.250000000000000       2.45951220555494614E-002
   33.750000000000000       3.17156531699962080E-002
   34.250000000000000       3.89626322435117217E-002
   34.750000000000000       4.64982525813271777E-002
   35.250000000000000       5.43648297187130647E-002
   35.750000000000000       6.19862595478933021E-002
   36.250000000000000       6.92394577952198109E-002
   36.750000000000000       7.61979590007918345E-002
   37.250000000000000       8.24443267458238593E-002
   37.750000000000000       8.77225471404899648E-002
   38.250000000000000       9.22018325069480643E-002
   38.750000000000000       9.57627295725874267E-002
   39.250000000000000       9.80353011077676750E-002
   39.750000000000000       9.90418340898059635E-002
   40.250000000000000       9.90241653247830311E-002
   40.750000000000000       9.78938045071943985E-002
   41.250000000000000       9.54156847387493262E-002
   41.750000000000000       9.16926657092950459E-002
   42.250000000000000       8.70617866162179538E-002
   42.750000000000000       8.16699872360067969E-002
   43.250000000000000       7.54474526715370741E-002
   43.750000000000000       6.84348461871143038E-002
   44.250000000000000       6.09277509737735021E-002
   44.750000000000000       5.32811264560795056E-002
   45.250000000000000       4.56851090902999357E-002
   45.750000000000000       3.81735579878528519E-002
   46.250000000000000       3.08009900516930876E-002
   46.750000000000000       2.37724029076585783E-002
   47.250000000000000       1.74152114507022011E-002
   47.750000000000000       1.20452724361035275E-002
   48.250000000000000       7.84082915837928593E-003
   48.750000000000000       4.79608677677527146E-003
   49.250000000000000       2.75535755695692801E-003
   49.750000000000000       1.48700280491324572E-003
   50.250000000000000       7.54296082511615599E-004
   50.750000000000000       3.59937029603992441E-004
   51.250000000000000       1.61728122560291133E-004
   51.750000000000000       6.84972126746630011E-005
   52.250000000000000       2.73753335730149213E-005
   52.750000000000000       1.03352504188892706E-005
   53.250000000000000       3.69003374050449730E-006
   53.750000000000000       1.24724251191625358E-006
   54.250000000000000       3.99514573682909912E-007
   54.750000000000000       1.21397209497033112E-007
   55.250000000000000       3.50262323747252318E-008
   55.750000000000000       9.60463136157802363E-009
   56.250000000000000       2.50520457824072552E-009
   56.750000000000000       6.22059471315728100E-010
   57.250000000000000       1.47155357035326157E-010
   57.750000000000000       3.31881754192665654E-011
   58.250000000000000       7.14069130919926369E-012
   58.750000000000000       1.46660254349566608E-012
   59.250000000000000       2.87703686954003073E-013
   59.750000000000000       5.39343164218293047E-014
   60.250000000000000       9.66670915233131334E-015
   60.750000000000000       1.65719816311049642E-015
   61.250000000000000       2.71846262451047189E-016
   61.750000000000000       4.26853656173914668E-017
   62.250000000000000       6.41768252071070742E-018
   62.750000000000000       9.24148268230293271E-019
   63.250000000000000       1.27489396360501514E-019
   63.750000000000000       1.68525170345279132E-020
   64.250000000000000       2.13495111327237280E-021
   64.750000000000000       2.59240460959987190E-022
   65.250000000000000       3.01754564350371700E-023
   65.750000000000000       3.36721668191848837E-024
   66.250000000000000       3.60221696659135495E-025
   66.750000000000000       3.69446194179420767E-026
   67.250000000000000       3.63246509749560854E-027
   67.750000000000000       3.42367369394846442E-028
   68.250000000000000       3.09300658359636923E-029
   68.750000000000000       2.67798840689210771E-030
   69.250000000000000       2.22178636135560779E-031
   69.750000000000000       1.76592483006103285E-032
   70.250000000000000       1.34435100657415092E-033
   70.750000000000000       9.79943446167844023E-035
   71.250000000000000       6.83749387302274444E-036
   71.750000000000000       4.56501095076029240E-037
   72.250000000000000       2.91512815816711493E-038
   72.750000000000000       1.77969706015386619E-039
   73.250000000000000       1.03821471180025274E-040
   73.750000000000000       5.78412987730832568E-042
   74.250000000000000       3.07560958845965015E-043
   74.750000000000000       1.55981427558078877E-044
   75.250000000000000       7.53947111523048881E-046
   75.750000000000000       3.47042132402354089E-047
   76.250000000000000       1.51988387484666693E-048
   76.750000000000000       6.32706747028868997E-050
   77.250000000000000       2.50089341672370579E-051
   77.750000000000000       9.37521096039611910E-053
   78.250000000000000       3.32892039818303460E-054
   78.750000000000000       1.11802326150013150E-055
   79.250000000000000       3.54609623369365842E-057
   79.750000000000000       1.06037729289336598E-058
   80.250000000000000       2.98373347157172574E-060
   80.750000000000000       7.88386542059616398E-062
   81.250000000000000       1.95157283968352565E-063
   81.750000000000000       4.51402683021095501E-065
   82.250000000000000       9.72758919035907416E-067
   82.750000000000000       1.94657614949482496E-068
   83.250000000000000       3.60354548450392790E-070
   83.750000000000000       6.14486199480760866E-072
   84.250000000000000       9.60418248160034116E-074
   84.750000000000000       1.36791792937481605E-075
   85.250000000000000       1.76337976252443464E-077
   85.750000000000000       2.04067396103253650E-079
   86.250000000000000       2.09911949563453867E-081
   86.750000000000000       1.89582740004196050E-083
   87.250000000000000       1.48004609578260249E-085
   87.750000000000000       9.78513053992318071E-088
   88.250000000000000       5.32711796712015554E-090
   88.750000000000000       2.29285333178672368E-092
   89.250000000000000       7.33083753028200814E-095
   89.750000000000000       7.33083753028200814E-095
