  -10.750000000000000      -1.79590404838309841E-005
  -10.250000000000000      -1.79590404838309841E-005
  -9.7500000000000000       5.57710965144326545E-005
  -9.2500000000000000      -9.42239437250783855E-005
  -8.7500000000000000       1.20867755043420561E-004
  -8.2500000000000000      -1.15411248558587866E-004
  -7.7500000000000000       6.23567352996375269E-005
  -7.2500000000000000       3.39136825414372133E-005
  -6.7500000000000000      -1.42084030673960066E-004
  -6.2500000000000000       2.12975995496733508E-004
  -5.7500000000000000      -2.04036398399605782E-004
  -5.2500000000000000       1.07185805060818314E-004
  -4.7500000000000000       3.85424679070136428E-005
  -4.2500000000000000      -1.62921064681160365E-004
  -3.7500000000000000       2.04836473042306378E-004
  -3.2500000000000000      -1.52530725809554553E-004
  -2.7500000000000000       5.25195832932107728E-005
  -2.2500000000000000       2.60318448119391905E-005
  -1.7500000000000000      -4.87330087290229662E-005
  -1.2500000000000000       4.60615567692750576E-005
 -0.75000000000000000      -8.03063596548677364E-005
 -0.25000000000000000       1.68602225886292320E-004
  0.25000000000000000      -2.35847295226518383E-004
  0.75000000000000000       1.64371662460460175E-004
   1.2500000000000000       7.93553782987312366E-005
   1.7500000000000000      -3.59571382002015893E-004
   2.2500000000000000       4.44653052960910437E-004
   2.7500000000000000      -2.14214597201018461E-004
   3.2500000000000000      -1.90168762609471882E-004
   3.7500000000000000       4.54365555532284106E-004
   4.2500000000000000      -3.75658408474120427E-004
   4.7500000000000000       6.04579200050235871E-005
   5.2500000000000000       1.90985003434314047E-004
   5.7500000000000000      -1.98032723588744536E-004
   6.2500000000000000       5.56660143919666345E-005
   6.7500000000000000       3.06091991140999888E-005
   7.2500000000000000       1.18182477225350655E-005
   7.7500000000000000      -1.08343511096297123E-004
   8.2500000000000000       1.87175138721267366E-004
   8.7500000000000000      -2.09389704649423484E-004
   9.2500000000000000       9.48526269364702735E-005
   9.7500000000000000       1.81176421532024579E-004
   10.250000000000000      -4.05512358869519404E-004
   10.750000000000000       2.95529499640667919E-004
   11.250000000000000       7.63861776220486986E-005
   11.750000000000000      -3.23368311687141034E-004
   12.250000000000000       2.98501046533600656E-004
   12.750000000000000      -2.13169986703144569E-004
   13.250000000000000       1.25687422182133821E-004
   13.750000000000000       1.03338963819498515E-004
   14.250000000000000      -2.82555841670430814E-004
   14.750000000000000       1.13986376632019412E-004
   15.250000000000000       1.07185196997473114E-004
   15.750000000000000      -1.72548020769966925E-006
   16.250000000000000      -1.03116270614266815E-004
   16.750000000000000      -2.65431048101838539E-005
   17.250000000000000       3.15302976759795195E-005
   17.750000000000000      -3.97393140065180193E-005
   18.250000000000000       2.76853619412409304E-004
   18.750000000000000      -7.39838000169478838E-005
   19.250000000000000      -3.11840440095229867E-004
   19.750000000000000      -3.90983963981895251E-005
   20.250000000000000      -1.64624053786717310E-005
   20.750000000000000       4.85213739472117021E-004
   21.250000000000000       1.10362045171214721E-004
   21.750000000000000       1.79486445340014996E-004
   22.250000000000000      -2.07112060849216689E-004
   22.750000000000000      -1.03169598212752190E-003
   23.250000000000000      -6.48116692249874841E-004
   23.750000000000000      -1.18289997317160955E-003
   24.250000000000000      -3.33496251611995094E-005
   24.750000000000000       2.24481387201685197E-003
   25.250000000000000       4.12332730780704156E-003
   25.750000000000000       8.26650496949624808E-003
   26.250000000000000       1.31693771262240793E-002
   26.750000000000000       1.82742354179930601E-002
   27.250000000000000       2.48143046271321818E-002
   27.750000000000000       3.19303923923900113E-002
   28.250000000000000       3.90136609591256595E-002
   28.750000000000000       4.66881218791176042E-002
   29.250000000000000       5.46240968904825458E-002
   29.750000000000000       6.20490336906401943E-002
   30.250000000000000       6.95825490659824492E-002
   30.750000000000000       7.63358195833892805E-002
   31.250000000000000       8.22240829403548257E-002
   31.750000000000000       8.81897901128143591E-002
   32.250000000000000       9.24503332562176816E-002
   32.750000000000000       9.53942097272999640E-002
   33.250000000000000       9.81349679651858237E-002
   33.750000000000000       9.92168562696039702E-002
   34.250000000000000       9.90977057470477651E-002
   34.750000000000000       9.78996888312845676E-002
   35.250000000000000       9.49423246446091107E-002
   35.750000000000000       9.15971684172164069E-002
   36.250000000000000       8.74238335432655778E-002
   36.750000000000000       8.14665185851594364E-002
   37.250000000000000       7.50522137907627396E-002
   37.750000000000000       6.82090298274676821E-002
   38.250000000000000       6.06379253331078352E-002
   38.750000000000000       5.33275045619436630E-002
   39.250000000000000       4.58920653931247646E-002
   39.750000000000000       3.78710292342450128E-002
   40.250000000000000       3.02361350031462757E-002
   40.750000000000000       2.33618617396158246E-002
   41.250000000000000       1.72652472575543295E-002
   41.750000000000000       1.23153384968425657E-002
   42.250000000000000       8.29229948785555754E-003
   42.750000000000000       5.00803522025065981E-003
   43.250000000000000       2.68760105263810261E-003
   43.750000000000000       1.02171868677154395E-003
   44.250000000000000      -2.04129373702341909E-004
   44.750000000000000      -4.76393983923431477E-004
   45.250000000000000       3.43229207610871545E-004
   45.750000000000000       1.94163873851265628E-003
   46.250000000000000       4.49887384877422757E-003
   46.750000000000000       8.26212785224609940E-003
   47.250000000000000       1.29711784860401490E-002
   47.750000000000000       1.84591156273304184E-002
   48.250000000000000       2.48126074202710961E-002
   48.750000000000000       3.18133127966845272E-002
   49.250000000000000       3.91105988715975683E-002
   49.750000000000000       4.66873966306818877E-002
   50.250000000000000       5.45204278249851668E-002
   50.750000000000000       6.22242144560029159E-002
   51.250000000000000       6.94603912658178918E-002
   51.750000000000000       7.62366843075223399E-002
   52.250000000000000       8.25211649103818334E-002
   52.750000000000000       8.79847320767937757E-002
   53.250000000000000       9.23476773761674335E-002
   53.750000000000000       9.56506604914759834E-002
   54.250000000000000       9.79915478271271706E-002
   54.750000000000000       9.92311229151178475E-002
   55.250000000000000       9.91434884036151431E-002
   55.750000000000000       9.77216439557001132E-002
   56.250000000000000       9.51696683670210930E-002
   56.750000000000000       9.16433214328171986E-002
   57.250000000000000       8.71288240490003113E-002
   57.750000000000000       8.15905602875623970E-002
   58.250000000000000       7.51573890729237415E-002
   58.750000000000000       6.81191304561749311E-002
   59.250000000000000       6.07647918660758277E-002
   59.750000000000000       5.32540476918616223E-002
   60.250000000000000       4.56390414382385687E-002
   60.750000000000000       3.79887537994613167E-002
   61.250000000000000       3.04905408157117724E-002
   61.750000000000000       2.34498569290703465E-002
   62.250000000000000       1.72012523641900637E-002
   62.750000000000000       1.19984985837515157E-002
   63.250000000000000       7.94586174795262543E-003
   63.750000000000000       4.99276949828304610E-003
   64.250000000000000       2.97690372807305490E-003
   64.750000000000000       1.68514166809641199E-003
   65.250000000000000       9.06349291895809043E-004
   65.750000000000000       4.63601473280200954E-004
   66.250000000000000       2.25744611883496777E-004
   66.750000000000000       1.04750779629832262E-004
   67.250000000000000       4.63667210714539734E-005
   67.750000000000000       1.95973463945435986E-005
   68.250000000000000       7.91678038487607617E-006
   68.750000000000000       3.05958688047746924E-006
   69.250000000000000       1.13220426676362450E-006
   69.750000000000000       4.01514823410993805E-007
   70.250000000000000       1.36565884608553848E-007
   70.750000000000000       4.45839020656639521E-008
   71.250000000000000       1.39805192048420673E-008
   71.750000000000000       4.21381425963326110E-009
   72.250000000000000       1.22156275555571342E-009
   72.750000000000000       3.40808576336460150E-010
   73.250000000000000       9.15610681969568230E-011
   73.750000000000000       2.37003047827743655E-011
   74.250000000000000       5.91375596157389873E-012
   74.750000000000000       1.42314779712885407E-012
   75.250000000000000       3.30454894910010614E-013
   75.750000000000000       7.40690265457541111E-014
   76.250000000000000       1.60324097667706139E-014
   76.750000000000000       3.35245855270619001E-015
   77.250000000000000       6.77462000052713660E-016
   77.750000000000000       1.32345145094313259E-016
   78.250000000000000       2.50016039880850255E-017
   78.750000000000000       4.56867974766346841E-018
   79.250000000000000       8.07781830272499600E-019
   79.750000000000000       1.38225177393388354E-019
   80.250000000000000       2.28966054363942064E-020
   80.750000000000000       3.67230983283924871E-021
   81.250000000000000       5.70397623979187898E-022
   81.750000000000000       8.58153390230316476E-023
   82.250000000000000       1.25075589730509834E-023
   82.750000000000000       1.76630364535688439E-024
   83.250000000000000       2.41713780138949594E-025
   83.750000000000000       3.20576912729566177E-026
   84.250000000000000       4.12100388458271878E-027
   84.750000000000000       5.13514431884760076E-028
   85.250000000000000       6.20317262305465798E-029
   85.750000000000000       7.26462704956398048E-030
   86.250000000000000       8.24843726837115755E-031
   86.750000000000000       9.08037164546001923E-032
   87.250000000000000       9.69210147786093197E-033
   87.750000000000000       1.00303843920368281E-033
   88.250000000000000       1.00647318561577483E-034
   88.750000000000000       9.79910997400716603E-036
   89.250000000000000       1.00802130238392103E-036
   89.750000000000000       1.00802130238392103E-036
