  -10.750000000000000       1.91017874276561829E-005
  -10.250000000000000       1.91017874276561829E-005
  -9.7500000000000000      -5.19777764940626257E-005
  -9.2500000000000000       7.02523864935809724E-005
  -8.7500000000000000      -6.85186453245159620E-005
  -8.2500000000000000       4.69071034979322196E-005
  -7.7500000000000000      -1.14750731741871087E-005
  -7.2500000000000000      -2.69824106508548058E-005
  -6.7500000000000000       5.56868389599206271E-005
  -6.2500000000000000      -6.37380138781921257E-005
  -5.7500000000000000       4.61318247325193071E-005
  -5.2500000000000000      -6.61195626625943680E-006
  -4.7500000000000000      -4.19916689599575762E-005
  -4.2500000000000000       8.07806168090737696E-005
  -3.7500000000000000      -9.09432453381588731E-005
  -3.2500000000000000       6.14411200806336928E-005
  -2.7500000000000000       4.58569472940850687E-006
  -2.2500000000000000      -8.78686728736742929E-005
  -1.7500000000000000       1.57673492179868143E-004
  -1.2500000000000000      -1.82787526465201956E-004
 -0.75000000000000000       1.45373576886653131E-004
 -0.25000000000000000      -5.17453739267731037E-005
  0.25000000000000000      -6.60597724945726351E-005
  0.75000000000000000       1.60957533371084262E-004
   1.2500000000000000      -1.91052144638962740E-004
   1.7500000000000000       1.40798718904496076E-004
   2.2500000000000000      -3.18253464223540472E-005
   2.7500000000000000      -8.44850647251811355E-005
   3.2500000000000000       1.51463612838855302E-004
   3.7500000000000000      -1.36900916726308654E-004
   4.2500000000000000       5.08937409101258291E-005
   4.7500000000000000       6.04529365750276391E-005
   5.2500000000000000      -1.43277585104822181E-004
   5.7500000000000000       1.68335455443678953E-004
   6.2500000000000000      -1.44575097262815671E-004
   6.7500000000000000       1.03140857456625497E-004
   7.2500000000000000      -6.44661209787747571E-005
   7.7500000000000000       1.81470748642765492E-005
   8.2500000000000000       6.15632754796688683E-005
   8.7500000000000000      -1.73043608734600545E-004
   9.2500000000000000       2.58088666581313868E-004
   9.7500000000000000      -2.27367940965727205E-004
   10.250000000000000       3.80245422287660111E-005
   10.750000000000000       2.37420971204982010E-004
   11.250000000000000      -4.27626281904717196E-004
   11.750000000000000       3.81116470557611188E-004
   12.250000000000000      -1.03768420455395882E-004
   12.750000000000000      -2.14651082429999975E-004
   13.250000000000000       3.38949631452900666E-004
   13.750000000000000      -1.91385915000106822E-004
   14.250000000000000      -7.00224608552224071E-005
   14.750000000000000       1.94031798182706344E-004
   15.250000000000000      -8.02456245641769623E-005
   15.750000000000000      -1.18998603440802482E-004
   16.250000000000000       1.57391767843882929E-004
   16.750000000000000       4.15179050109372872E-005
   17.250000000000000      -2.97704184616763698E-004
   17.750000000000000       3.61321092003314640E-004
   18.250000000000000      -1.64202969718747803E-004
   18.750000000000000      -1.35373241546690764E-004
   19.250000000000000       3.29650893372372461E-004
   19.750000000000000      -3.28850259117550547E-004
   20.250000000000000       1.63463341308696044E-004
   20.750000000000000       8.38090592399058512E-005
   21.250000000000000      -2.87416000404995293E-004
   21.750000000000000       3.00900858720732213E-004
   22.250000000000000      -9.41744889484435110E-005
   22.750000000000000      -1.49406261631748288E-004
   23.250000000000000       2.04383909270796119E-004
   23.750000000000000      -8.32181146142317628E-005
   24.250000000000000       3.70816011738152098E-006
   24.750000000000000      -5.74722812287997232E-005
   25.250000000000000       1.03922762167868584E-004
   25.750000000000000      -5.17400364128328617E-005
   26.250000000000000      -4.24011267260572902E-006
   26.750000000000000       3.65254664119460729E-005
   27.250000000000000      -1.64222416650190939E-004
   27.750000000000000       3.19737187145116141E-004
   28.250000000000000      -2.27057417603431264E-004
   28.750000000000000      -8.48821970203875176E-005
   29.250000000000000       2.33645354210230147E-004
   29.750000000000000      -1.44903581747170284E-004
   30.250000000000000       1.37128094725585373E-004
   30.750000000000000      -2.17134706574648737E-004
   31.250000000000000       8.68094090582722285E-005
   31.750000000000000       1.65837224894022599E-004
   32.250000000000000      -2.62988435930577955E-004
   32.750000000000000       2.69799190967347658E-004
   33.250000000000000      -1.61780866678010215E-004
   33.750000000000000      -2.14524992157347769E-004
   34.250000000000000       4.04207358961511571E-004
   34.750000000000000      -7.23681290033868665E-005
   35.250000000000000      -1.44425125452076245E-004
   35.750000000000000       8.28811576128083653E-005
   36.250000000000000      -2.24311404765662110E-004
   36.750000000000000       4.78273425447608004E-005
   37.250000000000000       4.55139982507992953E-004
   37.750000000000000      -1.33061313399544183E-004
   38.250000000000000      -3.02980499318501587E-004
   38.750000000000000       1.19714107661207721E-004
   39.250000000000000      -2.75443932393706838E-004
   39.750000000000000      -1.18055894561182447E-004
   40.250000000000000       5.16720731844398260E-004
   40.750000000000000       2.91561410057251686E-004
   41.250000000000000       3.27975759962155749E-004
   41.750000000000000       6.89511517204499354E-005
   42.250000000000000      -7.86185963089883568E-004
   42.750000000000000      -9.69284611135780598E-004
   43.250000000000000      -1.32690117515814332E-003
   43.750000000000000      -1.30978615012892303E-003
   44.250000000000000       1.19998857833100736E-004
   44.750000000000000       1.72378484988949462E-003
   45.250000000000000       4.25851222722872444E-003
   45.750000000000000       8.49433552354191164E-003
   46.250000000000000       1.31428002581796960E-002
   46.750000000000000       1.85659313936544154E-002
   47.250000000000000       2.50402436411930537E-002
   47.750000000000000       3.18496713072112941E-002
   48.250000000000000       3.94053461423018656E-002
   48.750000000000000       4.72195858922417472E-002
   49.250000000000000       5.45330211372236015E-002
   49.750000000000000       6.22136218345023806E-002
   50.250000000000000       6.99667545502792448E-002
   50.750000000000000       7.66072997453522558E-002
   51.250000000000000       8.25256880079722199E-002
   51.750000000000000       8.79771396951290335E-002
   52.250000000000000       9.24305706754525308E-002
   52.750000000000000       9.59104170252801647E-002
   53.250000000000000       9.82597285069402998E-002
   53.750000000000000       9.91101792080533867E-002
   54.250000000000000       9.88302674714446050E-002
   54.750000000000000       9.76649168486331820E-002
   55.250000000000000       9.53188085585075506E-002
   55.750000000000000       9.17244721428880777E-002
   56.250000000000000       8.69207126162814397E-002
   56.750000000000000       8.10545408689410940E-002
   57.250000000000000       7.47140472851635096E-002
   57.750000000000000       6.81369100441983067E-002
   58.250000000000000       6.09260914223865024E-002
   58.750000000000000       5.31249916796802599E-002
   59.250000000000000       4.52577558587155121E-002
   59.750000000000000       3.74772554773748906E-002
   60.250000000000000       2.98959495557378462E-002
   60.750000000000000       2.30669414362810916E-002
   61.250000000000000       1.73233908400065723E-002
   61.750000000000000       1.24717761841791203E-002
   62.250000000000000       8.39971564901817805E-003
   62.750000000000000       5.17715569413960096E-003
   63.250000000000000       2.68055643750735560E-003
   63.750000000000000       7.92841125494328871E-004
   64.250000000000000      -3.06200711715366670E-004
   64.750000000000000      -4.63135428135793138E-004
   65.250000000000000       2.39539248040772043E-004
   65.750000000000000       1.82797399812854714E-003
   66.250000000000000       4.53526313913724718E-003
   66.750000000000000       8.39725723518590199E-003
   67.250000000000000       1.31540644219608864E-002
   67.750000000000000       1.86444893003513690E-002
   68.250000000000000       2.49331600397121253E-002
   68.750000000000000       3.19672970242671772E-002
   69.250000000000000       3.94260862801403267E-002
   69.750000000000000       4.70161617671668794E-002
   70.250000000000000       5.46723291801124861E-002
   70.750000000000000       6.23448273988814333E-002
   71.250000000000000       6.97689876857057467E-002
   71.750000000000000       7.65943736586244261E-002
   72.250000000000000       8.26492325402842370E-002
   72.750000000000000       8.79416400953859229E-002
   73.250000000000000       9.24305479170246247E-002
   73.750000000000000       9.59141369727558313E-002
   74.250000000000000       9.81723350567152570E-002
   74.750000000000000       9.91486609363023408E-002
   75.250000000000000       9.89415870924223728E-002
   75.750000000000000       9.76435758883288374E-002
   76.250000000000000       9.52368713829946090E-002
   76.750000000000000       9.16557816743886200E-002
   77.250000000000000       8.69264252757448452E-002
   77.750000000000000       8.12287851661746274E-002
   78.250000000000000       7.48273160710897223E-002
   78.750000000000000       6.79475948942398905E-002
   79.250000000000000       6.07108008386724740E-002
   79.750000000000000       5.31702825928069070E-002
   80.250000000000000       4.54068032261103482E-002
   80.750000000000000       3.76039662874904645E-002
   81.250000000000000       3.00533262383749500E-002
   81.750000000000000       2.30923548191310918E-002
   82.250000000000000       1.70159372834747212E-002
   82.750000000000000       1.20063911160517758E-002
   83.250000000000000       8.10692166560331683E-003
   83.750000000000000       5.23799068670233181E-003
   84.250000000000000       3.23961789954602033E-003
   84.750000000000000       1.91916114731885065E-003
   85.250000000000000       1.08981744085598809E-003
   85.750000000000000       5.93736309316168689E-004
   86.250000000000000       3.10614172050500980E-004
   86.750000000000000       1.56184960533739401E-004
   87.250000000000000       7.55621763236714492E-005
   87.750000000000000       3.52398075986405356E-005
   88.250000000000000       1.59545350025685429E-005
   88.750000000000000       7.27935693543760039E-006
   89.250000000000000       4.00326919357623547E-006
   89.750000000000000       4.00326919357623547E-006
