  -10.750000000000000       2.65170471770521958E-005
  -10.250000000000000       2.65170471770521958E-005
  -9.7500000000000000      -7.52368336205664793E-005
  -9.2500000000000000       1.11133589288315242E-004
  -8.7500000000000000      -1.26392520854661937E-004
  -8.2500000000000000       1.15274193921742130E-004
  -7.7500000000000000      -7.62583010942735921E-005
  -7.2500000000000000       1.42565883080385971E-005
  -6.7500000000000000       5.82956810851892608E-005
  -6.2500000000000000      -1.22712762181454208E-004
  -5.7500000000000000       1.58350560258193083E-004
  -5.2500000000000000      -1.49373838481787346E-004
  -4.7500000000000000       9.19927815106377078E-005
  -4.2500000000000000       9.20759521263697189E-007
  -3.7500000000000000      -1.00893584311650955E-004
  -3.2500000000000000       1.72014974241512344E-004
  -2.7500000000000000      -1.84594966776337616E-004
  -2.2500000000000000       1.29347399594783512E-004
  -1.7500000000000000      -2.52094576863913587E-005
  -1.2500000000000000      -8.48739694837175203E-005
 -0.75000000000000000       1.51010329098254107E-004
 -0.25000000000000000      -1.40125100670887619E-004
  0.25000000000000000       5.48078553147614863E-005
  0.75000000000000000       6.44050932181597174E-005
   1.2500000000000000      -1.57641237868811485E-004
   1.7500000000000000       1.77412499997585898E-004
   2.2500000000000000      -1.15647267536096032E-004
   2.7500000000000000       8.11647576148225459E-006
   3.2500000000000000       8.89255191542250684E-005
   3.7500000000000000      -1.35635599613500939E-004
   4.2500000000000000       1.32327299295084873E-004
   4.7500000000000000      -1.10242364898017895E-004
   5.2500000000000000       9.51063891732446495E-005
   5.7500000000000000      -7.56478189679789931E-005
   6.2500000000000000       1.16149694492469679E-005
   6.7500000000000000       1.16087624866058543E-004
   7.2500000000000000      -2.55904559557220974E-004
   7.7500000000000000       2.95456259120879794E-004
   8.2500000000000000      -1.47266966730835258E-004
   8.7500000000000000      -1.50147838025909027E-004
   9.2500000000000000       4.17541533214176757E-004
   9.7500000000000000      -4.53949700815299605E-004
   10.250000000000000       2.11386762467711891E-004
   10.750000000000000       1.35535633257839337E-004
   11.250000000000000      -3.19360184553657816E-004
   11.750000000000000       2.15989443023085917E-004
   12.250000000000000       3.66475430005569567E-005
   12.750000000000000      -1.73392476497632715E-004
   13.250000000000000       7.05891231088453137E-005
   13.750000000000000       1.30103673519744572E-004
   14.250000000000000      -1.81772283084104112E-004
   14.750000000000000       2.04959065003973559E-006
   15.250000000000000       2.47634639548256687E-004
   15.750000000000000      -3.46049997860199275E-004
   16.250000000000000       2.24981899588482149E-004
   16.750000000000000       1.85683523758794003E-005
   17.250000000000000      -2.51233163769385109E-004
   17.750000000000000       3.69538907036210014E-004
   18.250000000000000      -2.91455194003628626E-004
   18.750000000000000       2.09365240079793596E-005
   19.250000000000000       2.59245825463953121E-004
   19.750000000000000      -3.05716556854557350E-004
   20.250000000000000       1.03454425035102548E-004
   20.750000000000000       9.45369613891078266E-005
   21.250000000000000      -1.09462905930640404E-004
   21.750000000000000       5.35225028042753747E-005
   22.250000000000000      -7.12188848894780254E-005
   22.750000000000000       8.77262489865220671E-005
   23.250000000000000      -3.09974689355275564E-005
   23.750000000000000       3.42285462992037145E-005
   24.250000000000000      -1.23710742103050661E-004
   24.750000000000000       4.53287904058992299E-005
   25.250000000000000       2.40980599829043220E-004
   25.750000000000000      -3.49646267005997288E-004
   26.250000000000000       1.39755735343272635E-004
   26.750000000000000       2.62474065320499614E-005
   27.250000000000000      -2.46340916313522403E-005
   27.750000000000000       1.22911140108010605E-004
   28.250000000000000      -2.58860838079873266E-004
   28.750000000000000       2.05218000551205605E-004
   29.250000000000000      -1.39092158843170770E-004
   29.750000000000000       5.02128324647307207E-005
   30.250000000000000       3.19280583823434170E-004
   30.750000000000000      -4.69889867457555358E-004
   31.250000000000000       3.71268263202132191E-005
   31.750000000000000       1.77514079216486704E-004
   32.250000000000000      -1.06189956706133500E-004
   32.750000000000000       3.37693131150180363E-004
   33.250000000000000      -7.41569886932348394E-005
   33.750000000000000      -4.75835345507596465E-004
   34.250000000000000       5.17366714052547240E-005
   34.750000000000000       1.17646325027377617E-004
   35.250000000000000      -7.71936809114817440E-005
   35.750000000000000       5.20714039916136615E-004
   36.250000000000000       5.00862473767888557E-004
   36.750000000000000      -2.54075023403277454E-004
   37.250000000000000      -3.98447404663699266E-004
   37.750000000000000      -9.79009627368479084E-004
   38.250000000000000      -1.44929281586158535E-003
   38.750000000000000      -8.58205694861304902E-004
   39.250000000000000      -1.71052670453387566E-004
   39.750000000000000       1.68687014683909431E-003
   40.250000000000000       4.72730133372232901E-003
   40.750000000000000       8.05110810809423275E-003
   41.250000000000000       1.30343601326433044E-002
   41.750000000000000       1.89188524351940369E-002
   42.250000000000000       2.47443051388468518E-002
   42.750000000000000       3.18160907358958148E-002
   43.250000000000000       3.94390335773730366E-002
   43.750000000000000       4.69077125545408341E-002
   44.250000000000000       5.47650283182362987E-002
   44.750000000000000       6.22460463850224646E-002
   45.250000000000000       6.94544232837867037E-002
   45.750000000000000       7.67370998776835955E-002
   46.250000000000000       8.27768122679643781E-002
   46.750000000000000       8.76946083530159570E-002
   47.250000000000000       9.23750557401110117E-002
   47.750000000000000       9.59732237959637080E-002
   48.250000000000000       9.81189575819990528E-002
   48.750000000000000       9.92165465542128311E-002
   49.250000000000000       9.89664949085513335E-002
   49.750000000000000       9.75121572265297276E-002
   50.250000000000000       9.52685633174254476E-002
   50.750000000000000       9.18137916936178494E-002
   51.250000000000000       8.69837165834884407E-002
   51.750000000000000       8.12211277359091988E-002
   52.250000000000000       7.47840950696626872E-002
   52.750000000000000       6.79711554569883691E-002
   53.250000000000000       6.09415154815148991E-002
   53.750000000000000       5.33565652865498063E-002
   54.250000000000000       4.53089003919493888E-002
   54.750000000000000       3.74752429158466197E-002
   55.250000000000000       3.00883386851376541E-002
   55.750000000000000       2.31732260313342042E-002
   56.250000000000000       1.72036131326520833E-002
   56.750000000000000       1.24168735725574304E-002
   57.250000000000000       8.45350500332076038E-003
   57.750000000000000       5.14111412393179236E-003
   58.250000000000000       2.63296256076790778E-003
   58.750000000000000       8.69651042930626433E-004
   59.250000000000000      -2.46847938317904404E-004
   59.750000000000000      -5.08193708673022816E-004
   60.250000000000000       2.45159735555877168E-004
   60.750000000000000       1.91618918006698129E-003
   61.250000000000000       4.53205527112473389E-003
   61.750000000000000       8.28540508557157676E-003
   62.250000000000000       1.31069979563023190E-002
   62.750000000000000       1.86859421661081729E-002
   63.250000000000000       2.49069214430869199E-002
   63.750000000000000       3.18393762538929787E-002
   64.250000000000000       3.93354310559139719E-002
   64.750000000000000       4.70188224205180319E-002
   65.250000000000000       5.46582481214177227E-002
   65.750000000000000       6.22398065412835058E-002
   66.250000000000000       6.96526354685952365E-002
   66.750000000000000       7.65625865127009531E-002
   67.250000000000000       8.26711829942514131E-002
   67.750000000000000       8.79215498673295848E-002
   68.250000000000000       9.23504047451187415E-002
   68.750000000000000       9.58476733655571067E-002
   69.250000000000000       9.81769028114270748E-002
   69.750000000000000       9.91966774247232397E-002
   70.250000000000000       9.89671747326956175E-002
   70.750000000000000       9.76252096798523594E-002
   71.250000000000000       9.52148297152083101E-002
   71.750000000000000       9.16796133128060242E-002
   72.250000000000000       8.70022720643492120E-002
   72.750000000000000       8.13186555767262398E-002
   73.250000000000000       7.48892694466865849E-002
   73.750000000000000       6.79717455229762457E-002
   74.250000000000000       6.07219944131131353E-002
   74.750000000000000       5.32034334776649090E-002
   75.250000000000000       4.54799151548225741E-002
   75.750000000000000       3.77079703852783443E-002
   76.250000000000000       3.01606352432404884E-002
   76.750000000000000       2.31737032461289197E-002
   77.250000000000000       1.70537844645413245E-002
   77.750000000000000       1.19992257205131497E-002
   78.250000000000000       8.06558182613205041E-003
   78.750000000000000       5.17851468068412663E-003
   79.250000000000000       3.17686162225887464E-003
   79.750000000000000       1.86328473938713116E-003
   80.250000000000000       1.04565589717268590E-003
   80.750000000000000       5.61965072920252184E-004
   81.250000000000000       2.89495315225196496E-004
   81.750000000000000       1.43083522118572646E-004
   82.250000000000000       6.79128426506006328E-005
   82.750000000000000       3.09824173061107444E-005
   83.250000000000000       1.35972812911623468E-005
   83.750000000000000       5.74537445292006259E-006
   84.250000000000000       2.33912447361073566E-006
   84.750000000000000       9.18289278666257826E-007
   85.250000000000000       3.47858720204326907E-007
   85.750000000000000       1.27237064741573094E-007
   86.250000000000000       4.49662627504386446E-008
   86.750000000000000       1.53632562325014241E-008
   87.250000000000000       5.07754651389402312E-009
   87.750000000000000       1.62435530533659699E-009
   88.250000000000000       5.03953946162113382E-010
   88.750000000000000       1.54342630123935191E-010
   89.250000000000000       5.62876292065784722E-011
   89.750000000000000       5.62876292065784722E-011
