  -10.500000000000000        0.0000000000000000     
  -10.000000000000000       3.21864298934437744E-004
  -9.5000000000000000      -3.69365459093951519E-004
  -9.0000000000000000       5.83022766245360879E-005
  -8.5000000000000000       1.39126872130165174E-004
  -8.0000000000000000      -3.05718222244325986E-005
  -7.5000000000000000       2.83908408230468831E-004
  -7.0000000000000000      -3.64996100661467144E-004
  -6.5000000000000000      -7.23614409982911364E-004
  -6.0000000000000000      -1.67626939998686837E-004
  -5.5000000000000000       6.70864699117984823E-004
  -5.0000000000000000       2.33509354846696488E-003
  -4.5000000000000000       5.40714279030476887E-003
  -4.0000000000000000       9.33408308308964624E-003
  -3.5000000000000000       1.36197301728142837E-002
  -3.0000000000000000       2.00731553903446686E-002
  -2.5000000000000000       2.62823244486644902E-002
  -2.0000000000000000       3.27758376385470090E-002
  -1.5000000000000000       4.10679092742810697E-002
  -1.0000000000000000       4.82388658257171810E-002
 -0.50000000000000000       5.60274213593383932E-002
   0.0000000000000000       6.37767224496408464E-002
  0.50000000000000000       7.06948612454827430E-002
   1.0000000000000000       7.78016574874927647E-002
   1.5000000000000000       8.36407229247172201E-002
   2.0000000000000000       8.89108050366806957E-002
   2.5000000000000000       9.31292552724513334E-002
   3.0000000000000000       9.62245436264262954E-002
   3.5000000000000000       9.85034279925210143E-002
   4.0000000000000000       9.91354215054189442E-002
   4.5000000000000000       9.88327457851166380E-002
   5.0000000000000000       9.74740113952037163E-002
   5.5000000000000000       9.45480531359530751E-002
   6.0000000000000000       9.07435811947672200E-002
   6.5000000000000000       8.61322283864889016E-002
   7.0000000000000000       8.03008506267653965E-002
   7.5000000000000000       7.35550822515549096E-002
   8.0000000000000000       6.67779619954360359E-002
   8.5000000000000000       5.97875385573574947E-002
   9.0000000000000000       5.11864954925342966E-002
   9.5000000000000000       4.38937597686812758E-002
   10.000000000000000       3.64536672397753198E-002
   10.500000000000000       2.89651839586369184E-002
   11.000000000000000       2.28766493901699300E-002
   11.500000000000000       1.59838403538671431E-002
   12.000000000000000       1.06503290505708462E-002
   12.500000000000000       7.38006575336231426E-003
   13.000000000000000       3.86080820717337684E-003
   13.500000000000000       2.24301520942684490E-003
   14.000000000000000       8.16704912758808225E-004
   14.500000000000000      -1.81925122710552511E-004
   15.000000000000000      -1.04563855990991096E-004
   15.500000000000000       7.61662265499013372E-004
   16.000000000000000       2.50013862035059972E-003
   16.500000000000000       5.27621581674380356E-003
   17.000000000000000       9.32783933788332992E-003
   17.500000000000000       1.37913606204999300E-002
   18.000000000000000       1.98623262426865996E-002
   18.500000000000000       2.63844307975698855E-002
   19.000000000000000       3.28558671916077544E-002
   19.500000000000000       4.08426102625104315E-002
   20.000000000000000       4.84971771033274740E-002
   20.500000000000000       5.58595745365112334E-002
   21.000000000000000       6.37767224637763863E-002
   21.500000000000000       7.08627081536731818E-002
   22.000000000000000       7.75433466663540127E-002
   22.500000000000000       8.38660242707349179E-002
   23.000000000000000       8.88307866109560584E-002
   23.500000000000000       9.30271982840818745E-002
   24.000000000000000       9.64355762856020371E-002
   24.500000000000000       9.83325764221028020E-002
   25.000000000000000       9.91444286810266723E-002
   25.500000000000000       9.89727499273837241E-002
   26.000000000000000       9.73365349151537329E-002
   26.500000000000000       9.45345819415410182E-002
   27.000000000000000       9.08806235585632588E-002
   27.500000000000000       8.60679590872165390E-002
   28.000000000000000       8.01689488654701993E-002
   28.500000000000000       7.37237268720578459E-002
   29.000000000000000       6.68639867863631693E-002
   29.500000000000000       5.94114706060732412E-002
   30.000000000000000       5.15548486683583065E-002
   30.500000000000000       4.37790995449479359E-002
   31.000000000000000       3.63487642790260648E-002
   31.500000000000000       2.92352301612027188E-002
   32.000000000000000       2.24498821304861713E-002
   32.500000000000000       1.62385455892278090E-002
   33.000000000000000       1.09603799497703172E-002
   33.500000000000000       6.86487092994789334E-003
   34.000000000000000       3.97740482032493681E-003
   34.500000000000000       2.12775142169936531E-003
   35.000000000000000       1.04979925212510370E-003
   35.500000000000000       4.77419988000031916E-004
   36.000000000000000       2.00105447803703037E-004
   36.500000000000000       7.73263719689059649E-005
   37.000000000000000       2.75685918336261650E-005
   37.500000000000000       9.07716870604331629E-006
   38.000000000000000       2.76343040142821300E-006
   38.500000000000000       7.78877267458351957E-007
   39.000000000000000       2.03511517505777664E-007
   39.500000000000000       4.93605352455246313E-008
   40.000000000000000       1.11273300977604684E-008
   40.500000000000000       2.33420071422027644E-009
   41.000000000000000       4.56138183407533514E-010
   41.500000000000000       8.31179587599284412E-011
   42.000000000000000       1.41356010291172045E-011
   42.500000000000000       2.24535755199922187E-012
   43.000000000000000       3.33341078340452517E-013
   43.500000000000000       4.62757808624770534E-014
   44.000000000000000       6.00978516456748439E-015
   44.500000000000000       7.30352040592990936E-016
   45.000000000000000       8.30711987160526090E-017
   45.500000000000000       8.84380231815763762E-018
   46.000000000000000       8.81193106452801659E-019
   46.500000000000000       8.21611493219852218E-020
   47.000000000000000       7.16621910341045208E-021
   47.500000000000000       5.84452712770220461E-022
   48.000000000000000       4.45442662148510273E-023
   48.500000000000000       3.17030455380161867E-024
   49.000000000000000       2.10519414449627334E-025
   49.500000000000000       1.30288647174338332E-026
   50.000000000000000       7.50593178203247138E-028
   50.500000000000000       4.01936349069146677E-029
   51.000000000000000       1.99726592863848357E-030
   51.500000000000000       9.19177359801985695E-032
   52.000000000000000       3.90911362255465191E-033
   52.500000000000000       1.53234264943024118E-034
   53.000000000000000       5.52005033965574355E-036
   53.500000000000000       1.82115760873825149E-037
   54.000000000000000       5.48067760587114226E-039
   54.500000000000000       1.49752270449866278E-040
   55.000000000000000       3.69463876188598212E-042
   55.500000000000000       8.17675586246635838E-044
   56.000000000000000       1.61052504593709879E-045
   56.500000000000000       2.79596317695140636E-047
   57.000000000000000       4.22704627997980664E-049
   57.500000000000000       5.48022433242519515E-051
   58.000000000000000       5.97047664831335472E-053
   58.500000000000000       5.31591461410548706E-055
   59.000000000000000       3.71462769765131183E-057
   59.500000000000000       1.91040938508827505E-059
   60.000000000000000       6.42967385392381481E-062
   60.500000000000000       1.06240480071444477E-064
   61.000000000000000        0.0000000000000000     
   61.500000000000000        0.0000000000000000     
   62.000000000000000        0.0000000000000000     
   62.500000000000000        0.0000000000000000     
   63.000000000000000        0.0000000000000000     
   63.500000000000000        0.0000000000000000     
   64.000000000000000        0.0000000000000000     
   64.500000000000000        0.0000000000000000     
   65.000000000000000        0.0000000000000000     
   65.500000000000000        0.0000000000000000     
   66.000000000000000        0.0000000000000000     
   66.500000000000000        0.0000000000000000     
   67.000000000000000        0.0000000000000000     
   67.500000000000000        0.0000000000000000     
   68.000000000000000        0.0000000000000000     
   68.500000000000000        0.0000000000000000     
   69.000000000000000        0.0000000000000000     
   69.500000000000000        0.0000000000000000     
   70.000000000000000        0.0000000000000000     
   70.500000000000000        0.0000000000000000     
   71.000000000000000        0.0000000000000000     
   71.500000000000000        0.0000000000000000     
   72.000000000000000        0.0000000000000000     
   72.500000000000000        0.0000000000000000     
   73.000000000000000        0.0000000000000000     
   73.500000000000000        0.0000000000000000     
   74.000000000000000        0.0000000000000000     
   74.500000000000000        0.0000000000000000     
   75.000000000000000        0.0000000000000000     
   75.500000000000000        0.0000000000000000     
   76.000000000000000        0.0000000000000000     
   76.500000000000000        0.0000000000000000     
   77.000000000000000        0.0000000000000000     
   77.500000000000000        0.0000000000000000     
   78.000000000000000        0.0000000000000000     
   78.500000000000000        0.0000000000000000     
   79.000000000000000        0.0000000000000000     
   79.500000000000000        0.0000000000000000     
   80.000000000000000        0.0000000000000000     
   80.500000000000000        0.0000000000000000     
   81.000000000000000        0.0000000000000000     
   81.500000000000000        0.0000000000000000     
   82.000000000000000        0.0000000000000000     
   82.500000000000000        0.0000000000000000     
   83.000000000000000        0.0000000000000000     
   83.500000000000000        0.0000000000000000     
   84.000000000000000        0.0000000000000000     
   84.500000000000000        0.0000000000000000     
   85.000000000000000        0.0000000000000000     
   85.500000000000000        0.0000000000000000     
   86.000000000000000        0.0000000000000000     
   86.500000000000000        0.0000000000000000     
   87.000000000000000        0.0000000000000000     
   87.500000000000000        0.0000000000000000     
   88.000000000000000        0.0000000000000000     
   88.500000000000000        0.0000000000000000     
   89.000000000000000        0.0000000000000000     
   89.500000000000000        0.0000000000000000     
