  -10.500000000000000        0.0000000000000000     
  -10.000000000000000       1.11635898487238262E-004
  -9.5000000000000000      -1.74150925798799200E-004
  -9.0000000000000000       1.59597674705838220E-004
  -8.5000000000000000      -7.41273615859396062E-005
  -8.0000000000000000      -4.31999482660908374E-005
  -7.5000000000000000       1.36791556488043972E-004
  -7.0000000000000000      -1.60640187864120046E-004
  -6.5000000000000000       1.02721166877349837E-004
  -6.0000000000000000       5.74790837273812393E-006
  -5.5000000000000000      -1.04370738985460964E-004
  -5.0000000000000000       1.36932262234313782E-004
  -4.5000000000000000      -8.63690219976056270E-005
  -4.0000000000000000      -1.19616760141703720E-005
  -3.5000000000000000       9.20245669519217149E-005
  -3.0000000000000000      -1.03520727217162653E-004
  -2.5000000000000000       5.01365458859070703E-005
  -2.0000000000000000       1.41595395954237539E-005
  -1.5000000000000000      -3.49000171635308653E-005
  -1.0000000000000000       1.38661864617679135E-005
 -0.50000000000000000      -1.53099342159737032E-005
   0.0000000000000000       9.99290982656439789E-005
  0.50000000000000000      -2.37943094624234238E-004
   1.0000000000000000       2.96308607003628035E-004
   1.5000000000000000      -1.46353736877852464E-004
   2.0000000000000000      -1.85173143947629055E-004
   2.5000000000000000       4.80199273410262964E-004
   3.0000000000000000      -4.90892210005918297E-004
   3.5000000000000000       1.78539017730876032E-004
   4.0000000000000000       2.15547523703965761E-004
   4.5000000000000000      -3.78855359889596196E-004
   5.0000000000000000       2.26045204378310196E-004
   5.5000000000000000       3.50410888061390160E-005
   6.0000000000000000      -1.47551963715664668E-004
   6.5000000000000000       7.12555731474128932E-005
   7.0000000000000000       3.65899031563650281E-005
   7.5000000000000000      -4.89966481807394997E-005
   8.0000000000000000      -2.53038105651336880E-005
   8.5000000000000000       1.40875078806334256E-004
   9.0000000000000000      -2.63064812397415806E-004
   9.5000000000000000       2.78048220837140870E-004
   10.000000000000000      -5.16965685426092059E-005
   10.500000000000000      -3.02703229472521150E-004
   11.000000000000000       4.30045086970413937E-004
   11.500000000000000      -1.94088773740834128E-004
   12.000000000000000      -1.09016150369246813E-004
   12.500000000000000       2.20769449837118157E-004
   13.000000000000000      -2.53289772040751011E-004
   13.500000000000000       2.74216312074508466E-004
   14.000000000000000      -9.35127774128767172E-005
   14.500000000000000      -1.86068969599113707E-004
   15.000000000000000       1.54580998480268031E-004
   15.500000000000000       7.19678406244648235E-005
   16.000000000000000      -2.76617691263508902E-005
   16.500000000000000      -1.10949308875908924E-004
   17.000000000000000       2.18663895181712818E-005
   17.500000000000000      -1.59502681920067307E-005
   18.000000000000000       3.28217958450850267E-005
   18.500000000000000       2.85115368275100313E-004
   19.000000000000000      -2.44486559916669646E-004
   19.500000000000000      -1.99835865517184494E-004
   20.000000000000000      -7.78313025800285316E-005
   20.500000000000000       1.26348810674356668E-004
   21.000000000000000       4.68680376668460439E-004
   21.500000000000000       2.05957538494460442E-005
   22.000000000000000       2.61540704583195600E-004
   22.500000000000000      -5.55433974241639327E-004
   23.000000000000000      -9.25378099938921426E-004
   23.500000000000000      -7.29567547302291787E-004
   24.000000000000000      -1.19465377025555633E-003
   24.500000000000000       6.39721415415487596E-004
   25.000000000000000       2.60230492213409407E-003
   25.500000000000000       4.93408635500461757E-003
   26.000000000000000       9.54299736227197035E-003
   26.500000000000000       1.43342157791522332E-002
   27.000000000000000       1.97865597708886259E-002
   27.500000000000000       2.65997496644595696E-002
   28.000000000000000       3.36840735750036438E-002
   28.500000000000000       4.08517773799933759E-002
   29.000000000000000       4.87148234098398886E-002
   29.500000000000000       5.65030507797281006E-002
   30.000000000000000       6.39207676837612593E-002
   30.500000000000000       7.14168779103635520E-002
   31.000000000000000       7.77986619456630391E-002
   31.500000000000000       8.37642378153012901E-002
   32.000000000000000       8.94856374807573018E-002
   32.500000000000000       9.31908040933707438E-002
   33.000000000000000       9.61613313036869116E-002
   33.500000000000000       9.85930018315142598E-002
   34.000000000000000       9.92355826770443261E-002
   34.500000000000000       9.89706061502872436E-002
   35.000000000000000       9.72767977952833651E-002
   35.500000000000000       9.40951267704464855E-002
   36.000000000000000       9.07283998832863758E-002
   36.500000000000000       8.60549951922764816E-002
   37.000000000000000       7.98549860450885884E-002
   37.500000000000000       7.34331842968247023E-002
   38.000000000000000       6.63367015221390521E-002
   38.500000000000000       5.87655834246092190E-002
   39.000000000000000       5.15369741055712871E-002
   39.500000000000000       4.39060550344669495E-002
   40.000000000000000       3.58835821095106963E-002
   40.500000000000000       2.84569785507611944E-002
   41.000000000000000       2.17443421227422641E-002
   41.500000000000000       1.59164159410374213E-002
   42.000000000000000       1.12459614232292681E-002
   42.500000000000000       7.38881705258255354E-003
   43.000000000000000       4.33883382160519041E-003
   43.500000000000000       2.23665037908208882E-003
   44.000000000000000       6.56318480413111121E-004
   44.500000000000000      -3.85936401669327491E-004
   45.000000000000000      -3.56129838191637793E-004
   45.500000000000000       6.73541058774496278E-004
   46.000000000000000       2.46975990703277590E-003
   46.500000000000000       5.33210526106286768E-003
   47.000000000000000       9.36752197536065354E-003
   47.500000000000000       1.42650779423149320E-002
   48.000000000000000       1.99678224180170061E-002
   48.500000000000000       2.65228871450592825E-002
   49.000000000000000       3.36170925465744813E-002
   49.500000000000000       4.09730120237477152E-002
   50.000000000000000       4.86342839963659346E-002
   50.500000000000000       5.64812574101559162E-002
   51.000000000000000       6.40815511054018683E-002
   51.500000000000000       7.11930837350346346E-002
   52.000000000000000       7.78652572541938953E-002
   52.500000000000000       8.39828795775161840E-002
   53.000000000000000       8.91821267992380373E-002
   53.500000000000000       9.32649950871542177E-002
   54.000000000000000       9.63276605949567460E-002
   54.500000000000000       9.84171762089809665E-002
   55.000000000000000       9.93397954319665544E-002
   55.500000000000000       9.89053147840537050E-002
   56.000000000000000       9.71789688576829291E-002
   56.500000000000000       9.43774263386543272E-002
   57.000000000000000       9.06108662393110831E-002
   57.500000000000000       8.58382578044545597E-002
   58.000000000000000       8.00543877866197184E-002
   58.500000000000000       7.34392371475419276E-002
   59.000000000000000       6.62997889374570132E-002
   59.500000000000000       5.88982939207927936E-002
   60.000000000000000       5.13584624870558615E-002
   60.500000000000000       4.37237125849512104E-002
   61.000000000000000       3.60872700583779599E-002
   61.500000000000000       2.86712321512215436E-002
   62.000000000000000       2.17991061781308004E-002
   62.500000000000000       1.57944770893049119E-002
   63.000000000000000       1.08772101448263367E-002
   63.500000000000000       7.11055831095111068E-003
   64.000000000000000       4.41053515767904619E-003
   64.500000000000000       2.59641286433910873E-003
   65.000000000000000       1.45148158704912428E-003
   65.500000000000000       7.71194046169864267E-004
   66.000000000000000       3.89800817511247975E-004
   66.500000000000000       1.87623000050126504E-004
   67.000000000000000       8.60870277522910701E-005
   67.500000000000000       3.76909823298608330E-005
   68.000000000000000       1.57621072962927808E-005
   68.500000000000000       6.30206018082008052E-006
   69.000000000000000       2.41123728057197299E-006
   69.500000000000000       8.83622016170624333E-007
   70.000000000000000       3.10401878740664995E-007
   70.500000000000000       1.04606231821318954E-007
   71.000000000000000       3.38448656460617441E-008
   71.500000000000000       1.05205780280000437E-008
   72.000000000000000       3.14406157518709014E-009
   72.500000000000000       9.03908178713022558E-010
   73.000000000000000       2.50150513029989061E-010
   73.500000000000000       6.66760236357666448E-011
   74.000000000000000       1.71262652330785092E-011
   74.500000000000000       4.24131446402827877E-012
   75.000000000000000       1.01318921228834314E-012
   75.500000000000000       2.33576001484841821E-013
   76.000000000000000       5.19872894556259430E-014
   76.500000000000000       1.11755798083666194E-014
   77.000000000000000       2.32118070015486666E-015
   77.500000000000000       4.65978389737441083E-016
   78.000000000000000       9.04446317541523771E-017
   78.500000000000000       1.69782520724260072E-017
   79.000000000000000       3.08333267942977433E-018
   79.500000000000000       5.41851806470211104E-019
   80.000000000000000       9.21681066495164557E-020
   80.500000000000000       1.51781954839991295E-020
   81.000000000000000       2.42041940881006188E-021
   81.500000000000000       3.73831924477575761E-022
   82.000000000000000       5.59312478921049071E-023
   82.500000000000000       8.10765227838395002E-024
   83.000000000000000       1.13883693391640265E-024
   83.500000000000000       1.55028137134888342E-025
   84.000000000000000       2.04546637363098267E-026
   84.500000000000000       2.61607952664129227E-027
   85.000000000000000       3.24357589952265476E-028
   85.500000000000000       3.89891123166390231E-029
   86.000000000000000       4.54395894787360377E-030
   86.500000000000000       5.13472122539841551E-031
   87.000000000000000       5.62606184492532301E-032
   87.500000000000000       5.97730150044626703E-033
   88.000000000000000       6.15772946163157760E-034
   88.500000000000000       6.15057973949789799E-035
   89.000000000000000       5.90672617758103166E-036
   89.500000000000000        0.0000000000000000     
