  -10.500000000000000        0.0000000000000000     
  -10.000000000000000       5.04741193242844331E-005
  -9.5000000000000000      -9.17295082242426403E-005
  -9.0000000000000000       1.15708708907153151E-004
  -8.5000000000000000      -1.16792997575539863E-004
  -8.0000000000000000       9.31585251524663584E-005
  -7.5000000000000000      -4.79301483215662752E-005
  -7.0000000000000000      -1.03677231695327451E-005
  -6.5000000000000000       6.86264645019811124E-005
  -6.0000000000000000      -1.11595383412232903E-004
  -5.5000000000000000       1.25815085479564115E-004
  -5.0000000000000000      -1.04213964713193607E-004
  -4.5000000000000000       4.98878819841013860E-005
  -4.0000000000000000       2.26969592394842044E-005
  -3.5000000000000000      -9.04375905098831943E-005
  -3.0000000000000000       1.28425709595525911E-004
  -2.5000000000000000      -1.19274111712182036E-004
  -2.0000000000000000       6.16388816395615222E-005
  -1.5000000000000000       2.60997358552158675E-005
  -1.0000000000000000      -1.10036601237136400E-004
 -0.50000000000000000       1.52957932181622209E-004
   0.0000000000000000      -1.30734087150651197E-004
  0.50000000000000000       4.57893877155518211E-005
   1.0000000000000000       6.98841401167787045E-005
   1.5000000000000000      -1.66059253298698589E-004
   2.0000000000000000       1.96891614625713181E-004
   2.5000000000000000      -1.44642964199317070E-004
   3.0000000000000000       3.14278051831660683E-005
   3.5000000000000000       8.96405511125129275E-005
   4.0000000000000000      -1.61509122922089447E-004
   4.5000000000000000       1.54121837724204578E-004
   5.0000000000000000      -8.01743598527099625E-005
   5.5000000000000000      -1.56236968059110764E-005
   6.0000000000000000       8.75810816514757830E-005
   6.5000000000000000      -1.18204753483605474E-004
   7.0000000000000000       1.22410577607060098E-004
   7.5000000000000000      -1.22243625686222846E-004
   8.0000000000000000       1.14238958331024034E-004
   8.5000000000000000      -6.35528994711810808E-005
   9.0000000000000000      -5.98892163018306222E-005
   9.5000000000000000       2.28956070652902089E-004
   10.000000000000000      -3.44704427947676467E-004
   10.500000000000000       2.94709771983710884E-004
   11.000000000000000      -5.49116217002740422E-005
   11.500000000000000      -2.52864666950757748E-004
   12.000000000000000       4.22515661923248190E-004
   12.500000000000000      -3.22176923078137554E-004
   13.000000000000000       2.13697623316355667E-005
   13.500000000000000       2.44921022567997975E-004
   14.000000000000000      -2.72235604195502181E-004
   14.500000000000000       7.45018610845063890E-005
   15.000000000000000       1.26362854415605603E-004
   15.500000000000000      -1.19849293498874046E-004
   16.000000000000000      -7.58572432701436965E-005
   16.500000000000000       2.30099049479192384E-004
   17.000000000000000      -1.43916463062777802E-004
   17.500000000000000      -1.36374461205172014E-004
   18.000000000000000       3.67727205599607202E-004
   18.500000000000000      -3.57719342418667959E-004
   19.000000000000000       1.30774081425303950E-004
   19.500000000000000       1.41315260403114258E-004
   20.000000000000000      -3.07879077151647644E-004
   20.500000000000000       3.05583021001174058E-004
   21.000000000000000      -1.33728463841647577E-004
   21.500000000000000      -1.29496263720633244E-004
   22.000000000000000       3.05702436329158386E-004
   22.500000000000000      -2.44394966346428812E-004
   23.000000000000000       1.77614885650453891E-005
   23.500000000000000       1.28212187964740884E-004
   24.000000000000000      -8.28177318058166592E-005
   24.500000000000000       2.30832266781471414E-006
   25.000000000000000      -4.12750073474425332E-005
   25.500000000000000       1.20785635711955478E-004
   26.000000000000000      -1.19005114152461941E-004
   26.500000000000000       9.49577978825200965E-005
   27.000000000000000      -9.68331185435564266E-005
   27.500000000000000      -1.78917736017172131E-005
   28.000000000000000       2.69895312946963079E-004
   28.500000000000000      -3.55765074109777417E-004
   29.000000000000000       1.30352572905744900E-004
   29.500000000000000       8.30131818334344852E-005
   30.000000000000000      -7.18561462602881803E-005
   30.500000000000000       9.51512578189591589E-005
   31.000000000000000      -2.58602792590999805E-004
   31.500000000000000       2.54992094399029935E-004
   32.000000000000000      -3.63433949994366296E-005
   32.500000000000000      -1.38132924583470046E-004
   33.000000000000000       2.79131445589410809E-004
   33.500000000000000      -3.38918611832831913E-004
   34.000000000000000       1.53599942344086150E-005
   34.500000000000000       3.52093148913982536E-004
   35.000000000000000      -1.96572837892980504E-004
   35.500000000000000      -2.95640944078381723E-005
   36.000000000000000       1.43353962829407113E-005
   36.500000000000000      -2.47457091086837264E-004
   37.000000000000000       2.28705322749192796E-004
   37.500000000000000       3.74062188193775001E-004
   38.000000000000000      -3.01098601195923200E-004
   38.500000000000000      -1.52737028893442880E-004
   39.000000000000000       7.76644940150406744E-005
   39.500000000000000      -3.69499397474813500E-004
   40.000000000000000       1.07164457043249742E-004
   40.500000000000000       5.06424569201902519E-004
   41.000000000000000       2.42524430643243678E-004
   41.500000000000000       3.71723188771475358E-004
   42.000000000000000      -1.72925875480264119E-004
   42.500000000000000      -8.85861553459159953E-004
   43.000000000000000      -9.99655297392064868E-004
   43.500000000000000      -1.46250918220963114E-003
   44.000000000000000      -1.03412615452498375E-003
   44.500000000000000       5.31875881713650238E-004
   45.000000000000000       2.17272563594723533E-003
   45.500000000000000       5.21890601600210734E-003
   46.000000000000000       9.64480188743030084E-003
   46.500000000000000       1.43703122397814444E-002
   47.000000000000000       2.01337238686119767E-002
   47.500000000000000       2.67063668861753957E-002
   48.000000000000000       3.36515340574247562E-002
   48.500000000000000       4.14040975636953551E-002
   49.000000000000000       4.90683712791571414E-002
   49.500000000000000       5.63832461489860021E-002
   50.000000000000000       6.42214728760760190E-002
   50.500000000000000       7.17402916043507338E-002
   51.000000000000000       7.81144375767892918E-002
   51.500000000000000       8.39603588546385393E-002
   52.000000000000000       8.91942667019791774E-002
   52.500000000000000       9.33835987894750252E-002
   53.000000000000000       9.66312938183208903E-002
   53.500000000000000       9.86081859365897651E-002
   54.000000000000000       9.91190228721108846E-002
   54.500000000000000       9.86337837172971132E-002
   55.000000000000000       9.71999527759757759E-002
   55.500000000000000       9.45325087200497016E-002
   56.000000000000000       9.06384529205532946E-002
   56.500000000000000       8.55314716255958229E-002
   57.000000000000000       7.94851474197084129E-002
   57.500000000000000       7.31073351304780544E-002
   58.000000000000000       6.64089844635692012E-002
   58.500000000000000       5.90054690067250559E-002
   59.000000000000000       5.11472242257230147E-002
   59.500000000000000       4.33079176700443477E-002
   60.000000000000000       3.55426501260579994E-002
   60.500000000000000       2.80898174794935694E-002
   61.000000000000000       2.15330979572913792E-002
   61.500000000000000       1.60391203298606358E-002
   62.000000000000000       1.13763221186437124E-002
   62.500000000000000       7.51540234417249001E-003
   63.000000000000000       4.49568380287553027E-003
   63.500000000000000       2.14773584084691251E-003
   64.000000000000000       4.31624720065773202E-004
   64.500000000000000      -4.32296878452972022E-004
   65.000000000000000      -3.63305959839475877E-004
   65.500000000000000       5.43494687174327909E-004
   66.000000000000000       2.39056871127986577E-003
   66.500000000000000       5.40210282956712397E-003
   67.000000000000000       9.51588515824407233E-003
   67.500000000000000       1.44567549455215504E-002
   68.000000000000000       2.01383606356683904E-002
   68.500000000000000       2.66334592541183149E-002
   69.000000000000000       3.38101430631682770E-002
   69.500000000000000       4.13180226073477097E-002
   70.000000000000000       4.89232536629044534E-002
   70.500000000000000       5.65969281745608774E-002
   71.000000000000000       6.42419435690753660E-002
   71.500000000000000       7.15444495087135812E-002
   72.000000000000000       7.81814551656732082E-002
   72.500000000000000       8.40425944581672246E-002
   73.000000000000000       8.91461344884922624E-002
   73.500000000000000       9.34078876086258253E-002
   74.000000000000000       9.66002207241390409E-002
   74.500000000000000       9.85336138962159547E-002
   75.000000000000000       9.92017471559884789E-002
   75.500000000000000       9.87180366687491762E-002
   76.000000000000000       9.71493714845696327E-002
   76.500000000000000       9.44533792801916239E-002
   77.000000000000000       9.05753923092656316E-002
   77.500000000000000       8.55807944473612053E-002
   78.000000000000000       7.96820479964318040E-002
   78.500000000000000       7.31445097556266688E-002
   79.000000000000000       6.61689087649126040E-002
   79.500000000000000       5.88518304352690508E-002
   80.000000000000000       5.12440437766835816E-002
   80.500000000000000       4.34477920384707117E-002
   81.000000000000000       3.56768809139724127E-002
   81.500000000000000       2.82423512511076787E-002
   82.000000000000000       2.14791843333277041E-002
   82.500000000000000       1.56588640463597890E-002
   83.000000000000000       1.09291860754889940E-002
   83.500000000000000       7.29951352867997446E-003
   84.000000000000000       4.66561528528732731E-003
   84.500000000000000       2.85510239769540134E-003
   85.000000000000000       1.67386726258171711E-003
   85.500000000000000       9.40923227638783451E-004
   86.000000000000000       5.07572551484975062E-004
   86.500000000000000       2.62988631866829987E-004
   87.000000000000000       1.30986910398124301E-004
   87.500000000000000       6.27423358830470599E-005
   88.000000000000000       2.88503270735833423E-005
   88.500000000000000       1.25393617247080342E-005
   89.000000000000000       4.61603973654055152E-006
   89.500000000000000        0.0000000000000000     
