  -10.625000000000000      -1.03541939167729416E-004
  -10.375000000000000      -1.03541939167729416E-004
  -10.125000000000000       8.91183024742661840E-006
  -9.8750000000000000       2.19337858554890922E-004
  -9.6250000000000000       2.07790314672487409E-006
  -9.3750000000000000      -1.77114800961016992E-004
  -9.1250000000000000      -6.68949232138118361E-005
  -8.8750000000000000      -6.20797291892934600E-005
  -8.6250000000000000       3.02234119959811256E-004
  -8.3750000000000000       1.46596053133283286E-004
  -8.1250000000000000      -8.74156590027224843E-005
  -7.8750000000000000      -4.00273612266975653E-004
  -7.6250000000000000      -2.32422559648117594E-004
  -7.3750000000000000       2.56102718185000967E-004
  -7.1250000000000000       4.46803128644527713E-004
  -6.8750000000000000       1.90172680539678763E-004
  -6.6250000000000000      -3.06247380808125861E-004
  -6.3750000000000000      -2.47956809596301534E-004
  -6.1250000000000000      -1.11981825103449849E-004
  -5.8750000000000000       5.31301739556638451E-004
  -5.6250000000000000       9.37248415509134487E-004
  -5.3750000000000000       1.58644664751334333E-003
  -5.1250000000000000       2.39639250162584092E-003
  -4.8750000000000000       3.65519572541427550E-003
  -4.6250000000000000       5.34748863720787421E-003
  -4.3750000000000000       6.99511039232408004E-003
  -4.1250000000000000       9.21066307393531188E-003
  -3.8750000000000000       1.13794462383284382E-002
  -3.6250000000000000       1.39412319140733050E-002
  -3.3750000000000000       1.65162420747830552E-002
  -3.1250000000000000       1.93724914850644039E-002
  -2.8750000000000000       2.26381397481051627E-002
  -2.6250000000000000       2.61858388306582673E-002
  -2.3750000000000000       2.97078710805570023E-002
  -2.1250000000000000       3.29092253966789677E-002
  -1.8750000000000000       3.64165019290199482E-002
  -1.6250000000000000       4.02469190080094949E-002
  -1.3750000000000000       4.44718463664665747E-002
  -1.1250000000000000       4.84919327718832532E-002
 -0.87500000000000000       5.21384888875155023E-002
 -0.62500000000000000       5.55622151162157157E-002
 -0.37500000000000000       5.93063278297329410E-002
 -0.12500000000000000       6.34516019455526603E-002
  0.12500000000000000       6.74914893136957655E-002
  0.37500000000000000       7.10202961572722197E-002
  0.62500000000000000       7.40196850663944472E-002
  0.87500000000000000       7.69482186355962827E-002
   1.1250000000000000       8.03839738855180730E-002
   1.3750000000000000       8.38473340025334274E-002
   1.6250000000000000       8.65405328751638614E-002
   1.8750000000000000       8.88691077349096359E-002
   2.1250000000000000       9.06275456915407590E-002
   2.3750000000000000       9.27167411933318975E-002
   2.6250000000000000       9.49714877674762703E-002
   2.8750000000000000       9.65320945209699466E-002
   3.1250000000000000       9.75824328417647657E-002
   3.3750000000000000       9.82237661372386273E-002
   3.6250000000000000       9.86023447477603898E-002
   3.8750000000000000       9.91431456345391315E-002
   4.1250000000000000       9.95015676098003343E-002
   4.3750000000000000       9.89451930809559788E-002
   4.6250000000000000       9.83738559294462522E-002
   4.8750000000000000       9.73096830432621934E-002
   5.1250000000000000       9.61084745133343743E-002
   5.3750000000000000       9.46994356622395950E-002
   5.6250000000000000       9.29679352196014358E-002
   5.8750000000000000       9.10376697254298844E-002
   6.1250000000000000       8.86830513577141211E-002
   6.3750000000000000       8.62462423115074733E-002
   6.6250000000000000       8.32068398712986768E-002
   6.8750000000000000       8.03399442795404151E-002
   7.1250000000000000       7.72708034273159039E-002
   7.3750000000000000       7.41704949702526178E-002
   7.6250000000000000       7.08148151832088540E-002
   7.8750000000000000       6.69185851530642584E-002
   8.1250000000000000       6.29877011393123465E-002
   8.3750000000000000       5.93651657498745280E-002
   8.6250000000000000       5.58407496976720819E-002
   8.8750000000000000       5.22369133156302956E-002
   9.1250000000000000       4.81824101498660590E-002
   9.3750000000000000       4.37005667998404401E-002
   9.6250000000000000       4.00502789901005796E-002
   9.8750000000000000       3.66038765596954987E-002
   10.125000000000000       3.31718451183202756E-002
   10.375000000000000       2.95857811621893230E-002
   10.625000000000000       2.56060234217658361E-002
   10.875000000000000       2.23168869788910457E-002
   11.125000000000000       1.94692903249590772E-002
   11.375000000000000       1.65129991000891076E-002
   11.625000000000000       1.39261384288668112E-002
   11.875000000000000       1.12574212411236819E-002
   12.125000000000000       8.96567358830919169E-003
   12.375000000000000       7.26572684974989211E-003
   12.625000000000000       5.19778667887592187E-003
   12.875000000000000       3.54863855315205087E-003
   13.125000000000000       2.17221024747909705E-003
   13.375000000000000       1.47534366227361990E-003
   13.625000000000000       1.40700036420363973E-003
   13.875000000000000       1.14833150185875642E-003
   14.125000000000000       5.66250656224667401E-004
   14.375000000000000       2.76419468242375453E-005
   14.625000000000000      -2.18840635720771745E-004
   14.875000000000000       1.04309453891646511E-005
   15.125000000000000       5.46222055783400213E-004
   15.375000000000000       9.62647210420563204E-004
   15.625000000000000       1.56263098153728566E-003
   15.875000000000000       2.42707660000361473E-003
   16.125000000000000       3.67377023324388843E-003
   16.375000000000000       5.26492756641707901E-003
   16.625000000000000       7.11232736470846817E-003
   16.875000000000000       9.11959362010263119E-003
   17.125000000000000       1.14030536418777192E-002
   17.375000000000000       1.39772554660274988E-002
   17.625000000000000       1.64678746596235645E-002
   17.875000000000000       1.93854193702287653E-002
   18.125000000000000       2.26741397678863824E-002
   18.375000000000000       2.61278767428822015E-002
   18.625000000000000       2.97429375428250702E-002
   18.875000000000000       3.29281598460055003E-002
   19.125000000000000       3.63451288150200419E-002
   19.375000000000000       4.03397757726825720E-002
   19.625000000000000       4.43981585039817800E-002
   19.875000000000000       4.85183835892425350E-002
   20.125000000000000       5.21620391612137441E-002
   20.375000000000000       5.55097658641811459E-002
   20.625000000000000       5.93552164717463318E-002
   20.875000000000000       6.34337498125632782E-002
   21.125000000000000       6.74686099841680237E-002
   21.375000000000000       7.10715099790468763E-002
   21.625000000000000       7.39689458371971531E-002
   21.875000000000000       7.69668324675126386E-002
   22.125000000000000       8.04159105150923370E-002
   22.375000000000000       8.37707785057883458E-002
   22.625000000000000       8.66318822557022167E-002
   22.875000000000000       8.88026795545192454E-002
   23.125000000000000       9.06413192772796139E-002
   23.375000000000000       9.27538593094238001E-002
   23.625000000000000       9.49154611163640916E-002
   23.875000000000000       9.65645227028387731E-002
   24.125000000000000       9.75970403731862834E-002
   24.375000000000000       9.81768930445975907E-002
   24.625000000000000       9.86361677806961851E-002
   24.875000000000000       9.91658471896493809E-002
   25.125000000000000       9.94150967030359989E-002
   25.375000000000000       9.90579269117994876E-002
   25.625000000000000       9.82902945179626730E-002
   25.875000000000000       9.73325911301401447E-002
   26.125000000000000       9.61325109838461478E-002
   26.375000000000000       9.46682006559450562E-002
   26.625000000000000       9.29829472354030406E-002
   26.875000000000000       9.10221417775113756E-002
   27.125000000000000       8.87346668140432393E-002
   27.375000000000000       8.61509196780501779E-002
   27.625000000000000       8.33056854428808335E-002
   27.875000000000000       8.02895591328056241E-002
   28.125000000000000       7.72634628405529517E-002
   28.375000000000000       7.41981886070262608E-002
   28.625000000000000       7.07967626267955313E-002
   28.875000000000000       6.69346680323948673E-002
   29.125000000000000       6.29736252291243498E-002
   29.375000000000000       5.93367502980095135E-002
   29.625000000000000       5.59152864101386260E-002
   29.875000000000000       5.22179155780963938E-002
   30.125000000000000       4.80661900293887431E-002
   30.375000000000000       4.38475708955653187E-002
   30.625000000000000       4.00187945535793801E-002
   30.875000000000000       3.65781189447014973E-002
   31.125000000000000       3.31572838313428930E-002
   31.375000000000000       2.95148155387694733E-002
   31.625000000000000       2.57931775780479051E-002
   31.875000000000000       2.23176259221303450E-002
   32.125000000000000       1.92606344310191288E-002
   32.375000000000000       1.65382789721414680E-002
   32.625000000000000       1.39655339337508375E-002
   32.875000000000000       1.14497266706786970E-002
   33.125000000000000       9.04715367789853814E-003
   33.375000000000000       6.88798641867714809E-003
   33.625000000000000       5.07548452589911755E-003
   33.875000000000000       3.63867342079496553E-003
   34.125000000000000       2.54420819386272238E-003
   34.375000000000000       1.73172616438218500E-003
   34.625000000000000       1.14119528300268011E-003
   34.875000000000000       7.23129235225238032E-004
   35.125000000000000       4.37821891745009562E-004
   35.375000000000000       2.52077705860517083E-004
   35.625000000000000       1.37601340500943196E-004
   35.875000000000000       7.11070919381037860E-005
   36.125000000000000       3.47728255303064119E-005
   36.375000000000000       1.60976916785099068E-005
   36.625000000000000       7.06065623295330642E-006
   36.875000000000000       2.93737911482896433E-006
   37.125000000000000       1.16048699458538806E-006
   37.375000000000000       4.35950122088678475E-007
   37.625000000000000       1.55918125229911116E-007
   37.875000000000000       5.31556293453218798E-008
   38.125000000000000       1.72941575617971662E-008
   38.375000000000000       5.37555118373438463E-009
   38.625000000000000       1.59796022218876693E-009
   38.875000000000000       4.54720224322336964E-010
   39.125000000000000       1.23978056962405395E-010
   39.375000000000000       3.24135662345343816E-011
   39.625000000000000       8.13248498076494737E-012
   39.875000000000000       1.95948836513393333E-012
   40.125000000000000       4.53701968868941293E-013
   40.375000000000000       1.01011639637472166E-013
   40.625000000000000       2.16366128992116698E-014
   40.875000000000000       4.46118238289031300E-015
   41.125000000000000       8.85853596238537882E-016
   41.375000000000000       1.69479594461816158E-016
   41.625000000000000       3.12531219329547954E-017
   41.875000000000000       5.55715745735271106E-018
   42.125000000000000       9.53113579985321888E-019
   42.375000000000000       1.57726965268063552E-019
   42.625000000000000       2.51919184301291814E-020
   42.875000000000000       3.88439872101288973E-021
   43.125000000000000       5.78357035357511886E-022
   43.375000000000000       8.31706126814431041E-023
   43.625000000000000       1.15538696032283350E-023
   43.875000000000000       1.55074764817932659E-024
   44.125000000000000       2.01128705905418821E-025
   44.375000000000000       2.52104387672399663E-026
   44.625000000000000       3.05425698030533395E-027
   44.875000000000000       3.57673230088127538E-028
   45.125000000000000       4.04903453062826271E-029
   45.375000000000000       4.43119600190151115E-030
   45.625000000000000       4.68820935836457182E-031
   45.875000000000000       4.79527650206463492E-032
   46.125000000000000       4.74173170687481970E-033
   46.375000000000000       4.53278387790914160E-034
   46.625000000000000       4.18868584096987596E-035
   46.875000000000000       3.74151314205643191E-036
   47.125000000000000       3.23025871464961289E-037
   47.375000000000000       2.69527748122937184E-038
   47.625000000000000       2.17316665068264258E-039
   47.875000000000000       1.69295200881800415E-040
   48.125000000000000       1.27405533059316970E-041
   48.375000000000000       9.26072426615999654E-043
   48.625000000000000       6.50019522934046401E-044
   48.875000000000000       4.40488778921164486E-045
   49.125000000000000       2.88112849686418245E-046
   49.375000000000000       1.81840985986431089E-047
   49.625000000000000       1.10711723284290881E-048
   49.875000000000000       6.50022238117644513E-050
   50.125000000000000       3.67911950901731842E-051
   50.375000000000000       2.00667277508000811E-052
   50.625000000000000       1.05426313250047433E-053
   50.875000000000000       5.33298340344575399E-055
   51.125000000000000       2.59617779094675366E-056
   51.375000000000000       1.21568251529876232E-057
   51.625000000000000       5.47254397544782951E-059
   51.875000000000000       2.36693080596757986E-060
   52.125000000000000       9.82955038703037389E-062
   52.375000000000000       3.91685341892422643E-063
   52.625000000000000       1.49650392782618011E-064
   52.875000000000000       5.47787585362810882E-066
   53.125000000000000       1.91942277656287705E-067
   53.375000000000000       6.43212655749527287E-069
   53.625000000000000       2.05936601661518947E-070
   53.875000000000000       6.29277323268553872E-072
   54.125000000000000       1.83305756057401562E-073
   54.375000000000000       5.08380202725303117E-075
   54.625000000000000       1.34055587371138212E-076
   54.875000000000000       3.35595987837715834E-078
   55.125000000000000       7.96298308684839475E-080
   55.375000000000000       1.78766297983389288E-081
   55.625000000000000       3.78959316029174357E-083
   55.875000000000000       7.56927618714366304E-085
   56.125000000000000       1.42110662914472370E-086
   56.375000000000000       2.50119094128958456E-088
   56.625000000000000       4.11446764645370967E-090
   56.875000000000000       6.30466783424322418E-092
   57.125000000000000       8.96463249885314491E-094
   57.375000000000000       1.17768469414855524E-095
   57.625000000000000       1.42222633371803196E-097
   57.875000000000000       1.56968241364070834E-099
   58.125000000000000       1.57242094656281255E-101
   58.375000000000000       1.41798635129610167E-103
   58.625000000000000       1.13970494149797433E-105
   58.875000000000000       8.06436320688405202E-108
   59.125000000000000       4.94538526489021887E-110
   59.375000000000000       2.57490806420741065E-112
   59.625000000000000       1.10676098319764674E-114
   59.875000000000000       3.77034059960769614E-117
   60.125000000000000       9.54433307690688530E-120
   60.375000000000000       1.59598261929705436E-122
   60.625000000000000       1.32227226122373389E-125
   60.875000000000000        0.0000000000000000     
   61.125000000000000        0.0000000000000000     
   61.375000000000000        0.0000000000000000     
   61.625000000000000        0.0000000000000000     
   61.875000000000000        0.0000000000000000     
   62.125000000000000        0.0000000000000000     
   62.375000000000000        0.0000000000000000     
   62.625000000000000        0.0000000000000000     
   62.875000000000000        0.0000000000000000     
   63.125000000000000        0.0000000000000000     
   63.375000000000000        0.0000000000000000     
   63.625000000000000        0.0000000000000000     
   63.875000000000000        0.0000000000000000     
   64.125000000000000        0.0000000000000000     
   64.375000000000000        0.0000000000000000     
   64.625000000000000        0.0000000000000000     
   64.875000000000000        0.0000000000000000     
   65.125000000000000        0.0000000000000000     
   65.375000000000000        0.0000000000000000     
   65.625000000000000        0.0000000000000000     
   65.875000000000000        0.0000000000000000     
   66.125000000000000        0.0000000000000000     
   66.375000000000000        0.0000000000000000     
   66.625000000000000        0.0000000000000000     
   66.875000000000000        0.0000000000000000     
   67.125000000000000        0.0000000000000000     
   67.375000000000000        0.0000000000000000     
   67.625000000000000        0.0000000000000000     
   67.875000000000000        0.0000000000000000     
   68.125000000000000        0.0000000000000000     
   68.375000000000000        0.0000000000000000     
   68.625000000000000        0.0000000000000000     
   68.875000000000000        0.0000000000000000     
   69.125000000000000        0.0000000000000000     
   69.375000000000000        0.0000000000000000     
   69.625000000000000        0.0000000000000000     
   69.875000000000000        0.0000000000000000     
   70.125000000000000        0.0000000000000000     
   70.375000000000000        0.0000000000000000     
   70.625000000000000        0.0000000000000000     
   70.875000000000000        0.0000000000000000     
   71.125000000000000        0.0000000000000000     
   71.375000000000000        0.0000000000000000     
   71.625000000000000        0.0000000000000000     
   71.875000000000000        0.0000000000000000     
   72.125000000000000        0.0000000000000000     
   72.375000000000000        0.0000000000000000     
   72.625000000000000        0.0000000000000000     
   72.875000000000000        0.0000000000000000     
   73.125000000000000        0.0000000000000000     
   73.375000000000000        0.0000000000000000     
   73.625000000000000        0.0000000000000000     
   73.875000000000000        0.0000000000000000     
   74.125000000000000        0.0000000000000000     
   74.375000000000000        0.0000000000000000     
   74.625000000000000        0.0000000000000000     
   74.875000000000000        0.0000000000000000     
   75.125000000000000        0.0000000000000000     
   75.375000000000000        0.0000000000000000     
   75.625000000000000        0.0000000000000000     
   75.875000000000000        0.0000000000000000     
   76.125000000000000        0.0000000000000000     
   76.375000000000000        0.0000000000000000     
   76.625000000000000        0.0000000000000000     
   76.875000000000000        0.0000000000000000     
   77.125000000000000        0.0000000000000000     
   77.375000000000000        0.0000000000000000     
   77.625000000000000        0.0000000000000000     
   77.875000000000000        0.0000000000000000     
   78.125000000000000        0.0000000000000000     
   78.375000000000000        0.0000000000000000     
   78.625000000000000        0.0000000000000000     
   78.875000000000000        0.0000000000000000     
   79.125000000000000        0.0000000000000000     
   79.375000000000000        0.0000000000000000     
   79.625000000000000        0.0000000000000000     
   79.875000000000000        0.0000000000000000     
   80.125000000000000        0.0000000000000000     
   80.375000000000000        0.0000000000000000     
   80.625000000000000        0.0000000000000000     
   80.875000000000000        0.0000000000000000     
   81.125000000000000        0.0000000000000000     
   81.375000000000000        0.0000000000000000     
   81.625000000000000        0.0000000000000000     
   81.875000000000000        0.0000000000000000     
   82.125000000000000        0.0000000000000000     
   82.375000000000000        0.0000000000000000     
   82.625000000000000        0.0000000000000000     
   82.875000000000000        0.0000000000000000     
   83.125000000000000        0.0000000000000000     
   83.375000000000000        0.0000000000000000     
   83.625000000000000        0.0000000000000000     
   83.875000000000000        0.0000000000000000     
   84.125000000000000        0.0000000000000000     
   84.375000000000000        0.0000000000000000     
   84.625000000000000        0.0000000000000000     
   84.875000000000000        0.0000000000000000     
   85.125000000000000        0.0000000000000000     
   85.375000000000000        0.0000000000000000     
   85.625000000000000        0.0000000000000000     
   85.875000000000000        0.0000000000000000     
   86.125000000000000        0.0000000000000000     
   86.375000000000000        0.0000000000000000     
   86.625000000000000        0.0000000000000000     
   86.875000000000000        0.0000000000000000     
   87.125000000000000        0.0000000000000000     
   87.375000000000000        0.0000000000000000     
   87.625000000000000        0.0000000000000000     
   87.875000000000000        0.0000000000000000     
   88.125000000000000        0.0000000000000000     
   88.375000000000000        0.0000000000000000     
   88.625000000000000        0.0000000000000000     
   88.875000000000000        0.0000000000000000     
   89.125000000000000        0.0000000000000000     
   89.375000000000000        0.0000000000000000     
   89.625000000000000        0.0000000000000000     
