  -10.625000000000000       9.51695453429853521E-006
  -10.375000000000000       9.51695453429853521E-006
  -10.125000000000000      -2.35922896373625833E-005
  -9.8750000000000000       2.41913834821091649E-005
  -9.6250000000000000      -7.08570714178859715E-006
  -9.3750000000000000      -2.50326422904394624E-005
  -9.1250000000000000       6.15769755798847206E-005
  -8.8750000000000000      -8.65087051830125213E-005
  -8.6250000000000000       8.47120368708255368E-005
  -8.3750000000000000      -5.02365994570322426E-005
  -8.1250000000000000      -7.99042224405361505E-006
  -7.8750000000000000       6.74556311319891020E-005
  -7.6250000000000000      -1.01673543362347643E-004
  -7.3750000000000000       9.42615578092387247E-005
  -7.1250000000000000      -4.95643588951560411E-005
  -6.8750000000000000      -7.68884410241070857E-006
  -6.6250000000000000       4.54122650723471879E-005
  -6.3750000000000000      -4.32416672634224823E-005
  -6.1250000000000000       5.67874728492830951E-006
  -5.8750000000000000       4.03500663817410446E-005
  -5.6250000000000000      -6.33030537711375401E-005
  -5.3750000000000000       4.86775633411961893E-005
  -5.1250000000000000      -8.82769268896674151E-006
  -4.8750000000000000      -2.71704902593663838E-005
  -4.6250000000000000       3.66392807289174337E-005
  -4.3750000000000000      -2.12085730424403266E-005
  -4.1250000000000000       4.13265230475061522E-006
  -3.8750000000000000      -8.20030017510018576E-006
  -3.6250000000000000       3.30250344259330818E-005
  -3.3750000000000000      -5.31617346547135703E-005
  -3.1250000000000000       4.13401521089577746E-005
  -2.8750000000000000       2.71193604236280995E-006
  -2.6250000000000000      -4.58484923930786747E-005
  -2.3750000000000000       4.76926827444192585E-005
  -2.1250000000000000       1.11503254384207729E-006
  -1.8750000000000000      -6.42399934615111689E-005
  -1.6250000000000000       8.60689987643873869E-005
  -1.3750000000000000      -3.89782648685144014E-005
  -1.1250000000000000      -5.06707744385317775E-005
 -0.87500000000000000       1.22381827835273767E-004
 -0.62500000000000000      -1.29546967596298626E-004
 -0.37500000000000000       7.24713021089906336E-005
 -0.12500000000000000       9.64688831116332444E-006
  0.12500000000000000      -7.29393997282355250E-005
  0.37500000000000000       9.41151453750249141E-005
  0.62500000000000000      -7.12608779671533164E-005
  0.87500000000000000       1.59016418453187787E-005
   1.1250000000000000       4.63314118189720315E-005
   1.3750000000000000      -7.60617705893314557E-005
   1.6250000000000000       4.25611976835508588E-005
   1.8750000000000000       4.11043853242193142E-005
   2.1250000000000000      -1.13572092893892139E-004
   2.3750000000000000       1.14204509513163451E-004
   2.6250000000000000      -4.26430392351200000E-005
   2.8750000000000000      -4.06530449342365263E-005
   3.1250000000000000       7.87632324996065131E-005
   3.3750000000000000      -7.10386381709144353E-005
   3.6250000000000000       5.18682447879450126E-005
   3.8750000000000000      -3.51363673766645005E-005
   4.1250000000000000       9.45047043927762056E-006
   4.3750000000000000       1.71230927579685071E-005
   4.6250000000000000      -1.17537309719038430E-005
   4.8750000000000000      -2.45974117522814864E-005
   5.1250000000000000       3.65901570873758766E-005
   5.3750000000000000       6.30766678424779650E-006
   5.6250000000000000      -4.70080363732163094E-005
   5.8750000000000000       1.88072473244812327E-005
   6.1250000000000000       4.31959613737429858E-005
   6.3750000000000000      -5.30499973641035096E-005
   6.6250000000000000       1.51354375621441782E-005
   6.8750000000000000      -1.40244037317237388E-006
   7.1250000000000000       6.44950992618247509E-008
   7.3750000000000000       5.94907609399893112E-005
   7.6250000000000000      -1.28218952810002539E-004
   7.8750000000000000       8.37675729339198700E-005
   8.1250000000000000       2.81654530206376034E-005
   8.3750000000000000      -4.59828903032078194E-005
   8.6250000000000000      -9.09783319409142988E-006
   8.8750000000000000      -2.94540176212706938E-006
   9.1250000000000000       2.39067039781327775E-005
   9.3750000000000000       5.74158869024978525E-005
   9.6250000000000000      -8.65855768766036950E-005
   9.8750000000000000      -4.71107203502205959E-005
   10.125000000000000       1.01334147776834541E-004
   10.375000000000000       7.44583808394187280E-006
   10.625000000000000       9.36629510967551169E-006
   10.875000000000000      -1.03495881467311005E-004
   11.125000000000000      -3.45568485621432670E-005
   11.375000000000000       1.30109434029402720E-004
   11.625000000000000       7.80713758306397673E-005
   11.875000000000000      -6.52604208720971104E-005
   12.125000000000000      -2.14967101322780180E-004
   12.375000000000000       7.72849305705623806E-005
   12.625000000000000       1.09393525681546647E-004
   12.875000000000000       2.13054435352883392E-004
   13.125000000000000      -1.49822421826114786E-004
   13.375000000000000      -3.23318783850552131E-004
   13.625000000000000       4.72216151250456407E-005
   13.875000000000000       1.82141601677133548E-004
   14.125000000000000       2.77511613977279262E-004
   14.375000000000000       1.46460881383378232E-005
   14.625000000000000      -4.03757971839811131E-004
   14.875000000000000      -2.47535077029579446E-004
   15.125000000000000       1.61104022233151810E-004
   15.375000000000000       2.97161504605651856E-004
   15.625000000000000       2.88819367545829005E-004
   15.875000000000000      -1.39711913061204949E-004
   16.125000000000000      -3.31070418075515870E-004
   16.375000000000000      -1.43713231928755970E-004
   16.625000000000000       2.74560792048650476E-005
   16.875000000000000       6.61898813100497588E-005
   17.125000000000000       1.94137136228340635E-004
   17.375000000000000       1.76104608536223209E-004
   17.625000000000000       6.51509886207784063E-006
   17.875000000000000      -1.14452137493248986E-004
   18.125000000000000      -2.72879645338954598E-004
   18.375000000000000      -2.56773635715914876E-004
   18.625000000000000      -5.59121909549304460E-006
   18.875000000000000       7.39208585786903997E-005
   19.125000000000000       2.31387667435486652E-005
   19.375000000000000       5.93527654828414960E-004
   19.625000000000000       1.33262056458558972E-003
   19.875000000000000       2.65473988701308249E-003
   20.125000000000000       4.20379333915394532E-003
   20.375000000000000       5.24117405202409632E-003
   20.625000000000000       6.81324751825120208E-003
   20.875000000000000       8.78338197787617569E-003
   21.125000000000000       1.14263447373429590E-002
   21.375000000000000       1.44370256986366685E-002
   21.625000000000000       1.68237958384305844E-002
   21.875000000000000       1.93803631003663553E-002
   22.125000000000000       2.23858600583180939E-002
   22.375000000000000       2.58429070504580735E-002
   22.625000000000000       2.99113013410833156E-002
   22.875000000000000       3.35003025782814254E-002
   23.125000000000000       3.66336825717932663E-002
   23.375000000000000       4.02085310257774206E-002
   23.625000000000000       4.40680240014598573E-002
   23.875000000000000       4.83745945342438644E-002
   24.125000000000000       5.25112240193230523E-002
   24.375000000000000       5.59704657322039889E-002
   24.625000000000000       5.95424053631843780E-002
   24.875000000000000       6.32616875413777729E-002
   25.125000000000000       6.71616085740610602E-002
   25.375000000000000       7.10179371690645711E-002
   25.625000000000000       7.43459970206189896E-002
   25.875000000000000       7.74413663237804029E-002
   26.125000000000000       8.04794762849631584E-002
   26.375000000000000       8.34704612359094683E-002
   26.625000000000000       8.63084176240566658E-002
   26.875000000000000       8.89060892213983101E-002
   27.125000000000000       9.11455223429301215E-002
   27.375000000000000       9.30478568059346922E-002
   27.625000000000000       9.48190249579095867E-002
   27.875000000000000       9.61806932785674029E-002
   28.125000000000000       9.73229825343058796E-002
   28.375000000000000       9.83897743119020451E-002
   28.625000000000000       9.90608999309069982E-002
   28.875000000000000       9.94342386858380889E-002
   29.125000000000000       9.91654745744068034E-002
   29.375000000000000       9.85235183239928092E-002
   29.625000000000000       9.82107918289766985E-002
   29.875000000000000       9.76326141821197702E-002
   30.125000000000000       9.64821597389045188E-002
   30.375000000000000       9.47434566278502754E-002
   30.625000000000000       9.25116845596995752E-002
   30.875000000000000       9.06298438973524856E-002
   31.125000000000000       8.88279278843782799E-002
   31.375000000000000       8.63969887587492796E-002
   31.625000000000000       8.34797399981725419E-002
   31.875000000000000       8.01509570809248728E-002
   32.125000000000000       7.69133155916115335E-002
   32.375000000000000       7.40068291831510322E-002
   32.625000000000000       7.07294840542344871E-002
   32.875000000000000       6.70174880236999726E-002
   33.125000000000000       6.31711541296637591E-002
   33.375000000000000       5.93060647653505038E-002
   33.625000000000000       5.56510108495321953E-002
   33.875000000000000       5.18904250165605069E-002
   34.125000000000000       4.78349460878190469E-002
   34.375000000000000       4.39624862549151604E-002
   34.625000000000000       4.03114142977700485E-002
   34.875000000000000       3.66604648480663362E-002
   35.125000000000000       3.29545603064037018E-002
   35.375000000000000       2.90825062274464863E-002
   35.625000000000000       2.53868754558613172E-002
   35.875000000000000       2.23184912635628341E-002
   36.125000000000000       1.96311568651355781E-002
   36.375000000000000       1.69109056898932540E-002
   36.625000000000000       1.40036227562724547E-002
   36.875000000000000       1.10407666562954317E-002
   37.125000000000000       8.52657293851582197E-003
   37.375000000000000       6.67540164298910388E-003
   37.625000000000000       5.16227127975361910E-003
   37.875000000000000       3.86485511137177849E-003
   38.125000000000000       2.86502800137366891E-003
   38.375000000000000       2.03983987535334959E-003
   38.625000000000000       1.29803211746232000E-003
   38.875000000000000       6.81364224667008363E-004
   39.125000000000000       2.47865363711402358E-004
   39.375000000000000       9.84279304772744246E-005
   39.625000000000000       1.56755292983682060E-004
   39.875000000000000       1.63359904194282130E-004
   40.125000000000000       1.66848032455932594E-004
   40.375000000000000       5.23005199352320782E-004
   40.625000000000000       1.40729692855051788E-003
   40.875000000000000       2.69719485771461589E-003
   41.125000000000000       4.09725207247852233E-003
   41.375000000000000       5.36810042596194085E-003
   41.625000000000000       6.74293087380246903E-003
   41.875000000000000       8.77195849980179181E-003
   42.125000000000000       1.15026116029684922E-002
   42.375000000000000       1.43436424356858314E-002
   42.625000000000000       1.68871175936080552E-002
   42.875000000000000       1.93776292069601126E-002
   43.125000000000000       2.23256779253434116E-002
   43.375000000000000       2.59333756654343758E-002
   43.625000000000000       2.98494589503107699E-002
   43.875000000000000       3.34845924356327457E-002
   44.125000000000000       3.67222124757934226E-002
   44.375000000000000       4.01108099140632252E-002
   44.625000000000000       4.41041213273000443E-002
   44.875000000000000       4.84156496142749623E-002
   45.125000000000000       5.24385751961586807E-002
   45.375000000000000       5.60229244884030489E-002
   45.625000000000000       5.95227946764820964E-002
   45.875000000000000       6.32600954127244541E-002
   46.125000000000000       6.71834150838221678E-002
   46.375000000000000       7.09753543736173081E-002
   46.625000000000000       7.43806116952594742E-002
   46.875000000000000       7.74502931528380789E-002
   47.125000000000000       8.04443782393760298E-002
   47.375000000000000       8.34720482458777557E-002
   47.625000000000000       8.63509213847970802E-002
   47.875000000000000       8.88852305620202315E-002
   48.125000000000000       9.11042208602850651E-002
   48.375000000000000       9.30991353899667529E-002
   48.625000000000000       9.48115873668303188E-002
   48.875000000000000       9.61749114700860552E-002
   49.125000000000000       9.73133810798237076E-002
   49.375000000000000       9.83589011887859022E-002
   49.625000000000000       9.91524834268086019E-002
   49.875000000000000       9.93927497975637397E-002
   50.125000000000000       9.90878940652891310E-002
   50.375000000000000       9.86104630276368882E-002
   50.625000000000000       9.82048179262662996E-002
   50.875000000000000       9.76315539271875865E-002
   51.125000000000000       9.64685350318411905E-002
   51.375000000000000       9.46671611545890912E-002
   51.625000000000000       9.26199647826317085E-002
   51.875000000000000       9.06715915218064272E-002
   52.125000000000000       8.87201874224826104E-002
   52.375000000000000       8.63854428006740060E-002
   52.625000000000000       8.34850723198733713E-002
   52.875000000000000       8.02341631453582643E-002
   53.125000000000000       7.69824578368051293E-002
   53.375000000000000       7.38459857318441715E-002
   53.625000000000000       7.06410793950409538E-002
   53.875000000000000       6.71352541065291103E-002
   54.125000000000000       6.33032722804910825E-002
   54.375000000000000       5.93371030961822102E-002
   54.625000000000000       5.54511837572440325E-002
   54.875000000000000       5.17064467152630186E-002
   55.125000000000000       4.80059587641715885E-002
   55.375000000000000       4.42260856307861577E-002
   55.625000000000000       4.03411441833171902E-002
   55.875000000000000       3.64427145835048705E-002
   56.125000000000000       3.26653479083066772E-002
   56.375000000000000       2.90982486810358633E-002
   56.625000000000000       2.57492980446684880E-002
   56.875000000000000       2.25710315449638155E-002
   57.125000000000000       1.95139217670258908E-002
   57.375000000000000       1.65663986384763755E-002
   57.625000000000000       1.37628009099767818E-002
   57.875000000000000       1.11652289636354311E-002
   58.125000000000000       8.83685209935673732E-003
   58.375000000000000       6.82155469061887683E-003
   58.625000000000000       5.13570933306870848E-003
   58.875000000000000       3.77014389940383884E-003
   59.125000000000000       2.69726810398514955E-003
   59.375000000000000       1.87899533632327289E-003
   59.625000000000000       1.27319627681719469E-003
   59.875000000000000       8.38180693595318334E-004
   60.125000000000000       5.35537322096225985E-004
   60.375000000000000       3.31790797652930353E-004
   60.625000000000000       1.99192120272054956E-004
   60.875000000000000       1.15831634947350255E-004
   61.125000000000000       6.52289300443373402E-005
   61.375000000000000       3.55718259549086499E-005
   61.625000000000000       1.87883393134009345E-005
   61.875000000000000       9.61399757188030140E-006
   62.125000000000000       4.76771131681913091E-006
   62.375000000000000       2.29240593339931175E-006
   62.625000000000000       1.06918529805167229E-006
   62.875000000000000       4.83960725326276757E-007
   63.125000000000000       2.12708389510233916E-007
   63.375000000000000       9.08238177944296248E-008
   63.625000000000000       3.76944366970869000E-008
   63.875000000000000       1.52137080243108640E-008
   64.125000000000000       5.97428306997046138E-009
   64.375000000000000       2.28368176336224900E-009
   64.625000000000000       8.50126451305372944E-010
   64.875000000000000       3.08333893191419470E-010
   65.125000000000000       1.09001584205878296E-010
   65.375000000000000       3.75746152737166311E-011
   65.625000000000000       1.26350019846400425E-011
   65.875000000000000       4.14606986235588139E-012
   66.125000000000000       1.32810618915445564E-012
   66.375000000000000       4.15442901830629610E-013
   66.625000000000000       1.26944273021889004E-013
   66.875000000000000       3.79029190658549978E-014
   67.125000000000000       1.10616137982997164E-014
   67.375000000000000       3.15626436445950933E-015
   67.625000000000000       8.80753908928687300E-016
   67.875000000000000       2.40421986055638436E-016
   68.125000000000000       6.42154135320235804E-017
   68.375000000000000       1.67861957061718567E-017
   68.625000000000000       4.29547389979291008E-018
   68.875000000000000       1.07624050650711867E-018
   69.125000000000000       2.64080669752469902E-019
   69.375000000000000       6.34714822917866954E-020
   69.625000000000000       1.49457411013771934E-020
   69.875000000000000       3.44851074096231940E-021
   70.125000000000000       7.79823297509480167E-022
   70.375000000000000       1.72855542034614967E-022
   70.625000000000000       3.75631343037020814E-023
   70.875000000000000       8.00382829981136214E-024
   71.125000000000000       1.67245464730528657E-024
   71.375000000000000       3.42761572122612569E-025
   71.625000000000000       6.89079091362504105E-026
   71.875000000000000       1.35906649691424855E-026
   72.125000000000000       2.63002685365840943E-027
   72.375000000000000       4.99434319753592505E-028
   72.625000000000000       9.30773478854745940E-029
   72.875000000000000       1.70256469497981604E-029
   73.125000000000000       3.05704484311800098E-030
   73.375000000000000       5.38866461775507479E-031
   73.625000000000000       9.32571980203559752E-032
   73.875000000000000       1.58468995798000401E-032
   74.125000000000000       2.64425956904565670E-033
   74.375000000000000       4.33308374257119542E-034
   74.625000000000000       6.97359975105267783E-035
   74.875000000000000       1.10234107851060506E-035
   75.125000000000000       1.71160889929369274E-036
   75.375000000000000       2.61066804526245694E-037
   75.625000000000000       3.91187401593975215E-038
   75.875000000000000       5.75877645100905588E-039
   76.125000000000000       8.32937443206767994E-040
   76.375000000000000       1.18373537170768690E-040
   76.625000000000000       1.65302285356199597E-041
   76.875000000000000       2.26832709666128066E-042
   77.125000000000000       3.05882334663959319E-043
   77.375000000000000       4.05362003408675576E-044
   77.625000000000000       5.27944648575876874E-045
   77.875000000000000       6.75781070569793168E-046
   78.125000000000000       8.50178832790825934E-047
   78.375000000000000       1.05127022031536316E-047
   78.625000000000000       1.27770398887090214E-048
   78.875000000000000       1.52640157821356935E-049
   79.125000000000000       1.79241984904482330E-050
   79.375000000000000       2.06895790863584458E-051
   79.625000000000000       2.34753467432362142E-052
   79.875000000000000       2.61834699211441082E-053
   80.125000000000000       2.87079704130260829E-054
   80.375000000000000       3.09415511183335700E-055
   80.625000000000000       3.27830301139368173E-056
   80.875000000000000       3.41448783791793378E-057
   81.125000000000000       3.49600860516008797E-058
   81.375000000000000       3.51876105576898083E-059
   81.625000000000000       3.48157917860154093E-060
   81.875000000000000       3.38633397445413481E-061
   82.125000000000000       3.23777785449382926E-062
   82.375000000000000       3.04315263784457217E-063
   82.625000000000000       2.81160605170569680E-064
   82.875000000000000       2.55348201386204809E-065
   83.125000000000000       2.27956104051413150E-066
   83.375000000000000       2.00032772992488779E-067
   83.625000000000000       1.72533301526448172E-068
   83.875000000000000       1.46270186793152534E-069
   84.125000000000000       1.21881550905946813E-070
   84.375000000000000       9.98174492731347920E-072
   84.625000000000000       8.03428552013739433E-073
   84.875000000000000       6.35543367007710769E-074
   85.125000000000000       4.94064852406327841E-075
   85.375000000000000       3.77438439017009275E-076
   85.625000000000000       2.83343394963410084E-077
   85.875000000000000       2.09009044494487557E-078
   86.125000000000000       1.51489006547899983E-079
   86.375000000000000       1.07879525043417887E-080
   86.625000000000000       7.54771327242642873E-082
   86.875000000000000       5.18782788084881672E-083
   87.125000000000000       3.50286650132213410E-084
   87.375000000000000       2.32328368488534013E-085
   87.625000000000000       1.51353675943884626E-086
   87.875000000000000       9.68424734637610215E-088
   88.125000000000000       6.08540743214975025E-089
   88.375000000000000       3.75518765578466621E-090
   88.625000000000000       2.27539969558523271E-091
   88.875000000000000       1.35373124187809671E-092
   89.125000000000000       7.90852495418694014E-094
   89.375000000000000       4.78914106856288193E-095
   89.625000000000000       4.78914106856288193E-095
