  -10.625000000000000      -4.59974260294482072E-006
  -10.375000000000000      -4.59974260294482072E-006
  -10.125000000000000       1.25660435392238413E-005
  -9.8750000000000000      -1.71479965396378618E-005
  -9.6250000000000000       1.70645957042790818E-005
  -9.3750000000000000      -1.22494780574985345E-005
  -9.1250000000000000       3.89518959620834760E-006
  -8.8750000000000000       5.82526539220268628E-006
  -8.6250000000000000      -1.43049458140318074E-005
  -8.3750000000000000       1.91918320431605154E-005
  -8.1250000000000000      -1.90468418258791947E-005
  -7.8750000000000000       1.37895458743045287E-005
  -7.6250000000000000      -4.78972602249308479E-006
  -7.3750000000000000      -5.45223523115185149E-006
  -7.1250000000000000       1.39795597875858697E-005
  -6.8750000000000000      -1.82380649047566356E-005
  -6.6250000000000000       1.68728213132072607E-005
  -6.3750000000000000      -1.02056725652808879E-005
  -6.1250000000000000       2.10432685330815081E-007
  -5.8750000000000000       1.00505995041429977E-005
  -5.6250000000000000      -1.73838773879772837E-005
  -5.3750000000000000       1.95147307391350987E-005
  -5.1250000000000000      -1.58618947188703452E-005
  -4.8750000000000000       7.73049773137878579E-006
  -4.6250000000000000       2.19115279804411471E-006
  -4.3750000000000000      -1.08801584453438517E-005
  -4.1250000000000000       1.61798186036284141E-005
  -3.8750000000000000      -1.76484454108307577E-005
  -3.6250000000000000       1.66459655414542043E-005
  -3.3750000000000000      -1.55440141628154641E-005
  -3.1250000000000000       1.63461337040256333E-005
  -2.8750000000000000      -1.93417451175744119E-005
  -2.6250000000000000       2.25134157241970438E-005
  -2.3750000000000000      -2.21706620647126975E-005
  -2.1250000000000000       1.47408857122452707E-005
  -1.8750000000000000       9.83035705666173603E-007
  -1.6250000000000000      -2.22524013068569636E-005
  -1.3750000000000000       4.24684714940031291E-005
  -1.1250000000000000      -5.33770702614429319E-005
 -0.87500000000000000       4.87278149932958958E-005
 -0.62500000000000000      -2.78385610606132793E-005
 -0.37500000000000000      -2.82240956623070345E-006
 -0.12500000000000000       3.13158177566736569E-005
  0.12500000000000000      -4.50103014774476791E-005
  0.37500000000000000       3.66148236287882508E-005
  0.62500000000000000      -8.56482874599228398E-006
  0.87500000000000000      -2.68324570069467138E-005
   1.1250000000000000       5.22941893463900527E-005
   1.3750000000000000      -5.37091710907141163E-005
   1.6250000000000000       2.76648541599314765E-005
   1.8750000000000000       1.57938422334869216E-005
   2.1250000000000000      -5.72873320683347053E-005
   2.3750000000000000       7.76366996955049182E-005
   2.6250000000000000      -6.80558756036235541E-005
   2.8750000000000000       3.52714433942039973E-005
   3.1250000000000000       1.85107649194635212E-006
   3.3750000000000000      -2.29068788056548514E-005
   3.6250000000000000       1.79977827036555174E-005
   3.8750000000000000       6.01946703181766300E-006
   4.1250000000000000      -2.93819843174423823E-005
   4.3750000000000000       3.16345695135906405E-005
   4.6250000000000000      -4.93273227113194155E-006
   4.8750000000000000      -4.01343003793407302E-005
   5.1250000000000000       8.04386586459159290E-005
   5.3750000000000000      -9.45651961632965846E-005
   5.6250000000000000       7.61606417834636288E-005
   5.8750000000000000      -3.72965729059124247E-005
   6.1250000000000000      -5.37988678727996427E-007
   6.3750000000000000       2.13298002506091380E-005
   6.6250000000000000      -2.43067573671804798E-005
   6.8750000000000000       2.12612409228397754E-005
   7.1250000000000000      -2.38590783319887867E-005
   7.3750000000000000       3.17941041258614713E-005
   7.6250000000000000      -3.25795004896269229E-005
   7.8750000000000000       1.42501472264068208E-005
   8.1250000000000000       1.96212673969083102E-005
   8.3750000000000000      -4.71482110731572196E-005
   8.6250000000000000       4.32885612437870708E-005
   8.8750000000000000      -2.77500670900109796E-006
   9.1250000000000000      -4.89385392336786490E-005
   9.3750000000000000       6.97705949410758197E-005
   9.6250000000000000      -3.31860709322801271E-005
   9.8750000000000000      -4.61306453540614168E-005
   10.125000000000000       1.16526542049201086E-004
   10.375000000000000      -1.24877744601158824E-004
   10.625000000000000       5.80549100236120051E-005
   10.875000000000000       4.30878489196656725E-005
   11.125000000000000      -1.10943546148976370E-004
   11.375000000000000       1.00209093628460835E-004
   11.625000000000000      -2.06171706153737537E-005
   11.875000000000000      -7.21075579330206722E-005
   12.125000000000000       1.18430406234614242E-004
   12.375000000000000      -9.56669790683639546E-005
   12.625000000000000       2.68212223165753522E-005
   12.875000000000000       4.35613752683676892E-005
   13.125000000000000      -8.16149038286341770E-005
   13.375000000000000       7.92230724348889079E-005
   13.625000000000000      -4.79740788785786211E-005
   13.875000000000000       6.31656117011286563E-006
   14.125000000000000       2.77593848872255755E-005
   14.375000000000000      -4.03828409946860146E-005
   14.625000000000000       2.87294108215748609E-005
   14.875000000000000      -7.45908565782683400E-006
   15.125000000000000       1.81051859399820363E-006
   15.375000000000000      -2.52221818416370952E-005
   15.625000000000000       6.14129885399349149E-005
   15.875000000000000      -7.46930101477394175E-005
   16.125000000000000       4.49067799249152459E-005
   16.375000000000000       8.01061409141127302E-006
   16.625000000000000      -4.00355587757482249E-005
   16.875000000000000       2.68246860695347567E-005
   17.125000000000000       1.13138178541081557E-005
   17.375000000000000      -3.12794712965938973E-005
   17.625000000000000       1.10726092143860220E-005
   17.875000000000000       3.30778002782106586E-005
   18.125000000000000      -7.02683584342947491E-005
   18.375000000000000       8.42649117916361085E-005
   18.625000000000000      -7.45186755371173953E-005
   18.875000000000000       4.06486685913539397E-005
   19.125000000000000       1.53424274200529266E-005
   19.375000000000000      -7.04014837668715383E-005
   19.625000000000000       8.47961214396265222E-005
   19.875000000000000      -4.25329372300225391E-005
   20.125000000000000      -2.05440132805316411E-005
   20.375000000000000       4.88621252756070207E-005
   20.625000000000000      -2.83321945375045703E-005
   20.875000000000000      -2.87346304808350336E-006
   21.125000000000000       9.22021026702141841E-006
   21.375000000000000      -4.81973503997587888E-007
   21.625000000000000       3.89019317714823983E-006
   21.875000000000000      -1.67579282545396967E-005
   22.125000000000000       1.82593623733186917E-005
   22.375000000000000      -1.49464542170757004E-005
   22.625000000000000       3.09052063110694955E-005
   22.875000000000000      -5.08427346686516778E-005
   23.125000000000000       2.46386991051581467E-005
   23.375000000000000       4.90743212111603361E-005
   23.625000000000000      -9.50289509476036332E-005
   23.875000000000000       5.86862746550304492E-005
   24.125000000000000       1.28689343589449170E-005
   24.375000000000000      -4.17749611085878542E-005
   24.625000000000000       2.81655583687394817E-005
   24.875000000000000      -1.69758707548404676E-005
   25.125000000000000       5.26562567383832576E-009
   25.375000000000000       4.97361856489493719E-005
   25.625000000000000      -7.95565540567131561E-005
   25.875000000000000       1.81305198844916213E-005
   26.125000000000000       8.16197718260052812E-005
   26.375000000000000      -1.00036490763522271E-004
   26.625000000000000       3.91142296744648497E-005
   26.875000000000000       1.23789012149948653E-006
   27.125000000000000      -1.11541278227527776E-005
   27.375000000000000       4.93731573764671062E-005
   27.625000000000000      -7.33490927630790703E-005
   27.875000000000000       1.32281582144148794E-005
   28.125000000000000       4.41380184315827540E-005
   28.375000000000000       4.51988400887839617E-006
   28.625000000000000      -5.84143438972783166E-005
   28.875000000000000       2.27980382447555825E-006
   29.125000000000000       6.14264318888016632E-005
   29.375000000000000      -4.18840755866675953E-005
   29.625000000000000       3.78119997840657449E-005
   29.875000000000000      -5.09101301775611326E-005
   30.125000000000000      -5.42047145149854927E-005
   30.375000000000000       1.62379021302204722E-004
   30.625000000000000      -5.52974089227606391E-005
   30.875000000000000      -9.50326833726683701E-005
   31.125000000000000       6.37853963182409068E-005
   31.375000000000000      -4.96878074671052648E-005
   31.625000000000000       1.21462248965446007E-004
   31.875000000000000       2.45435111788844305E-005
   32.125000000000000      -2.38905721607384148E-004
   32.375000000000000       9.04037747371100179E-005
   32.625000000000000       1.10447635008748311E-004
   32.875000000000000       7.69195758918802988E-006
   33.125000000000000       7.28232803963083488E-006
   33.375000000000000      -2.13591901358641542E-004
   33.625000000000000       2.75349101265650253E-005
   33.875000000000000       1.96626732845966648E-004
   34.125000000000000       4.32484572957603577E-005
   34.375000000000000      -3.86419473720116480E-005
   34.625000000000000      -2.46586447631577449E-004
   34.875000000000000      -5.13773747016305830E-005
   35.125000000000000       2.75294485052719653E-004
   35.375000000000000       1.55338675714588649E-004
   35.625000000000000      -6.85412460210109431E-005
   35.875000000000000      -2.87944245421050717E-004
   36.125000000000000      -1.79651819736768175E-004
   36.375000000000000       2.50801524167010130E-004
   36.625000000000000       3.30656947180752152E-004
   36.875000000000000      -1.81048224871131812E-005
   37.125000000000000      -2.69137033579269975E-004
   37.375000000000000      -2.02770859884519422E-004
   37.625000000000000      -1.10176446785520171E-005
   37.875000000000000       2.23136248232915315E-004
   38.125000000000000       2.20596987334764334E-004
   38.375000000000000      -1.69723064119092456E-005
   38.625000000000000      -1.02461201596285029E-004
   38.875000000000000      -1.79729701842543989E-004
   39.125000000000000      -1.40485237452758012E-004
   39.375000000000000       5.37140761399242954E-005
   39.625000000000000       1.12105783538176708E-004
   39.875000000000000       2.52060671071513865E-004
   40.125000000000000       1.68406210187269892E-004
   40.375000000000000      -2.21715243686358135E-004
   40.625000000000000      -2.82998486466222248E-004
   40.875000000000000      -1.58687413323151821E-004
   41.125000000000000       9.72114792331345008E-005
   41.375000000000000       3.34824904357240737E-004
   41.625000000000000       4.15030983162151127E-005
   41.875000000000000      -2.09336772943857400E-004
   42.125000000000000      -5.89344408049589561E-005
   42.375000000000000       1.81485246293026583E-004
   42.625000000000000       3.80875800192963460E-004
   42.875000000000000       2.05406986787312878E-005
   43.125000000000000      -6.63683636985808265E-004
   43.375000000000000      -7.67337137349832017E-004
   43.625000000000000      -3.80127242042272958E-004
   43.875000000000000       1.65536684613816059E-004
   44.125000000000000       5.22120666550858394E-004
   44.375000000000000       5.17157570841811289E-004
   44.625000000000000       9.98630644239197496E-004
   44.875000000000000       2.34959818635932126E-003
   45.125000000000000       4.00865184956823023E-003
   45.375000000000000       5.66103319198318217E-003
   45.625000000000000       7.16441831744116589E-003
   45.875000000000000       8.82221277492132791E-003
   46.125000000000000       1.11855308295249686E-002
   46.375000000000000       1.40290763478549910E-002
   46.625000000000000       1.69577826673059685E-002
   46.875000000000000       1.98623088440350523E-002
   47.125000000000000       2.27037226290046114E-002
   47.375000000000000       2.58658375988318062E-002
   47.625000000000000       2.95360112585060577E-002
   47.875000000000000       3.32829372286070069E-002
   48.125000000000000       3.69429372753682511E-002
   48.375000000000000       4.06286227309981124E-002
   48.625000000000000       4.43729837888655471E-002
   48.875000000000000       4.82486736272192338E-002
   49.125000000000000       5.21275644260408497E-002
   49.375000000000000       5.59245881371201875E-002
   49.625000000000000       5.98578034948974713E-002
   49.875000000000000       6.37900012879673711E-002
   50.125000000000000       6.73543481841768488E-002
   50.375000000000000       7.06605629279588865E-002
   50.625000000000000       7.40116806330953364E-002
   50.875000000000000       7.75081253638216228E-002
   51.125000000000000       8.09674628669156127E-002
   51.375000000000000       8.39210645989858506E-002
   51.625000000000000       8.62465355548494156E-002
   51.875000000000000       8.84653080690455534E-002
   52.125000000000000       9.09239816000944751E-002
   52.375000000000000       9.33360242446679284E-002
   52.625000000000000       9.52046724180444781E-002
   52.875000000000000       9.63379189452839291E-002
   53.125000000000000       9.71277546788192891E-002
   53.375000000000000       9.80923205404725246E-002
   53.625000000000000       9.90764677792171228E-002
   53.875000000000000       9.95257761917836270E-002
   54.125000000000000       9.93191301267606352E-002
   54.375000000000000       9.87493817261053536E-002
   54.625000000000000       9.80800812529941390E-002
   54.875000000000000       9.73476205813971485E-002
   55.125000000000000       9.63075914546324685E-002
   55.375000000000000       9.47379005319235468E-002
   55.625000000000000       9.28106806817079466E-002
   55.875000000000000       9.07988702823763760E-002
   56.125000000000000       8.86351602982432957E-002
   56.375000000000000       8.60999582416945713E-002
   56.625000000000000       8.31903907368177764E-002
   56.875000000000000       8.01426359337993333E-002
   57.125000000000000       7.71714143216434278E-002
   57.375000000000000       7.41397145039521810E-002
   57.625000000000000       7.06636680408899709E-002
   57.875000000000000       6.67258549505859583E-002
   58.125000000000000       6.28029316626557976E-002
   58.375000000000000       5.91973314308460660E-002
   58.625000000000000       5.57028635493436244E-002
   58.875000000000000       5.20195933636744615E-002
   59.125000000000000       4.80741240238804213E-002
   59.375000000000000       4.39682497603441289E-002
   59.625000000000000       3.99178062697501113E-002
   59.875000000000000       3.61244020162920162E-002
   60.125000000000000       3.25900894084143467E-002
   60.375000000000000       2.92140578389583627E-002
   60.625000000000000       2.59720888268391431E-002
   60.875000000000000       2.27975114020046998E-002
   61.125000000000000       1.95297799468755542E-002
   61.375000000000000       1.62254768570558594E-002
   61.625000000000000       1.32568776875364655E-002
   61.875000000000000       1.08837501421173103E-002
   62.125000000000000       8.94226972525203473E-003
   62.375000000000000       7.09995118660935488E-003
   62.625000000000000       5.26898118348339151E-003
   62.875000000000000       3.69811169576570679E-003
   63.125000000000000       2.69535572273174508E-003
   63.375000000000000       2.21292488812626590E-003
   63.625000000000000       1.76035769998710012E-003
   63.875000000000000       9.35651465210613647E-004
   64.125000000000000      -4.84337141800039424E-006
   64.375000000000000      -4.16658886019711464E-004
   64.625000000000000      -1.19176209967364376E-004
   64.875000000000000       3.68721073206072466E-004
   65.125000000000000       5.46540930200218483E-004
   65.375000000000000       5.84387383326764550E-004
   65.625000000000000       1.07690112244207895E-003
   65.875000000000000       2.32097708565571961E-003
   66.125000000000000       4.02146092191313798E-003
   66.375000000000000       5.67849292224888429E-003
   66.625000000000000       7.16151681171897821E-003
   66.875000000000000       8.84410903306505347E-003
   67.125000000000000       1.11496891936143407E-002
   67.375000000000000       1.40273077943999826E-002
   67.625000000000000       1.70148263011917870E-002
   67.875000000000000       1.98249232432323799E-002
   68.125000000000000       2.26712360159024712E-002
   68.375000000000000       2.59092896307173970E-002
   68.625000000000000       2.95407509678172892E-002
   68.875000000000000       3.32693743082002821E-002
   69.125000000000000       3.69301207220365940E-002
   69.375000000000000       4.06181375805187289E-002
   69.625000000000000       4.44181032944533788E-002
   69.875000000000000       4.82526339463440618E-002
   70.125000000000000       5.20644180541077473E-002
   70.375000000000000       5.59390711805685253E-002
   70.625000000000000       5.99086822424742815E-002
   70.875000000000000       6.37774576301173013E-002
   71.125000000000000       6.73280666300557773E-002
   71.375000000000000       7.06428543884650151E-002
   71.625000000000000       7.40242973877186239E-002
   71.875000000000000       7.75642781796717085E-002
   72.125000000000000       8.09563445341925786E-002
   72.375000000000000       8.38422026639177448E-002
   72.625000000000000       8.62495066306749880E-002
   72.875000000000000       8.85431728063422185E-002
   73.125000000000000       9.09524477273759013E-002
   73.375000000000000       9.32768572287773767E-002
   73.625000000000000       9.51246123897449836E-002
   73.875000000000000       9.63666143745361553E-002
   74.125000000000000       9.72565644791100470E-002
   74.375000000000000       9.81072534190597784E-002
   74.625000000000000       9.89320706458292620E-002
   74.875000000000000       9.94529718839712307E-002
   75.125000000000000       9.94231808177958865E-002
   75.375000000000000       9.88804533614088543E-002
   75.625000000000000       9.80750625657513392E-002
   75.875000000000000       9.71926924357540828E-002
   76.125000000000000       9.61820483307341545E-002
   76.375000000000000       9.48413930799562599E-002
   76.625000000000000       9.30386374734510357E-002
   76.875000000000000       9.08339134548165617E-002
   77.125000000000000       8.84072761016398423E-002
   77.375000000000000       8.58913610524542626E-002
   77.625000000000000       8.32748332312762962E-002
   77.875000000000000       8.04474672732817531E-002
   78.125000000000000       7.73219497860627575E-002
   78.375000000000000       7.39167854649398076E-002
   78.625000000000000       7.03408550837004015E-002
   78.875000000000000       6.67110612601959641E-002
   79.125000000000000       6.30792212238087957E-002
   79.375000000000000       5.94203454784852786E-002
   79.625000000000000       5.56779082562405339E-002
   79.875000000000000       5.18226682298460334E-002
   80.125000000000000       4.78827598502855056E-002
   80.375000000000000       4.39319072203047112E-002
   80.625000000000000       4.00522835322303650E-002
   80.875000000000000       3.62996449410350336E-002
   81.125000000000000       3.26897934503302817E-002
   81.375000000000000       2.92084867614670236E-002
   81.625000000000000       2.58339832418862797E-002
   81.875000000000000       2.25581926776788830E-002
   82.125000000000000       1.93971955755373737E-002
   82.375000000000000       1.63894140579358867E-002
   82.625000000000000       1.35853633628173157E-002
   82.875000000000000       1.10348510494319638E-002
   83.125000000000000       8.77638283584274842E-003
   83.375000000000000       6.83111454328842477E-003
   83.625000000000000       5.20147187770236222E-003
   83.875000000000000       3.87326310065842089E-003
   84.125000000000000       2.81973967344337131E-003
   84.375000000000000       2.00627214055569721E-003
   84.625000000000000       1.39473527146718231E-003
   84.875000000000000       9.47105132110020358E-004
   85.125000000000000       6.28073469130082372E-004
   85.375000000000000       4.06680859284809786E-004
   85.625000000000000       2.57087299252557332E-004
   85.875000000000000       1.58661834990909522E-004
   86.125000000000000       9.55958087296015927E-005
   86.375000000000000       5.62361449416705990E-005
   86.625000000000000       3.23043974530051332E-005
   86.875000000000000       1.81240911894772352E-005
   87.125000000000000       9.93333187570976781E-006
   87.375000000000000       5.31969516120877392E-006
   87.625000000000000       2.78452821428085605E-006
   87.875000000000000       1.42502143387243975E-006
   88.125000000000000       7.13272519532678228E-007
   88.375000000000000       3.49407053607948005E-007
   88.625000000000000       1.67849132759099372E-007
   88.875000000000000       7.97774033929999872E-008
   89.125000000000000       3.91255317082328033E-008
   89.375000000000000       2.33578257334846803E-008
   89.625000000000000       2.33578257334846803E-008
