  -10.625000000000000       1.50055860055925354E-006
  -10.375000000000000       1.50055860055925354E-006
  -10.125000000000000      -3.31101627468908724E-006
  -9.8750000000000000       1.98221040805000619E-006
  -9.6250000000000000       3.27188696284579490E-006
  -9.3750000000000000      -1.17131171522265552E-005
  -9.1250000000000000       2.12124465775639972E-005
  -8.8750000000000000      -2.88578365613979014E-005
  -8.6250000000000000       3.18671567753364584E-005
  -8.3750000000000000      -2.85285949686646188E-005
  -8.1250000000000000       1.88608550014452122E-005
  -7.8750000000000000      -4.75172176787676088E-006
  -7.6250000000000000      -1.05126853707327676E-005
  -7.3750000000000000       2.32140346368661885E-005
  -7.1250000000000000      -3.03633037845598317E-005
  -6.8750000000000000       3.06571915894199624E-005
  -6.6250000000000000      -2.48654967320621398E-005
  -6.3750000000000000       1.54679985109265226E-005
  -6.1250000000000000      -5.63965087228220942E-006
  -5.8750000000000000      -2.03768615657666698E-006
  -5.6250000000000000       6.59963356664339722E-006
  -5.3750000000000000      -8.97622414068760148E-006
  -5.1250000000000000       1.13214627283189564E-005
  -4.8750000000000000      -1.56233178027019768E-005
  -4.6250000000000000       2.22192040777309700E-005
  -4.3750000000000000      -2.90071696061509437E-005
  -4.1250000000000000       3.19401551496124864E-005
  -3.8750000000000000      -2.68363182200311755E-005
  -3.6250000000000000       1.18347089549857232E-005
  -3.3750000000000000       1.06937968864140618E-005
  -3.1250000000000000      -3.39808239737470445E-005
  -2.8750000000000000       4.90038849108284836E-005
  -2.6250000000000000      -4.83952782476968830E-005
  -2.3750000000000000       3.04779387525476407E-005
  -2.1250000000000000      -1.31377860368473256E-006
  -1.8750000000000000      -2.67832756224064807E-005
  -1.6250000000000000       4.02599679716210114E-005
  -1.3750000000000000      -3.09328754111553304E-005
  -1.1250000000000000       9.80265124148598242E-007
 -0.87500000000000000       3.66651228009890655E-005
 -0.62500000000000000      -6.35412139333913813E-005
 -0.37500000000000000       6.45766539487058281E-005
 -0.12500000000000000      -3.63701307075334324E-005
  0.12500000000000000      -9.85821936786981598E-006
  0.37500000000000000       5.30018473662441104E-005
  0.62500000000000000      -7.27300739889667308E-005
  0.87500000000000000       6.05940304703288523E-005
   1.1250000000000000      -2.51297245177125174E-005
   1.3750000000000000      -1.26227067968523709E-005
   1.6250000000000000       3.12703315764284611E-005
   1.8750000000000000      -2.19819650483380543E-005
   2.1250000000000000      -5.90092640412584387E-006
   2.3750000000000000       3.06370539003003115E-005
   2.6250000000000000      -3.21765494253592514E-005
   2.8750000000000000       5.68226594683316334E-006
   3.1250000000000000       3.46906161079138338E-005
   3.3750000000000000      -6.48113638734642915E-005
   3.6250000000000000       6.66013792837839944E-005
   3.8750000000000000      -3.99164332879780627E-005
   4.1250000000000000       1.61682006056011393E-006
   4.3750000000000000       2.75794900572340384E-005
   4.6250000000000000      -3.83795888221056365E-005
   4.8750000000000000       3.81164488755858700E-005
   5.1250000000000000      -4.14089252171967687E-005
   5.3750000000000000       5.40806756810697877E-005
   5.6250000000000000      -6.48844242237301436E-005
   5.8750000000000000       5.41098245828264851E-005
   6.1250000000000000      -1.35534105111048358E-005
   6.3750000000000000      -3.95665436955737246E-005
   6.6250000000000000       6.99090447342959906E-005
   6.8750000000000000      -5.07617928106265603E-005
   7.1250000000000000      -1.01342500967802079E-005
   7.3750000000000000       6.94297984364428047E-005
   7.6250000000000000      -7.76290082437230581E-005
   7.8750000000000000       1.88118979135645532E-005
   8.1250000000000000       7.19254089134602892E-005
   8.3750000000000000      -1.30802337546917621E-004
   8.6250000000000000       1.12706909779161364E-004
   8.8750000000000000      -2.64102712088036919E-005
   9.1250000000000000      -7.12722153886889448E-005
   9.3750000000000000       1.17823281480992960E-004
   9.6250000000000000      -8.93855415222117146E-005
   9.8750000000000000       1.27407344356364287E-005
   10.125000000000000       6.02538731181816574E-005
   10.375000000000000      -9.02600527336991820E-005
   10.625000000000000       7.00415112705973536E-005
   10.875000000000000      -1.80285100018239594E-005
   11.125000000000000      -3.89822805056175406E-005
   11.375000000000000       7.73044665695941209E-005
   11.625000000000000      -8.10467287419803443E-005
   11.875000000000000       4.82585483601777251E-005
   12.125000000000000       2.55475535798804131E-006
   12.375000000000000      -3.86928737586314419E-005
   12.625000000000000       3.73919585633234245E-005
   12.875000000000000      -8.71825676240620110E-006
   13.125000000000000      -1.05429819397212472E-005
   13.375000000000000      -6.80585347948258330E-006
   13.625000000000000       4.75778053472506409E-005
   13.875000000000000      -6.92677489749194645E-005
   14.125000000000000       4.47479387459228306E-005
   14.375000000000000       8.32648381606484924E-006
   14.625000000000000      -4.70109628164308230E-005
   14.875000000000000       4.79369997451640852E-005
   15.125000000000000      -2.51365325318457973E-005
   15.375000000000000       5.32423424622799726E-006
   15.625000000000000       9.34502544206545623E-007
   15.875000000000000       4.05706435954919972E-006
   16.125000000000000      -2.37344998226445971E-005
   16.375000000000000       6.13946995336600988E-005
   16.625000000000000      -9.53633951602328656E-005
   16.875000000000000       8.44856095707228929E-005
   17.125000000000000      -1.62916494771776294E-005
   17.375000000000000      -6.35543384351962715E-005
   17.625000000000000       9.35587538220179510E-005
   17.875000000000000      -6.48767916807343765E-005
   18.125000000000000       2.36242491937687721E-005
   18.375000000000000      -4.82283987759434050E-006
   18.625000000000000      -3.45035792765836354E-006
   18.875000000000000       1.76271708309822158E-005
   19.125000000000000      -1.94343429905167705E-005
   19.375000000000000      -6.07683446593329221E-006
   19.625000000000000       2.50541638331912839E-005
   19.875000000000000      -9.71249909543483238E-007
   20.125000000000000      -3.17961072799324607E-005
   20.375000000000000       8.06878688745813144E-006
   20.625000000000000       5.67243718200493465E-005
   20.875000000000000      -7.44004998644980662E-005
   21.125000000000000       1.82801813013559077E-005
   21.375000000000000       3.88013530701834244E-005
   21.625000000000000      -4.99620234372508181E-005
   21.875000000000000       5.44113669303714068E-005
   22.125000000000000      -6.57501694926590426E-005
   22.375000000000000       2.46445656236061696E-005
   22.625000000000000       6.36559184952527281E-005
   22.875000000000000      -8.44475050015596937E-005
   23.125000000000000       1.74595928304404285E-006
   23.375000000000000       6.30863149176051483E-005
   23.625000000000000      -4.07364169618536798E-005
   23.875000000000000       1.36681249889019377E-005
   24.125000000000000      -1.23387971056672073E-005
   24.375000000000000      -4.34012508431205535E-005
   24.625000000000000       1.14591592725802943E-004
   24.875000000000000      -6.25432562297261038E-005
   25.125000000000000      -5.09347284837716619E-005
   25.375000000000000       5.02029700179128951E-005
   25.625000000000000       2.78698299978784950E-006
   25.875000000000000       3.11456389438770763E-005
   26.125000000000000      -4.29264061159398294E-005
   26.375000000000000      -3.21763360950222743E-005
   26.625000000000000      -1.29301302659977363E-006
   26.875000000000000       1.11155633191579073E-004
   27.125000000000000      -1.09506988052118521E-005
   27.375000000000000      -1.56385465534778520E-004
   27.625000000000000       6.53626507966641873E-005
   27.875000000000000       3.52580419235272517E-005
   28.125000000000000       6.44971407331688278E-005
   28.375000000000000       2.60771332947519463E-005
   28.625000000000000      -2.47252769696020567E-004
   28.875000000000000       4.99966227568908017E-005
   29.125000000000000       2.14365586636377630E-004
   29.375000000000000      -3.07043695801615009E-005
   29.625000000000000      -1.67353552989841237E-005
   29.875000000000000      -1.84143627944604682E-004
   30.125000000000000      -8.73506960125332885E-005
   30.375000000000000       3.06072776504027696E-004
   30.625000000000000       9.83776794810326612E-005
   30.875000000000000      -9.73300987171964096E-005
   31.125000000000000      -2.25600428719045245E-004
   31.375000000000000      -1.85797845294307718E-004
   31.625000000000000       3.09289115001993577E-004
   31.875000000000000       2.72267516279999194E-004
   32.125000000000000      -4.88823018642814118E-005
   32.375000000000000      -2.50959775702695959E-004
   32.625000000000000      -3.10200909053508635E-004
   32.875000000000000       1.42138651315422101E-004
   33.125000000000000       3.28509134592304256E-004
   33.375000000000000       9.59787118969940268E-005
   33.625000000000000      -4.12949620377959853E-005
   33.875000000000000      -1.94061445398817150E-004
   34.125000000000000      -1.96528526705440018E-004
   34.375000000000000      -1.20610607587781681E-005
   34.625000000000000       1.25284464207600665E-004
   34.875000000000000       1.63378471198564535E-004
   35.125000000000000       1.64318426191569118E-004
   35.375000000000000       2.90433673640624283E-005
   35.625000000000000      -2.25459418780740240E-004
   35.875000000000000      -2.57666281500873104E-004
   36.125000000000000      -1.04407064404009759E-004
   36.375000000000000       1.72673494212564459E-004
   36.625000000000000       3.24095202677412010E-004
   36.875000000000000       1.99382123761291183E-005
   37.125000000000000      -1.63003198687800449E-004
   37.375000000000000      -5.58771682741715547E-005
   37.625000000000000       1.09240247796376874E-004
   37.875000000000000       2.57092712293149103E-004
   38.125000000000000      -1.68853864610955915E-004
   38.375000000000000      -7.35315567693435503E-004
   38.625000000000000      -6.54430883376035848E-004
   38.875000000000000      -1.70911312517077745E-004
   39.125000000000000       5.55731255537778826E-004
   39.375000000000000       1.04782952102840977E-003
   39.625000000000000       1.21670423346919090E-003
   39.875000000000000       2.05649756151435152E-003
   40.125000000000000       3.65259881731777505E-003
   40.375000000000000       5.57193060983651213E-003
   40.625000000000000       7.51880381546288657E-003
   40.875000000000000       9.11777299054019816E-003
   41.125000000000000       1.10247474506731565E-002
   41.375000000000000       1.37601966325468072E-002
   41.625000000000000       1.68080346516063864E-002
   41.875000000000000       1.99449171197605829E-002
   42.125000000000000       2.29781395516146444E-002
   42.375000000000000       2.59127330398080599E-002
   42.625000000000000       2.93160070161033980E-002
   42.875000000000000       3.31197059328626753E-002
   43.125000000000000       3.69639847319868931E-002
   43.375000000000000       4.07750236052548745E-002
   43.625000000000000       4.44060488949183305E-002
   43.875000000000000       4.81132231280239353E-002
   44.125000000000000       5.21029994129673032E-002
   44.375000000000000       5.60076096539485757E-002
   44.625000000000000       5.98006135982112330E-002
   44.875000000000000       6.36325951764293019E-002
   45.125000000000000       6.73376197058594417E-002
   45.375000000000000       7.08569283382020493E-002
   45.625000000000000       7.41512676709283058E-002
   45.875000000000000       7.73155979330707593E-002
   46.125000000000000       8.06544928054204885E-002
   46.375000000000000       8.39051609589958752E-002
   46.625000000000000       8.65527529840192794E-002
   46.875000000000000       8.87101907884972618E-002
   47.125000000000000       9.07621785105994228E-002
   47.375000000000000       9.29300145999756994E-002
   47.625000000000000       9.50883122595088531E-002
   47.875000000000000       9.66669225161906343E-002
   48.125000000000000       9.74530570785926836E-002
   48.375000000000000       9.79914189767133320E-002
   48.625000000000000       9.86966666515935453E-002
   48.875000000000000       9.93743494507983438E-002
   49.125000000000000       9.95666122196499914E-002
   49.375000000000000       9.90160253279715463E-002
   49.625000000000000       9.80415166921258380E-002
   49.875000000000000       9.71333865416628972E-002
   50.125000000000000       9.61986793338536483E-002
   50.375000000000000       9.48423844803426286E-002
   50.625000000000000       9.29907392791690240E-002
   50.875000000000000       9.08035870061979222E-002
   51.125000000000000       8.84666193875596474E-002
   51.375000000000000       8.60553477656586796E-002
   51.625000000000000       8.33750338846814959E-002
   51.875000000000000       8.02909299192069159E-002
   52.125000000000000       7.70589968972926198E-002
   52.375000000000000       7.39056421026521027E-002
   52.625000000000000       7.06516477126468700E-002
   52.875000000000000       6.70231717446472808E-002
   53.125000000000000       6.30433904414123003E-002
   53.375000000000000       5.90630473893810418E-002
   53.625000000000000       5.54168672118754563E-002
   53.875000000000000       5.19635071078900224E-002
   54.125000000000000       4.82372721848661618E-002
   54.375000000000000       4.41322924040412692E-002
   54.625000000000000       4.00002966352821510E-002
   54.875000000000000       3.61173669229387651E-002
   55.125000000000000       3.25126362380457404E-002
   55.375000000000000       2.91543520847778251E-002
   55.625000000000000       2.59487379074891007E-002
   55.875000000000000       2.27589889484245203E-002
   56.125000000000000       1.95658218757782353E-002
   56.375000000000000       1.64331411375391659E-002
   56.625000000000000       1.34351800539798515E-002
   56.875000000000000       1.07760999238046915E-002
   57.125000000000000       8.68323368690003018E-003
   57.375000000000000       7.04054319085465133E-003
   57.625000000000000       5.47572295905789878E-003
   57.875000000000000       3.89860283538895694E-003
   58.125000000000000       2.62103388555734798E-003
   58.375000000000000       1.88704545834023595E-003
   58.625000000000000       1.52681298777157027E-003
   58.875000000000000       1.11921289925100403E-003
   59.125000000000000       4.28302766530945576E-004
   59.375000000000000      -2.88624451267719773E-004
   59.625000000000000      -4.89213879396908436E-004
   59.875000000000000      -4.29146142166977017E-006
   60.125000000000000       6.78682830926566165E-004
   60.375000000000000       1.04322922379341035E-003
   60.625000000000000       1.28049883250228947E-003
   60.875000000000000       2.05835618577759460E-003
   61.125000000000000       3.64801671158964617E-003
   61.375000000000000       5.62559483749497553E-003
   61.625000000000000       7.45902826713548336E-003
   61.875000000000000       9.13071299316022510E-003
   62.125000000000000       1.10867706938986184E-002
   62.375000000000000       1.36901863968435060E-002
   62.625000000000000       1.68136782278989344E-002
   62.875000000000000       1.99891813180125971E-002
   63.125000000000000       2.29478661352548047E-002
   63.375000000000000       2.59200401113323167E-002
   63.625000000000000       2.93023856258867628E-002
   63.875000000000000       3.31199648946996356E-002
   64.125000000000000       3.70124149582300027E-002
   64.375000000000000       4.07261578471611596E-002
   64.625000000000000       4.43799123833718903E-002
   64.875000000000000       4.81784219126243918E-002
   65.125000000000000       5.20929711035264531E-002
   65.375000000000000       5.59739453268338419E-002
   65.625000000000000       5.98045091013555408E-002
   65.875000000000000       6.36369535575813938E-002
   66.125000000000000       6.73740882774122168E-002
   66.375000000000000       7.08445164583490772E-002
   66.625000000000000       7.40886056516810443E-002
   66.875000000000000       7.73509356089226996E-002
   67.125000000000000       8.07081972875967335E-002
   67.375000000000000       8.38739668840768476E-002
   67.625000000000000       8.65196822035063651E-002
   67.875000000000000       8.87007539797225464E-002
   68.125000000000000       9.07908674486803402E-002
   68.375000000000000       9.29902070159245586E-002
   68.625000000000000       9.50513277979735116E-002
   68.875000000000000       9.65740520033538108E-002
   69.125000000000000       9.74826571660851737E-002
   69.375000000000000       9.80921046386612761E-002
   69.625000000000000       9.87110592460315323E-002
   69.875000000000000       9.92840859916215568E-002
   70.125000000000000       9.94796749111465928E-002
   70.375000000000000       9.90778587995512494E-002
   70.625000000000000       9.81956966240318391E-002
   70.875000000000000       9.71280759580071540E-002
   71.125000000000000       9.60246091096929599E-002
   71.375000000000000       9.47611006202763034E-002
   71.625000000000000       9.31064914549880884E-002
   71.875000000000000       9.09722906188714930E-002
   72.125000000000000       8.84879692781182225E-002
   72.375000000000000       8.58602175310016480E-002
   72.625000000000000       8.31853195239909415E-002
   72.875000000000000       8.03939369614157656E-002
   73.125000000000000       7.73525591535872692E-002
   73.375000000000000       7.40034646556015641E-002
   73.625000000000000       7.04171051610246040E-002
   73.875000000000000       6.67311083574786967E-002
   74.125000000000000       6.30477402452638280E-002
   74.375000000000000       5.93781338037668027E-002
   74.625000000000000       5.56654097587549329E-002
   74.875000000000000       5.18527896620984349E-002
   75.125000000000000       4.79387698686181557E-002
   75.375000000000000       4.39846966574897677E-002
   75.625000000000000       4.00805551444589625E-002
   75.875000000000000       3.63000130955247052E-002
   76.125000000000000       3.26740748047053275E-002
   76.375000000000000       2.91937377119936281E-002
   76.625000000000000       2.58328953562219563E-002
   76.875000000000000       2.25745217735937656E-002
   77.125000000000000       1.94266156950766780E-002
   77.375000000000000       1.64234268940914030E-002
   77.625000000000000       1.36154483605602748E-002
   77.875000000000000       1.10551171483156442E-002
   78.125000000000000       8.78436392439383741E-003
   78.375000000000000       6.82724320616368008E-003
   78.625000000000000       5.18800171050539608E-003
   78.875000000000000       3.85321744993688455E-003
   79.125000000000000       2.79615243888105443E-003
   79.375000000000000       1.98175074652139332E-003
   79.625000000000000       1.37126918543410106E-003
   79.875000000000000       9.26029885634265665E-004
   80.125000000000000       6.10124638376770582E-004
   80.375000000000000       3.92097863641248791E-004
   80.625000000000000       2.45741028758435362E-004
   80.875000000000000       1.50185845828226523E-004
   81.125000000000000       8.95044311136829901E-005
   81.375000000000000       5.20179047211785284E-005
   81.625000000000000       2.94856841090067240E-005
   81.875000000000000       1.63042606886899969E-005
   82.125000000000000       8.79678301410639899E-006
   82.375000000000000       4.63229727140554291E-006
   82.625000000000000       2.38148270865865572E-006
   82.875000000000000       1.19567758813056659E-006
   83.125000000000000       5.86461155256611417E-007
   83.375000000000000       2.81105373874412180E-007
   83.625000000000000       1.31719930169369904E-007
   83.875000000000000       6.03578806475538609E-008
   84.125000000000000       2.70559712081969810E-008
   84.375000000000000       1.18681587346251171E-008
   84.625000000000000       5.09608048889211725E-009
   84.875000000000000       2.14269470047864767E-009
   85.125000000000000       8.82450071271391997E-010
   85.375000000000000       3.56087482196761235E-010
   85.625000000000000       1.40827306713829393E-010
   85.875000000000000       5.46013593569018677E-011
   86.125000000000000       2.07598961135220275E-011
   86.375000000000000       7.74224126435721582E-012
   86.625000000000000       2.83294859257717679E-012
   86.875000000000000       1.01729732475198151E-012
   87.125000000000000       3.58589243149443103E-013
   87.375000000000000       1.24104059151203687E-013
   87.625000000000000       4.21803069454537881E-014
   87.875000000000000       1.40818830610819371E-014
   88.125000000000000       4.61879130556497352E-015
   88.375000000000000       1.48868904085585444E-015
   88.625000000000000       4.71667741060755664E-016
   88.875000000000000       1.47181926535590875E-016
   89.125000000000000       4.61272405528382717E-017
   89.375000000000000       1.75444061795208765E-017
   89.625000000000000       1.75444061795208765E-017
