  -10.500000000000000        0.0000000000000000     
  -10.250000000000000       7.24296735052759946E-003
  -10.000000000000000       1.49463949485927009E-002
  -9.7500000000000000       2.28651471109467055E-002
  -9.5000000000000000       3.04274064696557836E-002
  -9.2500000000000000       3.77948529788760257E-002
  -9.0000000000000000       4.41614481829917943E-002
  -8.7500000000000000       5.06324746867130721E-002
  -8.5000000000000000       5.70906807114092557E-002
  -8.2500000000000000       6.34101443793589348E-002
  -8.0000000000000000       6.95534217814954558E-002
  -7.7500000000000000       7.45887915679820102E-002
  -7.5000000000000000       7.86710736646298869E-002
  -7.2500000000000000       8.27424071176818682E-002
  -7.0000000000000000       8.66970800221738558E-002
  -6.7500000000000000       9.04238680554425300E-002
  -6.5000000000000000       9.35187018842900952E-002
  -6.2500000000000000       9.48787296165431449E-002
  -6.0000000000000000       9.60378304422312146E-002
  -5.7500000000000000       9.68977647998596897E-002
  -5.5000000000000000       9.77146010243248875E-002
  -5.2500000000000000       9.82797334912066667E-002
  -5.0000000000000000       9.74265552306996657E-002
  -4.7500000000000000       9.57226682328568418E-002
  -4.5000000000000000       9.38220290389858991E-002
  -4.2500000000000000       9.20357784635745663E-002
  -4.0000000000000000       9.04457066355152384E-002
  -3.7500000000000000       8.84625910994574494E-002
  -3.5000000000000000       8.56852785175593046E-002
  -3.2500000000000000       8.26932947954999997E-002
  -3.0000000000000000       7.94117300756836397E-002
  -2.7500000000000000       7.64605193690439944E-002
  -2.5000000000000000       7.31921179810610667E-002
  -2.2500000000000000       6.98444819386125487E-002
  -2.0000000000000000       6.62861602568967367E-002
  -1.7500000000000000       6.22402321063360783E-002
  -1.5000000000000000       5.86154609426934314E-002
  -1.2500000000000000       5.45777661310183279E-002
  -1.0000000000000000       5.08489050149471961E-002
 -0.75000000000000000       4.73255204478731373E-002
 -0.50000000000000000       4.34515973393600000E-002
 -0.25000000000000000       3.93172938320686394E-002
   0.0000000000000000       3.52856269493575861E-002
  0.25000000000000000       3.18040137374457563E-002
  0.50000000000000000       2.87018764704019200E-002
  0.75000000000000000       2.53746030872070150E-002
   1.0000000000000000       2.18793683860086068E-002
   1.2500000000000000       1.84206211147454890E-002
   1.5000000000000000       1.54000963782517653E-002
   1.7500000000000000       1.33594620580473715E-002
   2.0000000000000000       1.09364037884677745E-002
   2.2500000000000000       8.66659634123781789E-003
   2.5000000000000000       6.46011408117374685E-003
   2.7500000000000000       4.66571260213378101E-003
   3.0000000000000000       3.52370223901178441E-003
   3.2500000000000000       2.16129472333383794E-003
   3.5000000000000000       1.30669788974168799E-003
   3.7500000000000000       7.08078959262479352E-004
   4.0000000000000000       6.21262985566332134E-004
   4.2500000000000000       7.75111752030281458E-004
   4.5000000000000000       4.95505915375381756E-004
   4.7500000000000000       1.16871516855009231E-005
   5.0000000000000000      -8.38572716958230327E-005
   5.2500000000000000       1.39849791525589371E-004
   5.5000000000000000       1.15988574550163160E-003
   5.7500000000000000       2.13482411755716844E-003
   6.0000000000000000       2.79792378491034843E-003
   6.2500000000000000       4.10965685654340190E-003
   6.5000000000000000       5.39876596349553057E-003
   6.7500000000000000       7.49809554952323397E-003
   7.0000000000000000       9.80992684833330644E-003
   7.2500000000000000       1.19720692972552084E-002
   7.5000000000000000       1.45849583189504514E-002
   7.7500000000000000       1.72711815757988010E-002
   8.0000000000000000       2.01514082593321556E-002
   8.2500000000000000       2.35064407059858080E-002
   8.5000000000000000       2.67503352535654743E-002
   8.7500000000000000       3.03263063194324431E-002
   9.0000000000000000       3.41045831955698597E-002
   9.2500000000000000       3.75820405414891631E-002
   9.5000000000000000       4.13062388933431099E-002
   9.7500000000000000       4.49761183307563067E-002
   10.000000000000000       4.90227867148858923E-002
   10.250000000000000       5.32447591469656298E-002
   10.500000000000000       5.70396470803000086E-002
   10.750000000000000       6.04875979067137984E-002
   11.000000000000000       6.39694415779178960E-002
   11.250000000000000       6.78408703445642636E-002
   11.500000000000000       7.17341773478442218E-002
   11.750000000000000       7.53762300993383316E-002
   12.000000000000000       7.82668070452144371E-002
   12.250000000000000       8.09579335928390931E-002
   12.500000000000000       8.38418661214098693E-002
   12.750000000000000       8.69158340971683402E-002
   13.000000000000000       8.97053489763702250E-002
   13.250000000000000       9.18598374322690814E-002
   13.500000000000000       9.32556418772350210E-002
   13.750000000000000       9.47154817177072034E-002
   14.000000000000000       9.65053971005796624E-002
   14.250000000000000       9.79239831661404270E-002
   14.500000000000000       9.89153143103182197E-002
   14.750000000000000       9.89898601291296643E-002
   15.000000000000000       9.88344687531455685E-002
   15.250000000000000       9.90299397502245465E-002
   15.500000000000000       9.88710529274227923E-002
   15.750000000000000       9.84018318568294914E-002
   16.000000000000000       9.73089765189402434E-002
   16.250000000000000       9.56505714874922863E-002
   16.500000000000000       9.41442434412095019E-002
   16.750000000000000       9.24839769355431801E-002
   17.000000000000000       9.04794222403819959E-002
   17.250000000000000       8.82122402507277414E-002
   17.500000000000000       8.55030876932849904E-002
   17.750000000000000       8.26258220683267763E-002
   18.000000000000000       7.96880772599578568E-002
   18.250000000000000       7.64521863742567837E-002
   18.500000000000000       7.31179689126675303E-002
   18.750000000000000       6.98093054070917651E-002
   19.000000000000000       6.62524033015322728E-002
   19.250000000000000       6.24077015709347815E-002
   19.500000000000000       5.84758118063294224E-002
   19.750000000000000       5.45974256201332414E-002
   20.000000000000000       5.08911338539934921E-002
   20.250000000000000       4.72917298948159273E-002
   20.500000000000000       4.34650107652466561E-002
   20.750000000000000       3.93131090530030036E-002
   21.000000000000000       3.52840460064508255E-002
   21.250000000000000       3.18093931592226403E-002
   21.500000000000000       2.86923083313226669E-002
   21.750000000000000       2.54038948808423468E-002
   22.000000000000000       2.18319255318692625E-002
   22.250000000000000       1.84105238206516975E-002
   22.500000000000000       1.55456174255642534E-002
   22.750000000000000       1.31776409173802837E-002
   23.000000000000000       1.09645450856556727E-002
   23.250000000000000       8.71517168351466920E-003
   23.500000000000000       6.54087521514286688E-003
   23.750000000000000       4.67249694735999595E-003
   24.000000000000000       3.23889809804172929E-003
   24.250000000000000       2.21279253752590041E-003
   24.500000000000000       1.48933412037076471E-003
   24.750000000000000       9.72043853534412111E-004
   25.000000000000000       6.02637194241977480E-004
   25.250000000000000       3.49069116340651768E-004
   25.500000000000000       1.87056603625440030E-004
   25.750000000000000       9.23333022909220559E-005
   26.000000000000000       4.19481529232941506E-005
   26.250000000000000       1.75599057015605423E-005
   26.500000000000000       6.78699764104940299E-006
   26.750000000000000       2.42788986066002685E-006
   27.000000000000000       8.05845707411454802E-007
   27.250000000000000       2.48760963305146913E-007
   27.500000000000000       7.15789154593119979E-008
   27.750000000000000       1.92372699960661628E-008
   28.000000000000000       4.83789034941009019E-009
   28.250000000000000       1.14035613867760595E-009
   28.500000000000000       2.52312279879801975E-010
   28.750000000000000       5.24711649376756708E-011
   29.000000000000000       1.02681853289689570E-011
   29.250000000000000       1.89279721961076502E-012
   29.500000000000000       3.28960569777836200E-013
   29.750000000000000       5.39453926968025632E-014
   30.000000000000000       8.35276125864510007E-015
   30.250000000000000       1.22186026913679393E-015
   30.500000000000000       1.68942173614820443E-016
   30.750000000000000       2.20876663174700960E-017
   31.000000000000000       2.73142679794699548E-018
   31.250000000000000       3.19561152305940462E-019
   31.500000000000000       3.53756729523612966E-020
   31.750000000000000       3.70568927131487452E-021
   32.000000000000000       3.67316153627476805E-022
   32.250000000000000       3.44490256375374422E-023
   32.500000000000000       3.05636052167592388E-024
   32.750000000000000       2.56456003120259275E-025
   33.000000000000000       2.03449156706950760E-026
   33.250000000000000       1.52528368900716056E-027
   33.500000000000000       1.08012810145527380E-028
   33.750000000000000       7.22049825783780487E-030
   34.000000000000000       4.55323752322887237E-031
   34.250000000000000       2.70633902357599926E-032
   34.500000000000000       1.51478231953020649E-033
   34.750000000000000       7.97567091043811043E-035
   35.000000000000000       3.94562892770931180E-036
   35.250000000000000       1.83153089895395347E-037
   35.500000000000000       7.96534674577266111E-039
   35.750000000000000       3.24002544983627199E-040
   36.000000000000000       1.23030536633128617E-041
   36.250000000000000       4.35170096602470168E-043
   36.500000000000000       1.43029277420266197E-044
   36.750000000000000       4.35618315109352603E-046
   37.000000000000000       1.22554893219293605E-047
   37.250000000000000       3.17342168149599146E-049
   37.500000000000000       7.53161182340258876E-051
   37.750000000000000       1.63046171090703766E-052
   38.000000000000000       3.20136816756057790E-054
   38.250000000000000       5.66304736665662822E-056
   38.500000000000000       8.95283258566763841E-058
   38.750000000000000       1.25258916067988156E-059
   39.000000000000000       1.53215833241541720E-061
   39.250000000000000       1.61326979301952043E-063
   39.500000000000000       1.43272226368172550E-065
   39.750000000000000       1.04358936370712875E-067
   40.000000000000000       5.98651362929914170E-070
   40.250000000000000       2.53604311005892485E-072
   40.500000000000000       7.05363622293139551E-075
   40.750000000000000       9.66251537387861226E-078
   41.000000000000000        0.0000000000000000     
   41.250000000000000        0.0000000000000000     
   41.500000000000000        0.0000000000000000     
   41.750000000000000        0.0000000000000000     
   42.000000000000000        0.0000000000000000     
   42.250000000000000        0.0000000000000000     
   42.500000000000000        0.0000000000000000     
   42.750000000000000        0.0000000000000000     
   43.000000000000000        0.0000000000000000     
   43.250000000000000        0.0000000000000000     
   43.500000000000000        0.0000000000000000     
   43.750000000000000        0.0000000000000000     
   44.000000000000000        0.0000000000000000     
   44.250000000000000        0.0000000000000000     
   44.500000000000000        0.0000000000000000     
   44.750000000000000        0.0000000000000000     
   45.000000000000000        0.0000000000000000     
   45.250000000000000        0.0000000000000000     
   45.500000000000000        0.0000000000000000     
   45.750000000000000        0.0000000000000000     
   46.000000000000000        0.0000000000000000     
   46.250000000000000        0.0000000000000000     
   46.500000000000000        0.0000000000000000     
   46.750000000000000        0.0000000000000000     
   47.000000000000000        0.0000000000000000     
   47.250000000000000        0.0000000000000000     
   47.500000000000000        0.0000000000000000     
   47.750000000000000        0.0000000000000000     
   48.000000000000000        0.0000000000000000     
   48.250000000000000        0.0000000000000000     
   48.500000000000000        0.0000000000000000     
   48.750000000000000        0.0000000000000000     
   49.000000000000000        0.0000000000000000     
   49.250000000000000        0.0000000000000000     
   49.500000000000000        0.0000000000000000     
   49.750000000000000        0.0000000000000000     
   50.000000000000000        0.0000000000000000     
   50.250000000000000        0.0000000000000000     
   50.500000000000000        0.0000000000000000     
   50.750000000000000        0.0000000000000000     
   51.000000000000000        0.0000000000000000     
   51.250000000000000        0.0000000000000000     
   51.500000000000000        0.0000000000000000     
   51.750000000000000        0.0000000000000000     
   52.000000000000000        0.0000000000000000     
   52.250000000000000        0.0000000000000000     
   52.500000000000000        0.0000000000000000     
   52.750000000000000        0.0000000000000000     
   53.000000000000000        0.0000000000000000     
   53.250000000000000        0.0000000000000000     
   53.500000000000000        0.0000000000000000     
   53.750000000000000        0.0000000000000000     
   54.000000000000000        0.0000000000000000     
   54.250000000000000        0.0000000000000000     
   54.500000000000000        0.0000000000000000     
   54.750000000000000        0.0000000000000000     
   55.000000000000000        0.0000000000000000     
   55.250000000000000        0.0000000000000000     
   55.500000000000000        0.0000000000000000     
   55.750000000000000        0.0000000000000000     
   56.000000000000000        0.0000000000000000     
   56.250000000000000        0.0000000000000000     
   56.500000000000000        0.0000000000000000     
   56.750000000000000        0.0000000000000000     
   57.000000000000000        0.0000000000000000     
   57.250000000000000        0.0000000000000000     
   57.500000000000000        0.0000000000000000     
   57.750000000000000        0.0000000000000000     
   58.000000000000000        0.0000000000000000     
   58.250000000000000        0.0000000000000000     
   58.500000000000000        0.0000000000000000     
   58.750000000000000        0.0000000000000000     
   59.000000000000000        0.0000000000000000     
   59.250000000000000        0.0000000000000000     
   59.500000000000000        0.0000000000000000     
   59.750000000000000        0.0000000000000000     
   60.000000000000000        0.0000000000000000     
   60.250000000000000        0.0000000000000000     
   60.500000000000000        0.0000000000000000     
   60.750000000000000        0.0000000000000000     
   61.000000000000000        0.0000000000000000     
   61.250000000000000        0.0000000000000000     
   61.500000000000000        0.0000000000000000     
   61.750000000000000        0.0000000000000000     
   62.000000000000000        0.0000000000000000     
   62.250000000000000        0.0000000000000000     
   62.500000000000000        0.0000000000000000     
   62.750000000000000        0.0000000000000000     
   63.000000000000000        0.0000000000000000     
   63.250000000000000        0.0000000000000000     
   63.500000000000000        0.0000000000000000     
   63.750000000000000        0.0000000000000000     
   64.000000000000000        0.0000000000000000     
   64.250000000000000        0.0000000000000000     
   64.500000000000000        0.0000000000000000     
   64.750000000000000        0.0000000000000000     
   65.000000000000000        0.0000000000000000     
   65.250000000000000        0.0000000000000000     
   65.500000000000000        0.0000000000000000     
   65.750000000000000        0.0000000000000000     
   66.000000000000000        0.0000000000000000     
   66.250000000000000        0.0000000000000000     
   66.500000000000000        0.0000000000000000     
   66.750000000000000        0.0000000000000000     
   67.000000000000000        0.0000000000000000     
   67.250000000000000        0.0000000000000000     
   67.500000000000000        0.0000000000000000     
   67.750000000000000        0.0000000000000000     
   68.000000000000000        0.0000000000000000     
   68.250000000000000        0.0000000000000000     
   68.500000000000000        0.0000000000000000     
   68.750000000000000        0.0000000000000000     
   69.000000000000000        0.0000000000000000     
   69.250000000000000        0.0000000000000000     
   69.500000000000000        0.0000000000000000     
   69.750000000000000        0.0000000000000000     
   70.000000000000000        0.0000000000000000     
   70.250000000000000        0.0000000000000000     
   70.500000000000000        0.0000000000000000     
   70.750000000000000        0.0000000000000000     
   71.000000000000000        0.0000000000000000     
   71.250000000000000        0.0000000000000000     
   71.500000000000000        0.0000000000000000     
   71.750000000000000        0.0000000000000000     
   72.000000000000000        0.0000000000000000     
   72.250000000000000        0.0000000000000000     
   72.500000000000000        0.0000000000000000     
   72.750000000000000        0.0000000000000000     
   73.000000000000000        0.0000000000000000     
   73.250000000000000        0.0000000000000000     
   73.500000000000000        0.0000000000000000     
   73.750000000000000        0.0000000000000000     
   74.000000000000000        0.0000000000000000     
   74.250000000000000        0.0000000000000000     
   74.500000000000000        0.0000000000000000     
   74.750000000000000        0.0000000000000000     
   75.000000000000000        0.0000000000000000     
   75.250000000000000        0.0000000000000000     
   75.500000000000000        0.0000000000000000     
   75.750000000000000        0.0000000000000000     
   76.000000000000000        0.0000000000000000     
   76.250000000000000        0.0000000000000000     
   76.500000000000000        0.0000000000000000     
   76.750000000000000        0.0000000000000000     
   77.000000000000000        0.0000000000000000     
   77.250000000000000        0.0000000000000000     
   77.500000000000000        0.0000000000000000     
   77.750000000000000        0.0000000000000000     
   78.000000000000000        0.0000000000000000     
   78.250000000000000        0.0000000000000000     
   78.500000000000000        0.0000000000000000     
   78.750000000000000        0.0000000000000000     
   79.000000000000000        0.0000000000000000     
   79.250000000000000        0.0000000000000000     
   79.500000000000000        0.0000000000000000     
   79.750000000000000        0.0000000000000000     
   80.000000000000000        0.0000000000000000     
   80.250000000000000        0.0000000000000000     
   80.500000000000000        0.0000000000000000     
   80.750000000000000        0.0000000000000000     
   81.000000000000000        0.0000000000000000     
   81.250000000000000        0.0000000000000000     
   81.500000000000000        0.0000000000000000     
   81.750000000000000        0.0000000000000000     
   82.000000000000000        0.0000000000000000     
   82.250000000000000        0.0000000000000000     
   82.500000000000000        0.0000000000000000     
   82.750000000000000        0.0000000000000000     
   83.000000000000000        0.0000000000000000     
   83.250000000000000        0.0000000000000000     
   83.500000000000000        0.0000000000000000     
   83.750000000000000        0.0000000000000000     
   84.000000000000000        0.0000000000000000     
   84.250000000000000        0.0000000000000000     
   84.500000000000000        0.0000000000000000     
   84.750000000000000        0.0000000000000000     
   85.000000000000000        0.0000000000000000     
   85.250000000000000        0.0000000000000000     
   85.500000000000000        0.0000000000000000     
   85.750000000000000        0.0000000000000000     
   86.000000000000000        0.0000000000000000     
   86.250000000000000        0.0000000000000000     
   86.500000000000000        0.0000000000000000     
   86.750000000000000        0.0000000000000000     
   87.000000000000000        0.0000000000000000     
   87.250000000000000        0.0000000000000000     
   87.500000000000000        0.0000000000000000     
   87.750000000000000        0.0000000000000000     
   88.000000000000000        0.0000000000000000     
   88.250000000000000        0.0000000000000000     
   88.500000000000000        0.0000000000000000     
   88.750000000000000        0.0000000000000000     
   89.000000000000000        0.0000000000000000     
   89.250000000000000        0.0000000000000000     
   89.500000000000000        0.0000000000000000     
