  -10.500000000000000        0.0000000000000000     
  -10.250000000000000      -2.56074285227022897E-004
  -10.000000000000000       1.31995354948541248E-004
  -9.7500000000000000       6.69735288197414661E-005
  -9.5000000000000000       7.59349937042329211E-005
  -9.2500000000000000      -8.29118292721572702E-005
  -9.0000000000000000      -3.18991772206567539E-004
  -8.7500000000000000       1.72737402159805874E-004
  -8.5000000000000000       3.46776589224222231E-004
  -8.2500000000000000      -3.46203088714703558E-006
  -8.0000000000000000      -1.25704416864423271E-004
  -7.7500000000000000      -4.41030020841029285E-004
  -7.5000000000000000      -9.91730341267813779E-005
  -7.2500000000000000       3.84732911420000115E-004
  -7.0000000000000000       3.40493727473474019E-004
  -6.7500000000000000       1.13767351268274691E-004
  -6.5000000000000000      -3.11724145418792445E-004
  -6.2500000000000000      -3.38929855522374860E-004
  -6.0000000000000000       1.33298662655331496E-004
  -5.7500000000000000       6.07738914718962495E-004
  -5.5000000000000000       1.06443748017511245E-003
  -5.2500000000000000       1.75237921458315971E-003
  -5.0000000000000000       2.72661039267450486E-003
  -4.7500000000000000       3.98822812456749772E-003
  -4.5000000000000000       5.74148961704451597E-003
  -4.2500000000000000       7.63138422095403605E-003
  -4.0000000000000000       9.55627911490556856E-003
  -3.7500000000000000       1.21511571896292195E-002
  -3.5000000000000000       1.45406662041860178E-002
  -3.2500000000000000       1.71103068116828620E-002
  -3.0000000000000000       2.02854229005818253E-002
  -2.7500000000000000       2.34127676797563737E-002
  -2.5000000000000000       2.71023859255297012E-002
  -2.2500000000000000       3.05849047159452020E-002
  -2.0000000000000000       3.36569645727582412E-002
  -1.7500000000000000       3.73832131934344059E-002
  -1.5000000000000000       4.13110110230354849E-002
  -1.2500000000000000       4.54377897971013217E-002
  -1.0000000000000000       4.95295214802758468E-002
 -0.75000000000000000       5.29294353880096630E-002
 -0.50000000000000000       5.64620757797246603E-002
 -0.25000000000000000       6.03518726208637987E-002
   0.0000000000000000       6.44519494034033746E-002
  0.25000000000000000       6.84672488739107993E-002
  0.50000000000000000       7.17963676025130115E-002
  0.75000000000000000       7.47094822669962522E-002
   1.0000000000000000       7.77802953873181491E-002
   1.2500000000000000       8.12843677518413354E-002
   1.5000000000000000       8.45846330604837215E-002
   1.7500000000000000       8.71792742027913126E-002
   2.0000000000000000       8.93037810834132195E-002
   2.2500000000000000       9.11319454149929764E-002
   2.5000000000000000       9.32692267612926923E-002
   2.7500000000000000       9.54781994214373708E-002
   3.0000000000000000       9.67980423923446576E-002
   3.2500000000000000       9.77906007325329563E-002
   3.5000000000000000       9.83405997880251181E-002
   3.7500000000000000       9.86692730489107800E-002
   4.0000000000000000       9.93661665405899674E-002
   4.2500000000000000       9.93543027446421173E-002
   4.5000000000000000       9.88527326967536674E-002
   4.7500000000000000       9.81267043360605218E-002
   5.0000000000000000       9.70230778851569886E-002
   5.2500000000000000       9.57896848937699191E-002
   5.5000000000000000       9.42757038937134528E-002
   5.7500000000000000       9.25378622442210169E-002
   6.0000000000000000       9.04451216384412060E-002
   6.2500000000000000       8.81308742641471465E-002
   6.5000000000000000       8.54991564971148421E-002
   6.7500000000000000       8.24832493254291782E-002
   7.0000000000000000       7.95924014235356858E-002
   7.2500000000000000       7.64966839861420389E-002
   7.5000000000000000       7.33766508253799743E-002
   7.7500000000000000       6.98867599890289348E-002
   8.0000000000000000       6.58997410090352009E-002
   8.2500000000000000       6.20664312164795201E-002
   8.5000000000000000       5.84803334846162037E-002
   8.7500000000000000       5.49583347185712903E-002
   9.0000000000000000       5.12941757821258407E-002
   9.2500000000000000       4.70406806697776236E-002
   9.5000000000000000       4.26936383975752981E-002
   9.7500000000000000       3.92253173500435037E-002
   10.000000000000000       3.57110879319537111E-002
   10.250000000000000       3.23447929078283236E-002
   10.500000000000000       2.85702791908177198E-002
   10.750000000000000       2.46978260737887693E-002
   11.000000000000000       2.16118746697412795E-002
   11.250000000000000       1.87226090013659779E-002
   11.500000000000000       1.58276655933370508E-002
   11.750000000000000       1.32948953150866418E-002
   12.000000000000000       1.05777208128341564E-002
   12.250000000000000       8.56426029959633794E-003
   12.500000000000000       6.75360158052782777E-003
   12.750000000000000       4.73275068650965379E-003
   13.000000000000000       3.18600375115605161E-003
   13.250000000000000       1.89958102469141299E-003
   13.500000000000000       1.44776923077545930E-003
   13.750000000000000       1.37891333121040877E-003
   14.000000000000000       1.02185555115354414E-003
   14.250000000000000       4.07379012654627919E-004
   14.500000000000000      -6.49907054270544300E-005
   14.750000000000000      -2.17145777924893525E-004
   15.000000000000000       1.49577488563967407E-004
   15.250000000000000       6.53113010142681487E-004
   15.500000000000000       1.08407121288494951E-003
   15.750000000000000       1.75321540189984329E-003
   16.000000000000000       2.69663511872383996E-003
   16.250000000000000       4.04809822649108454E-003
   16.500000000000000       5.70327159492800637E-003
   16.750000000000000       7.60523139966095500E-003
   17.000000000000000       9.64611431044368195E-003
   17.250000000000000       1.20474767098489276E-002
   17.500000000000000       1.45962141341787980E-002
   17.750000000000000       1.71334883301379193E-002
   18.000000000000000       2.02024303045586738E-002
   18.250000000000000       2.35042088310581342E-002
   18.500000000000000       2.70512186959285875E-002
   18.750000000000000       3.05770549914879328E-002
   19.000000000000000       3.37081418914239872E-002
   19.250000000000000       3.73231149714705057E-002
   19.500000000000000       4.13487191160987477E-002
   19.750000000000000       4.54363819331432273E-002
   20.000000000000000       4.94997186977935294E-002
   20.250000000000000       5.29739547482520751E-002
   20.500000000000000       5.64211173266952887E-002
   20.750000000000000       6.03755889231002707E-002
   21.000000000000000       6.44523543585165393E-002
   21.250000000000000       6.84427940236166377E-002
   21.500000000000000       7.18376976232698722E-002
   21.750000000000000       7.46654597275812348E-002
   22.000000000000000       7.78084675212603605E-002
   22.250000000000000       8.12879631490752014E-002
   22.500000000000000       8.45456746099961520E-002
   22.750000000000000       8.72381588635943173E-002
   23.000000000000000       8.92564204606006995E-002
   23.250000000000000       9.11353757782425444E-002
   23.500000000000000       9.33222520807530376E-002
   23.750000000000000       9.53893554357779089E-002
   24.000000000000000       9.68753588633184809E-002
   24.250000000000000       9.77721161756143209E-002
   24.500000000000000       9.82847481341176388E-002
   24.750000000000000       9.87694364051016627E-002
   25.000000000000000       9.92795033731432019E-002
   25.250000000000000       9.93813029850076357E-002
   25.500000000000000       9.88879758442295226E-002
   25.750000000000000       9.80682558471192289E-002
   26.000000000000000       9.70595219810496956E-002
   26.250000000000000       9.57880759261907494E-002
   26.500000000000000       9.42682428662946631E-002
   26.750000000000000       9.25228836186710868E-002
   27.000000000000000       9.04802699000967769E-002
   27.250000000000000       8.81146334200287873E-002
   27.500000000000000       8.54622439723430605E-002
   27.750000000000000       8.25597850340378248E-002
   28.000000000000000       7.95287185263889862E-002
   28.250000000000000       7.65122296268274105E-002
   28.500000000000000       7.33940883292507340E-002
   28.750000000000000       6.98656629940723195E-002
   29.000000000000000       6.59276488998351284E-002
   29.250000000000000       6.20264500393565218E-002
   29.500000000000000       5.84833168131110928E-002
   29.750000000000000       5.50371533923636885E-002
   30.000000000000000       5.12126385503308135E-002
   30.250000000000000       4.69908113660998661E-002
   30.500000000000000       4.28431633209045426E-002
   30.750000000000000       3.91369577349776274E-002
   31.000000000000000       3.57392784415348358E-002
   31.250000000000000       3.22676896414807041E-002
   31.500000000000000       2.85764370178817617E-002
   31.750000000000000       2.48878850168675197E-002
   32.000000000000000       2.15139784315438662E-002
   32.250000000000000       1.85576208872813460E-002
   32.500000000000000       1.58884125747636648E-002
   32.750000000000000       1.33310712784368533E-002
   33.000000000000000       1.08326894007208015E-002
   33.250000000000000       8.47844827744255979E-003
   33.500000000000000       6.39951842444671203E-003
   33.750000000000000       4.68176009711361845E-003
   34.000000000000000       3.33560895613111297E-003
   34.250000000000000       2.31763383591558972E-003
   34.500000000000000       1.56582352627096088E-003
   34.750000000000000       1.02252347071594106E-003
   35.000000000000000       6.41011544692129866E-004
   35.250000000000000       3.83468178072919890E-004
   35.500000000000000       2.17969833922751531E-004
   35.750000000000000       1.17420845919038915E-004
   36.000000000000000       5.98776262738714223E-005
   36.250000000000000       2.88990174050258075E-005
   36.500000000000000       1.32074480675986498E-005
   36.750000000000000       5.72092909681475276E-006
   37.000000000000000       2.35135382923842470E-006
   37.250000000000000       9.18143505856262215E-007
   37.500000000000000       3.41031211482402445E-007
   37.750000000000000       1.20645389541719089E-007
   38.000000000000000       4.06989194469266280E-008
   38.250000000000000       1.31071149355895614E-008
   38.500000000000000       4.03413977691320198E-009
   38.750000000000000       1.18782359164507634E-009
   39.000000000000000       3.34902220779995559E-010
   39.250000000000000       9.04958048661328373E-011
   39.500000000000000       2.34549887281184423E-011
   39.750000000000000       5.83532074996806413E-012
   40.000000000000000       1.39450245072306709E-012
   40.250000000000000       3.20316087899395612E-013
   40.500000000000000       7.07623247019686253E-014
   40.750000000000000       1.50428022798151275E-014
   41.000000000000000       3.07878931255654496E-015
   41.250000000000000       6.06959937956995521E-016
   41.500000000000000       1.15307429454038921E-016
   41.750000000000000       2.11176330439162595E-017
   42.000000000000000       3.72978115166063989E-018
   42.250000000000000       6.35503448091502051E-019
   42.500000000000000       1.04491929337806246E-019
   42.750000000000000       1.65844042196829039E-020
   43.000000000000000       2.54144126417814907E-021
   43.250000000000000       3.76117408279899323E-022
   43.500000000000000       5.37674923083587595E-023
   43.750000000000000       7.42590032521998000E-024
   44.000000000000000       9.91018950958538739E-025
   44.250000000000000       1.27814367806003724E-025
   44.500000000000000       1.59328967843175008E-026
   44.750000000000000       1.91986629264038222E-027
   45.000000000000000       2.23637057874656992E-028
   45.250000000000000       2.51848971820854491E-029
   45.500000000000000       2.74207380322484445E-030
   45.750000000000000       2.88649959602627060E-031
   46.000000000000000       2.93778582949951803E-032
   46.250000000000000       2.89081262607508401E-033
   46.500000000000000       2.75015962525464770E-034
   46.750000000000000       2.52937378446980264E-035
   47.000000000000000       2.24882815356435214E-036
   47.250000000000000       1.93263828353343554E-037
   47.500000000000000       1.60527947097646182E-038
   47.750000000000000       1.28855474333397297E-039
   48.000000000000000       9.99413315254804360E-041
   48.250000000000000       7.48870310316675958E-042
   48.500000000000000       5.42010345627695650E-043
   48.750000000000000       3.78842833255127508E-044
   49.000000000000000       2.55659923377361098E-045
   49.250000000000000       1.66536713837916204E-046
   49.500000000000000       1.04684529253748871E-047
   49.750000000000000       6.34820453270035116E-049
   50.000000000000000       3.71257061644895308E-050
   50.250000000000000       2.09315647691978364E-051
   50.500000000000000       1.13727948403285098E-052
   50.750000000000000       5.95241982311960447E-054
   51.000000000000000       2.99977863027941988E-055
   51.250000000000000       1.45494951218988748E-056
   51.500000000000000       6.78809329619835848E-058
   51.750000000000000       3.04474000036084824E-059
   52.000000000000000       1.31219564349929960E-060
   52.250000000000000       5.43021600491151427E-062
   52.500000000000000       2.15629980613096096E-063
   52.750000000000000       8.21023569913466788E-065
   53.000000000000000       2.99511212504359270E-066
   53.250000000000000       1.04595142990230187E-067
   53.500000000000000       3.49342899852448583E-069
   53.750000000000000       1.11481679830389057E-070
   54.000000000000000       3.39547469111639764E-072
   54.250000000000000       9.85912762899540258E-074
   54.500000000000000       2.72565069011897744E-075
   54.750000000000000       7.16474245798501926E-077
   55.000000000000000       1.78805613488870817E-078
   55.250000000000000       4.22963856217994320E-080
   55.500000000000000       9.46651798017226876E-082
   55.750000000000000       2.00072858016197619E-083
   56.000000000000000       3.98432239435297956E-085
   56.250000000000000       7.45838214928667092E-087
   56.500000000000000       1.30886764598168228E-088
   56.750000000000000       2.14687270558106986E-090
   57.000000000000000       3.28028230878421593E-092
   57.250000000000000       4.65104197940366711E-094
   57.500000000000000       6.09295163180382282E-096
   57.750000000000000       7.33770605054957159E-098
   58.000000000000000       8.07621812638909874E-100
   58.250000000000000       8.06828593845799843E-102
   58.500000000000000       7.25624754323060418E-104
   58.750000000000000       5.81662715093317845E-106
   59.000000000000000       4.10486257507682406E-108
   59.250000000000000       2.51066768857456407E-110
   59.500000000000000       1.30383317709467314E-112
   59.750000000000000       5.58979401972957108E-115
   60.000000000000000       1.89939159581640004E-117
   60.250000000000000       4.79602694140722528E-120
   60.500000000000000       7.99974718040362800E-123
   60.750000000000000       6.61136130611866945E-126
   61.000000000000000        0.0000000000000000     
   61.250000000000000        0.0000000000000000     
   61.500000000000000        0.0000000000000000     
   61.750000000000000        0.0000000000000000     
   62.000000000000000        0.0000000000000000     
   62.250000000000000        0.0000000000000000     
   62.500000000000000        0.0000000000000000     
   62.750000000000000        0.0000000000000000     
   63.000000000000000        0.0000000000000000     
   63.250000000000000        0.0000000000000000     
   63.500000000000000        0.0000000000000000     
   63.750000000000000        0.0000000000000000     
   64.000000000000000        0.0000000000000000     
   64.250000000000000        0.0000000000000000     
   64.500000000000000        0.0000000000000000     
   64.750000000000000        0.0000000000000000     
   65.000000000000000        0.0000000000000000     
   65.250000000000000        0.0000000000000000     
   65.500000000000000        0.0000000000000000     
   65.750000000000000        0.0000000000000000     
   66.000000000000000        0.0000000000000000     
   66.250000000000000        0.0000000000000000     
   66.500000000000000        0.0000000000000000     
   66.750000000000000        0.0000000000000000     
   67.000000000000000        0.0000000000000000     
   67.250000000000000        0.0000000000000000     
   67.500000000000000        0.0000000000000000     
   67.750000000000000        0.0000000000000000     
   68.000000000000000        0.0000000000000000     
   68.250000000000000        0.0000000000000000     
   68.500000000000000        0.0000000000000000     
   68.750000000000000        0.0000000000000000     
   69.000000000000000        0.0000000000000000     
   69.250000000000000        0.0000000000000000     
   69.500000000000000        0.0000000000000000     
   69.750000000000000        0.0000000000000000     
   70.000000000000000        0.0000000000000000     
   70.250000000000000        0.0000000000000000     
   70.500000000000000        0.0000000000000000     
   70.750000000000000        0.0000000000000000     
   71.000000000000000        0.0000000000000000     
   71.250000000000000        0.0000000000000000     
   71.500000000000000        0.0000000000000000     
   71.750000000000000        0.0000000000000000     
   72.000000000000000        0.0000000000000000     
   72.250000000000000        0.0000000000000000     
   72.500000000000000        0.0000000000000000     
   72.750000000000000        0.0000000000000000     
   73.000000000000000        0.0000000000000000     
   73.250000000000000        0.0000000000000000     
   73.500000000000000        0.0000000000000000     
   73.750000000000000        0.0000000000000000     
   74.000000000000000        0.0000000000000000     
   74.250000000000000        0.0000000000000000     
   74.500000000000000        0.0000000000000000     
   74.750000000000000        0.0000000000000000     
   75.000000000000000        0.0000000000000000     
   75.250000000000000        0.0000000000000000     
   75.500000000000000        0.0000000000000000     
   75.750000000000000        0.0000000000000000     
   76.000000000000000        0.0000000000000000     
   76.250000000000000        0.0000000000000000     
   76.500000000000000        0.0000000000000000     
   76.750000000000000        0.0000000000000000     
   77.000000000000000        0.0000000000000000     
   77.250000000000000        0.0000000000000000     
   77.500000000000000        0.0000000000000000     
   77.750000000000000        0.0000000000000000     
   78.000000000000000        0.0000000000000000     
   78.250000000000000        0.0000000000000000     
   78.500000000000000        0.0000000000000000     
   78.750000000000000        0.0000000000000000     
   79.000000000000000        0.0000000000000000     
   79.250000000000000        0.0000000000000000     
   79.500000000000000        0.0000000000000000     
   79.750000000000000        0.0000000000000000     
   80.000000000000000        0.0000000000000000     
   80.250000000000000        0.0000000000000000     
   80.500000000000000        0.0000000000000000     
   80.750000000000000        0.0000000000000000     
   81.000000000000000        0.0000000000000000     
   81.250000000000000        0.0000000000000000     
   81.500000000000000        0.0000000000000000     
   81.750000000000000        0.0000000000000000     
   82.000000000000000        0.0000000000000000     
   82.250000000000000        0.0000000000000000     
   82.500000000000000        0.0000000000000000     
   82.750000000000000        0.0000000000000000     
   83.000000000000000        0.0000000000000000     
   83.250000000000000        0.0000000000000000     
   83.500000000000000        0.0000000000000000     
   83.750000000000000        0.0000000000000000     
   84.000000000000000        0.0000000000000000     
   84.250000000000000        0.0000000000000000     
   84.500000000000000        0.0000000000000000     
   84.750000000000000        0.0000000000000000     
   85.000000000000000        0.0000000000000000     
   85.250000000000000        0.0000000000000000     
   85.500000000000000        0.0000000000000000     
   85.750000000000000        0.0000000000000000     
   86.000000000000000        0.0000000000000000     
   86.250000000000000        0.0000000000000000     
   86.500000000000000        0.0000000000000000     
   86.750000000000000        0.0000000000000000     
   87.000000000000000        0.0000000000000000     
   87.250000000000000        0.0000000000000000     
   87.500000000000000        0.0000000000000000     
   87.750000000000000        0.0000000000000000     
   88.000000000000000        0.0000000000000000     
   88.250000000000000        0.0000000000000000     
   88.500000000000000        0.0000000000000000     
   88.750000000000000        0.0000000000000000     
   89.000000000000000        0.0000000000000000     
   89.250000000000000        0.0000000000000000     
   89.500000000000000        0.0000000000000000     
