  -10.500000000000000        0.0000000000000000     
  -10.250000000000000       1.05079042276286992E-005
  -10.000000000000000      -1.51115666625055862E-005
  -9.7500000000000000       1.02917849869258848E-005
  -9.5000000000000000       3.37182064587488242E-006
  -9.2500000000000000      -2.08077367761272898E-005
  -9.0000000000000000       3.38370096301491169E-005
  -8.7500000000000000      -3.42751928471754909E-005
  -8.5000000000000000       1.78863736060031609E-005
  -8.2500000000000000       1.24451170776740634E-005
  -8.0000000000000000      -4.61767194227475980E-005
  -7.7500000000000000       6.83070354788618275E-005
  -7.5000000000000000      -6.57405140178438097E-005
  -7.2500000000000000       3.43018361900655495E-005
  -7.0000000000000000       1.72318037161986270E-005
  -6.7500000000000000      -6.90315227209500583E-005
  -6.5000000000000000       9.83670054176567901E-005
  -6.2500000000000000      -9.07784830557092605E-005
  -6.0000000000000000       4.85458268635643162E-005
  -5.7500000000000000       8.86175831838639886E-006
  -5.5000000000000000      -5.38781570047129702E-005
  -5.2500000000000000       6.54498099248152876E-005
  -5.0000000000000000      -4.10643181822772501E-005
  -4.7500000000000000      -1.47416037085758129E-006
  -4.5000000000000000       3.46360628445248637E-005
  -4.2500000000000000      -3.83624008358879153E-005
  -4.0000000000000000       1.29898731692374965E-005
  -3.7500000000000000       2.11924097721861770E-005
  -3.5000000000000000      -3.83136028984193774E-005
  -3.2500000000000000       2.57252463902593934E-005
  -3.0000000000000000       6.43289271149624800E-006
  -2.7500000000000000      -3.27488437957621157E-005
  -2.5000000000000000       3.22837051645091645E-005
  -2.2500000000000000      -5.42309901254771270E-006
  -2.0000000000000000      -2.62617860736894895E-005
  -1.7500000000000000       3.81494505793292019E-005
  -1.5000000000000000      -2.41416906191807784E-005
  -1.2500000000000000       2.51222545675380371E-006
  -1.0000000000000000       9.34409265086703081E-007
 -0.75000000000000000       2.10350993281770761E-005
 -0.50000000000000000      -4.59239430739566491E-005
 -0.25000000000000000       3.87821184006542397E-005
   0.0000000000000000       1.41187466541767352E-005
  0.25000000000000000      -8.53368201909294127E-005
  0.50000000000000000       1.21913830183368932E-004
  0.75000000000000000      -8.77519008639057784E-005
   1.0000000000000000      -2.75977341008279507E-006
   1.2500000000000000       9.13031321319526671E-005
   1.5000000000000000      -1.19567990932756399E-004
   1.7500000000000000       7.37626775436965387E-005
   2.0000000000000000       7.99475114694162166E-006
   2.2500000000000000      -6.90315052919584452E-005
   2.5000000000000000       7.60198799093260707E-005
   2.7500000000000000      -3.46512533885537008E-005
   3.0000000000000000      -2.54083904120441491E-005
   3.2500000000000000       7.28607151541813480E-005
   3.5000000000000000      -8.48207646527637598E-005
   3.7500000000000000       4.94740601290054880E-005
   4.0000000000000000       2.50792796550374712E-005
   4.2500000000000000      -1.02069219224225417E-004
   4.5000000000000000       1.30533433427951711E-004
   4.7500000000000000      -8.59264186334348875E-005
   5.0000000000000000      -3.31801337295260465E-007
   5.2500000000000000       6.27279203000277919E-005
   5.5000000000000000      -6.18748983606976920E-005
   5.7500000000000000       1.92019385913469860E-005
   6.0000000000000000       1.42289502425969297E-005
   6.2500000000000000      -1.59934226900130443E-005
   6.5000000000000000       5.57987879792463111E-006
   6.7500000000000000      -3.48561866043139987E-006
   7.0000000000000000       1.96670607770942405E-006
   7.2500000000000000       1.02717614881264990E-005
   7.5000000000000000      -1.74960573631906676E-005
   7.7500000000000000       1.77128073372372081E-006
   8.0000000000000000       1.26903280842541769E-005
   8.2500000000000000       1.73144474284480418E-005
   8.5000000000000000      -7.93886939580919790E-005
   8.7500000000000000       1.01496947044947311E-004
   9.0000000000000000      -4.90766416535149576E-005
   9.2500000000000000      -2.01289988199351209E-005
   9.5000000000000000       4.11275061823531614E-005
   9.7500000000000000      -3.27794302402307431E-005
   10.000000000000000       3.90637196312358019E-005
   10.250000000000000      -3.20341943957196671E-005
   10.500000000000000      -2.63513240284203731E-005
   10.750000000000000       7.06377019515327562E-005
   11.000000000000000      -1.65570331449154664E-005
   11.250000000000000      -7.26425872182522681E-005
   11.500000000000000       7.02455700766236864E-005
   11.750000000000000      -3.69712616854409308E-006
   12.000000000000000      -1.29460338489968487E-005
   12.250000000000000       1.03657851700384766E-005
   12.500000000000000      -7.40200315913776117E-005
   12.750000000000000       1.13626536296733313E-004
   13.000000000000000      -3.39450174681649568E-005
   13.250000000000000      -2.07560707625299494E-005
   13.500000000000000      -5.30188586483766093E-005
   13.750000000000000       7.28468957674251199E-005
   14.000000000000000       3.09460006190963319E-005
   14.250000000000000      -4.27912006725739667E-005
   14.500000000000000      -1.54247436045948984E-005
   14.750000000000000      -8.81252818414080821E-005
   15.000000000000000       1.63237056733415108E-004
   15.250000000000000       2.71465578234305276E-005
   15.500000000000000      -1.16075029868898508E-004
   15.750000000000000      -4.76935488382519240E-005
   16.000000000000000      -1.12731253320219539E-005
   16.250000000000000       1.52309087676867660E-004
   16.500000000000000       1.25421693926151801E-004
   16.750000000000000      -2.52135821389024354E-004
   17.000000000000000      -1.17630049142433988E-004
   17.250000000000000       9.22737011678911661E-005
   17.500000000000000       1.78555723647672845E-004
   17.750000000000000       1.52487167946777096E-004
   18.000000000000000      -1.97087345835439474E-004
   18.250000000000000      -3.07827811008086472E-004
   18.500000000000000       2.10132412545045028E-005
   18.750000000000000       2.94517628141642866E-004
   19.000000000000000       2.33704517378416853E-004
   19.250000000000000      -2.29696788003735117E-005
   19.500000000000000      -3.88215181316675889E-004
   19.750000000000000      -2.56743277608822897E-004
   20.000000000000000       1.69637480517729274E-004
   20.250000000000000       3.43821720020988700E-004
   20.500000000000000       1.21601553419200715E-004
   20.750000000000000      -3.50833267114544222E-005
   21.000000000000000      -1.76106612829768740E-004
   21.250000000000000      -2.55456793508614111E-004
   21.500000000000000       3.44654341124622416E-005
   21.750000000000000      -4.47396083946029324E-005
   22.000000000000000       1.54374429333907032E-004
   22.250000000000000       3.36667548155928113E-004
   22.500000000000000      -2.90477464662625899E-005
   22.750000000000000      -7.98144255668897844E-005
   23.000000000000000      -2.28573527961576186E-004
   23.250000000000000      -2.31568932670882368E-004
   23.500000000000000       2.92646462072183199E-005
   23.750000000000000      -1.40149347236885488E-004
   24.000000000000000      -1.89510453440466808E-004
   24.250000000000000       6.24989326708201023E-005
   24.500000000000000       6.91353903353877398E-004
   24.750000000000000       2.05973748949311256E-003
   25.000000000000000       3.16355606278532044E-003
   25.250000000000000       4.02437201552103500E-003
   25.500000000000000       5.43346664978910151E-003
   25.750000000000000       7.22497675651402257E-003
   26.000000000000000       9.79631795279265263E-003
   26.250000000000000       1.25229529487569068E-002
   26.500000000000000       1.47223601426835684E-002
   26.750000000000000       1.71237131495056982E-002
   27.000000000000000       1.99738914589415659E-002
   27.250000000000000       2.35053251794872797E-002
   27.500000000000000       2.73396803192932220E-002
   27.750000000000000       3.07133924013612974E-002
   28.000000000000000       3.38831904367334624E-002
   28.250000000000000       3.73435713851748424E-002
   28.500000000000000       4.13265997753406583E-002
   28.750000000000000       4.55313678026535718E-002
   29.000000000000000       4.95150401912253790E-002
   29.250000000000000       5.31103130766217846E-002
   29.500000000000000       5.66539636107691591E-002
   29.750000000000000       6.05576194357965447E-002
   30.000000000000000       6.44609792879550364E-002
   30.250000000000000       6.82583639743357395E-002
   30.500000000000000       7.18245131498436301E-002
   30.750000000000000       7.49702545257821540E-002
   31.000000000000000       7.82042795424794657E-002
   31.250000000000000       8.13435279937081424E-002
   31.500000000000000       8.42275418485186056E-002
   31.750000000000000       8.70552138449556673E-002
   32.000000000000000       8.94413989168693219E-002
   32.250000000000000       9.16343954495524582E-002
   32.500000000000000       9.36269904016751725E-002
   32.750000000000000       9.50208924257535670E-002
   33.000000000000000       9.64063432689089284E-002
   33.250000000000000       9.77877769870476587E-002
   33.500000000000000       9.87430525192443675E-002
   33.750000000000000       9.92531475512884870E-002
   34.000000000000000       9.90836030351970876E-002
   34.250000000000000       9.87635355256374636E-002
   34.500000000000000       9.87649547367868003E-002
   34.750000000000000       9.84099779063804803E-002
   35.000000000000000       9.73843681375821391E-002
   35.250000000000000       9.57757250886911993E-002
   35.500000000000000       9.38642615024666283E-002
   35.750000000000000       9.22401218769842990E-002
   36.000000000000000       9.05900718651179437E-002
   36.250000000000000       8.82856956322424086E-002
   36.500000000000000       8.54544354106070297E-002
   36.750000000000000       8.23677076980567913E-002
   37.000000000000000       7.93698328094439021E-002
   37.250000000000000       7.65216553995526350E-002
   37.500000000000000       7.32768221324459068E-002
   37.750000000000000       6.95992256233416151E-002
   38.000000000000000       6.59161642437022521E-002
   38.250000000000000       6.22546431050201923E-002
   38.500000000000000       5.85436780895585776E-002
   38.750000000000000       5.47012400936964377E-002
   39.000000000000000       5.06734353877058286E-002
   39.250000000000000       4.67898401194478675E-002
   39.500000000000000       4.31973462819297341E-002
   39.750000000000000       3.95609694820933805E-002
   40.000000000000000       3.56913094171762146E-002
   40.250000000000000       3.16968238913355946E-002
   40.500000000000000       2.79088242787919466E-002
   40.750000000000000       2.47212918072246407E-002
   41.000000000000000       2.19615253808830152E-002
   41.250000000000000       1.90674321512696934E-002
   41.500000000000000       1.59637810346671821E-002
   41.750000000000000       1.29826948089414689E-002
   42.000000000000000       1.03410960526489869E-002
   42.250000000000000       8.12247883995181018E-003
   42.500000000000000       6.30486799354550414E-003
   42.750000000000000       4.81795047941706821E-003
   43.000000000000000       3.66263194010537241E-003
   43.250000000000000       2.73032867020010436E-003
   43.500000000000000       1.81982946163690147E-003
   43.750000000000000       1.00629609212108165E-003
   44.000000000000000       5.20376385056433590E-004
   44.250000000000000       3.32717616777486024E-004
   44.500000000000000       2.34082441773015914E-004
   44.750000000000000       8.93528262560812218E-005
   45.000000000000000      -7.13572530491607827E-005
   45.250000000000000       5.34679909404684839E-005
   45.500000000000000       8.06487069381630261E-004
   45.750000000000000       2.02297525951504768E-003
   46.000000000000000       3.16188358269766040E-003
   46.250000000000000       4.10457211028416452E-003
   46.500000000000000       5.33672129585790155E-003
   46.750000000000000       7.28321120333041798E-003
   47.000000000000000       9.81950146688635207E-003
   47.250000000000000       1.24426206971705398E-002
   47.500000000000000       1.47972884970279765E-002
   47.750000000000000       1.71014096489725542E-002
   48.000000000000000       1.99502459632780842E-002
   48.250000000000000       2.35373314926495547E-002
   48.500000000000000       2.73211623706971773E-002
   48.750000000000000       3.07240454503530970E-002
   49.000000000000000       3.38751430967480088E-002
   49.250000000000000       3.73405825747046421E-002
   49.500000000000000       4.13388866120489515E-002
   49.750000000000000       4.55333883727924646E-002
   50.000000000000000       4.94902361686833381E-002
   50.250000000000000       5.31211626571028994E-002
   50.500000000000000       5.66945524273288620E-002
   50.750000000000000       6.04943684944661692E-002
   51.000000000000000       6.44762697350086400E-002
   51.250000000000000       6.83070397488488718E-002
   51.500000000000000       7.17691805708835229E-002
   51.750000000000000       7.49928676762926516E-002
   52.000000000000000       7.81937884442150261E-002
   52.250000000000000       8.13453058302969767E-002
   52.500000000000000       8.42785321129056186E-002
   52.750000000000000       8.69642116334356924E-002
   53.000000000000000       8.94682397884715985E-002
   53.250000000000000       9.17133244547286008E-002
   53.500000000000000       9.35445901884599529E-002
   53.750000000000000       9.50271104334893951E-002
   54.000000000000000       9.64219050239292219E-002
   54.250000000000000       9.77840136141487903E-002
   54.500000000000000       9.87985516974932559E-002
   54.750000000000000       9.91730374179987939E-002
   55.000000000000000       9.90561572538220247E-002
   55.250000000000000       9.88674084558479882E-002
   55.500000000000000       9.87473747459295947E-002
   55.750000000000000       9.83703647448153362E-002
   56.000000000000000       9.73616740169125500E-002
   56.250000000000000       9.57637086829793149E-002
   56.500000000000000       9.39698087402850574E-002
   56.750000000000000       9.22489106090304267E-002
   57.000000000000000       9.04606758976985725E-002
   57.250000000000000       8.82658096928605751E-002
   57.500000000000000       8.55321098579683164E-002
   57.750000000000000       8.24650912583796553E-002
   58.000000000000000       7.93664458216108426E-002
   58.250000000000000       7.63325012998656710E-002
   58.500000000000000       7.32084319575580927E-002
   58.750000000000000       6.97961557660164156E-002
   59.000000000000000       6.60669779762203258E-002
   59.250000000000000       6.21788879936465561E-002
   59.500000000000000       5.83232929794891899E-002
   59.750000000000000       5.45732332538062526E-002
   60.000000000000000       5.08628018368342261E-002
   60.250000000000000       4.70848733979109882E-002
   60.500000000000000       4.32009326774142471E-002
   60.750000000000000       3.92750000626150425E-002
   61.000000000000000       3.54250300815094829E-002
   61.250000000000000       3.17473321490319288E-002
   61.500000000000000       2.82726020490133914E-002
   61.750000000000000       2.49736330306634495E-002
   62.000000000000000       2.18055425835863605E-002
   62.250000000000000       1.87455909047761493E-002
   62.500000000000000       1.58106863720251963E-002
   62.750000000000000       1.30502794901226973E-002
   63.000000000000000       1.05257283775539619E-002
   63.250000000000000       8.28952238057075602E-003
   63.500000000000000       6.37253672541649926E-003
   63.750000000000000       4.78079277675563363E-003
   64.000000000000000       3.49896315841924203E-003
   64.250000000000000       2.49683687462780735E-003
   64.500000000000000       1.73593322450878249E-003
   64.750000000000000       1.17491011976755995E-003
   65.000000000000000       7.73464434207228840E-004
   65.250000000000000       4.94892874985036063E-004
   65.500000000000000       3.07574003475348827E-004
   65.750000000000000       1.85593297239678356E-004
   66.000000000000000       1.08700727223781641E-004
   66.250000000000000       6.17895541493404836E-005
   66.500000000000000       3.40900573805636055E-005
   66.750000000000000       1.82574459674866893E-005
   67.000000000000000       9.49429441451268464E-006
   67.250000000000000       4.79554340136333846E-006
   67.500000000000000       2.35358707672429525E-006
   67.750000000000000       1.12284690483232524E-006
   68.000000000000000       5.20953664805476577E-007
   68.250000000000000       2.35159098391973132E-007
   68.500000000000000       1.03325238091906897E-007
   68.750000000000000       4.42109758225489569E-008
   69.000000000000000       1.84300850811870335E-008
   69.250000000000000       7.48839262931830511E-009
   69.500000000000000       2.96687587802395304E-009
   69.750000000000000       1.14667270730152385E-009
   70.000000000000000       4.32496570473000773E-010
   70.250000000000000       1.59256234618457830E-010
   70.500000000000000       5.72719447591114521E-011
   70.750000000000000       2.01221285615909459E-011
   71.000000000000000       6.90940982668325241E-012
   71.250000000000000       2.31945245472280788E-012
   71.500000000000000       7.61454582988524602E-013
   71.750000000000000       2.44538559155258655E-013
   72.000000000000000       7.68459194402157044E-014
   72.250000000000000       2.36365680979433325E-014
   72.500000000000000       7.11792079598282776E-015
   72.750000000000000       2.09911946068746524E-015
   73.000000000000000       6.06375953887691473E-016
   73.250000000000000       1.71620333339785136E-016
   73.500000000000000       4.76008179193457123E-017
   73.750000000000000       1.29411223933171153E-017
   74.000000000000000       3.44929604431636701E-018
   74.250000000000000       9.01520278356633215E-019
   74.500000000000000       2.31094216349464437E-019
   74.750000000000000       5.81098744929683166E-020
   75.000000000000000       1.43361873035648749E-020
   75.250000000000000       3.47066610963900071E-021
   75.500000000000000       8.24626215514595406E-022
   75.750000000000000       1.92324014871322181E-022
   76.000000000000000       4.40358400010581600E-023
   76.250000000000000       9.90004654192494609E-024
   76.500000000000000       2.18567583595096963E-024
   76.750000000000000       4.73924212094239283E-025
   77.000000000000000       1.00939586867926672E-025
   77.250000000000000       2.11201183835178820E-026
   77.500000000000000       4.34174231967902668E-027
   77.750000000000000       8.77027712213231880E-028
   78.000000000000000       1.74096873927478572E-028
   78.250000000000000       3.39658119116213750E-029
   78.500000000000000       6.51342813172435177E-030
   78.750000000000000       1.22782191202045993E-030
   79.000000000000000       2.27540734542204375E-031
   79.250000000000000       4.14590421763943997E-032
   79.500000000000000       7.42766803901804112E-033
   79.750000000000000       1.30856144019958987E-033
   80.000000000000000       2.26713836808899845E-034
   80.250000000000000       3.86310651589504412E-035
   80.500000000000000       6.47442508178705298E-036
   80.750000000000000       1.06733664279091138E-036
   81.000000000000000       1.73087557612531312E-037
   81.250000000000000       2.76135217829382049E-038
   81.500000000000000       4.33406440200882146E-039
   81.750000000000000       6.69285551424016117E-040
   82.000000000000000       1.01693650362301039E-040
   82.250000000000000       1.52042560204540624E-041
   82.500000000000000       2.23690231625132660E-042
   82.750000000000000       3.23861902490375095E-043
   83.000000000000000       4.61448405138350928E-044
   83.250000000000000       6.47076011445814028E-045
   83.500000000000000       8.93045799411235155E-046
   83.750000000000000       1.21309518610324948E-046
   84.000000000000000       1.62193785091361188E-047
   84.250000000000000       2.13454954114492695E-048
   84.500000000000000       2.76518729797446605E-049
   84.750000000000000       3.52615839994873258E-050
   85.000000000000000       4.42639118012250930E-051
   85.250000000000000       5.46989946330492774E-052
   85.500000000000000       6.65427065744248240E-053
   85.750000000000000       7.96933827581093340E-054
   86.000000000000000       9.39621624655879547E-055
   86.250000000000000       1.09068689164700359E-055
   86.500000000000000       1.24643633125910025E-056
   86.750000000000000       1.40238982644299356E-057
   87.000000000000000       1.55346315819500408E-058
   87.250000000000000       1.69422388358819459E-059
   87.500000000000000       1.81920460186071777E-060
   87.750000000000000       1.92324961447649743E-061
   88.000000000000000       2.00186494495272969E-062
   88.250000000000000       2.05153889260759781E-063
   88.500000000000000       2.07000139274362464E-064
   88.750000000000000       2.05639423591934829E-065
   89.000000000000000       2.01118630491155250E-066
   89.250000000000000       1.91975816146757298E-067
   89.500000000000000        0.0000000000000000     
