  -10.500000000000000        0.0000000000000000     
  -10.250000000000000       5.48074594288496721E-007
  -10.000000000000000      -2.16573675879681068E-006
  -9.7500000000000000       5.65267812131098205E-006
  -9.5000000000000000      -1.13034649170691814E-005
  -9.2500000000000000       1.87461664605808809E-005
  -9.0000000000000000      -2.68978625848293802E-005
  -8.7500000000000000       3.40750963783526065E-005
  -8.5000000000000000      -3.82765737314340765E-005
  -8.2500000000000000       3.76170290021923874E-005
  -8.0000000000000000      -3.08413701508373746E-005
  -7.7500000000000000       1.78012223529599760E-005
  -7.5000000000000000       2.49269070964605484E-007
  -7.2500000000000000      -2.06677194701060816E-005
  -7.0000000000000000       3.98162130986161656E-005
  -6.7500000000000000      -5.37998004612414977E-005
  -6.5000000000000000       5.94017370412669627E-005
  -6.2500000000000000      -5.49721216151978942E-005
  -6.0000000000000000       4.09940930378698489E-005
  -5.7500000000000000      -2.01078976414682182E-005
  -5.5000000000000000      -3.48221664869445915E-006
  -5.2500000000000000       2.50946815302670028E-005
  -5.0000000000000000      -4.08386871931640038E-005
  -4.7500000000000000       4.86480892002897995E-005
  -4.5000000000000000      -4.87051368998484542E-005
  -4.2500000000000000       4.30720591956533267E-005
  -4.0000000000000000      -3.46457220385124531E-005
  -3.7500000000000000       2.58435077010190666E-005
  -3.5000000000000000      -1.75879904827902682E-005
  -3.2500000000000000       9.08637785461963708E-006
  -3.0000000000000000       1.41427880919514946E-006
  -2.7500000000000000      -1.51731932143570151E-005
  -2.5000000000000000       3.14886926165438443E-005
  -2.2500000000000000      -4.70475724199977802E-005
  -2.0000000000000000       5.66675280981521543E-005
  -1.7500000000000000      -5.53949865480634417E-005
  -1.5000000000000000       4.11782793357184197E-005
  -1.2500000000000000      -1.68254929134695105E-005
  -1.0000000000000000      -9.99245718678253388E-006
 -0.75000000000000000       2.92050916606909891E-005
 -0.50000000000000000      -3.25999225823178171E-005
 -0.25000000000000000       1.80893542039414415E-005
   0.0000000000000000       8.21722995601106024E-006
  0.25000000000000000      -3.36680418443092441E-005
  0.50000000000000000       4.43282183061862519E-005
  0.75000000000000000      -3.17738606924703406E-005
   1.0000000000000000      -1.87382540973727771E-006
   1.2500000000000000       4.36256427730570871E-005
   1.5000000000000000      -7.49162685169934021E-005
   1.7500000000000000       8.04818766802544100E-005
   2.0000000000000000      -5.64906096619061197E-005
   2.2500000000000000       1.33750293213756767E-005
   2.5000000000000000       2.88094923152655552E-005
   2.7500000000000000      -5.06671890853098092E-005
   3.0000000000000000       4.40447664251851988E-005
   3.2500000000000000      -1.67856760037157085E-005
   3.5000000000000000      -1.16368525396150046E-005
   3.7500000000000000       2.16748829082670822E-005
   4.0000000000000000      -5.87350507304935221E-006
   4.2500000000000000      -2.59178707720150432E-005
   4.5000000000000000       5.20776826946343747E-005
   4.7500000000000000      -5.26199039644612064E-005
   5.0000000000000000       2.22064327333191728E-005
   5.2500000000000000       2.58293827354788075E-005
   5.5000000000000000      -6.75067417489448455E-005
   5.7500000000000000       8.32259522554347464E-005
   6.0000000000000000      -6.96434250248948063E-005
   6.2500000000000000       4.01216877031275080E-005
   6.5000000000000000      -1.35973928088944835E-005
   6.7500000000000000       4.17601030984363840E-007
   7.0000000000000000       3.75314455661835010E-006
   7.2500000000000000      -1.10706628923480867E-005
   7.5000000000000000       2.75545569106886270E-005
   7.7500000000000000      -4.45902307874216898E-005
   8.0000000000000000       4.47848176666535051E-005
   8.2500000000000000      -1.88543961942500211E-005
   8.5000000000000000      -2.08961947846146474E-005
   8.7500000000000000       4.46362742586984179E-005
   9.0000000000000000      -2.72135762854278711E-005
   9.2500000000000000      -2.77519522532243112E-005
   9.5000000000000000       8.34721590746852714E-005
   9.7500000000000000      -9.36005216067333629E-005
   10.000000000000000       3.88434494939890614E-005
   10.250000000000000       5.25234156484054494E-005
   10.500000000000000      -1.20050801498081084E-004
   10.750000000000000       1.14327054058795802E-004
   11.000000000000000      -3.55441784100923473E-005
   11.250000000000000      -6.40555740974854752E-005
   11.500000000000000       1.17494778911012211E-004
   11.750000000000000      -9.14283089994321133E-005
   12.000000000000000       7.82768978886254916E-006
   12.250000000000000       7.61902917426661859E-005
   12.500000000000000      -1.11213579088357731E-004
   12.750000000000000       8.59870979104658561E-005
   13.000000000000000      -2.54517129986143163E-005
   13.250000000000000      -3.42049881277658289E-005
   13.500000000000000       6.86013590829963994E-005
   13.750000000000000      -7.14268765277350414E-005
   14.000000000000000       4.90315643947434503E-005
   14.250000000000000      -1.53674393603236463E-005
   14.500000000000000      -1.08848651143114049E-005
   14.750000000000000       1.43950761644434217E-005
   15.000000000000000       3.39357568000794589E-006
   15.250000000000000      -1.99076834356075362E-005
   15.500000000000000       8.73412825573767639E-006
   15.750000000000000       3.24274047931864443E-005
   16.000000000000000      -7.31413160389097605E-005
   16.250000000000000       7.66024277245187226E-005
   16.500000000000000      -3.79472115186301742E-005
   16.750000000000000      -7.37330479235818716E-006
   17.000000000000000       1.79991895632132659E-005
   17.250000000000000       1.15915527438221195E-005
   17.500000000000000      -4.75392919646193038E-005
   17.750000000000000       5.33611288808133764E-005
   18.000000000000000      -2.34773838353011954E-005
   18.250000000000000      -2.12935515183765013E-005
   18.500000000000000       6.08111573358049182E-005
   18.750000000000000      -8.60177748249528419E-005
   19.000000000000000       8.68957219876010257E-005
   19.250000000000000      -5.07405465183911490E-005
   19.500000000000000      -1.45286291669196612E-005
   19.750000000000000       6.74998629928276293E-005
   20.000000000000000      -6.60417286569093599E-005
   20.250000000000000       1.60511467707777613E-005
   20.500000000000000       3.04079398032194132E-005
   20.750000000000000      -3.44531438840978772E-005
   21.000000000000000       1.18680597498209972E-005
   21.250000000000000      -1.44124892110237639E-006
   21.500000000000000       9.03719339092514930E-006
   21.750000000000000      -9.91693796552646427E-006
   22.000000000000000      -2.43369498257676919E-006
   22.250000000000000       7.64118952560939596E-006
   22.500000000000000      -4.45658462143636410E-006
   22.750000000000000       2.24703503041192963E-005
   23.000000000000000      -6.33142228521771117E-005
   23.250000000000000       7.17362193827559994E-005
   23.500000000000000      -1.04150378785787740E-005
   23.750000000000000      -6.72576246545070986E-005
   24.000000000000000       7.84191076216211782E-005
   24.250000000000000      -2.57451153772135628E-005
   24.500000000000000      -1.75496317812296040E-005
   24.750000000000000       2.43901342303012976E-005
   25.000000000000000      -2.88745499813568044E-005
   25.250000000000000       2.76495036134298171E-005
   25.500000000000000       2.30768412123868720E-005
   25.750000000000000      -9.17792672829380410E-005
   26.000000000000000       7.85804346376918819E-005
   26.250000000000000       1.96840291550806357E-005
   26.500000000000000      -8.44237590275239130E-005
   26.750000000000000       6.40262522709242836E-005
   27.000000000000000      -3.55051170294164511E-005
   27.250000000000000       3.05104279703495660E-005
   27.500000000000000       1.15588600741936887E-005
   27.750000000000000      -6.80169233084521355E-005
   28.000000000000000       3.85700149961080795E-005
   28.250000000000000       3.30085746377550973E-005
   28.500000000000000      -9.02165810551177087E-006
   28.750000000000000      -6.50710299432569135E-005
   29.000000000000000       4.24088348001289172E-005
   29.250000000000000       2.83260558806443564E-005
   29.500000000000000      -3.27237176711918344E-005
   29.750000000000000       4.54146137742404327E-005
   30.000000000000000      -9.73082572251256911E-005
   30.250000000000000       2.14738519436008328E-005
   30.500000000000000       1.43170615094453317E-004
   30.750000000000000      -1.21927063384213378E-004
   31.000000000000000      -2.62629182425790737E-005
   31.250000000000000       3.45588642237143850E-005
   31.500000000000000      -3.54813560673649184E-005
   31.750000000000000       1.65054552807839309E-004
   32.000000000000000      -9.27430481769767610E-005
   32.250000000000000      -1.83443625856519969E-004
   32.500000000000000       1.55962617963903378E-004
   32.750000000000000       4.98713736659024776E-005
   33.000000000000000       3.65000375975950333E-005
   33.250000000000000      -5.95997658855086556E-005
   33.500000000000000      -2.03059993883141865E-004
   33.750000000000000       1.25077202702767950E-004
   34.000000000000000       1.52810471802091396E-004
   34.250000000000000       3.07724031138838154E-005
   34.500000000000000      -9.32647902785387018E-005
   34.750000000000000      -2.56022324941705388E-004
   35.000000000000000       6.80766454255521186E-005
   35.250000000000000       2.75367416363035244E-004
   35.500000000000000       9.81905613711278803E-005
   35.750000000000000      -1.29666569334898469E-004
   36.000000000000000      -3.12410163348701480E-004
   36.250000000000000      -7.08219178310345550E-005
   36.500000000000000       3.26443611593443578E-004
   36.750000000000000       2.61654931059121455E-004
   37.000000000000000      -1.13338454914804223E-004
   37.250000000000000      -2.73951673776667251E-004
   37.500000000000000      -1.61124277498093525E-004
   37.750000000000000       5.03117338002557612E-005
   38.000000000000000       2.61297137530951866E-004
   38.250000000000000       1.59019501685997395E-004
   38.500000000000000      -5.37656513952751739E-005
   38.750000000000000      -1.14393823723004818E-004
   39.000000000000000      -1.98550045277411081E-004
   39.250000000000000      -8.47994068608384625E-005
   39.500000000000000       7.48143993240356087E-005
   39.750000000000000       1.36053610016738857E-004
   40.000000000000000       2.81843370751106294E-004
   40.250000000000000       6.44942125229323946E-005
   40.500000000000000      -2.76853773323588624E-004
   40.750000000000000      -2.52350169622283702E-004
   41.000000000000000      -1.18897813432402839E-004
   41.250000000000000       1.94096503119426240E-004
   41.500000000000000       3.04988385157685870E-004
   41.750000000000000      -6.72825553554347322E-005
   42.000000000000000      -1.91409247753987976E-004
   42.250000000000000      -3.74699936356133402E-006
   42.500000000000000       2.53878982570643797E-004
   42.750000000000000       3.63350154381332773E-004
   43.000000000000000      -1.72947218839411229E-004
   43.250000000000000      -7.59613581942918462E-004
   43.500000000000000      -6.93861730833245419E-004
   43.750000000000000      -2.50053074745659287E-004
   44.000000000000000       2.98483735865732764E-004
   44.250000000000000       5.28883987465359872E-004
   44.500000000000000       5.45480191192506368E-004
   44.750000000000000       1.27773430313338600E-003
   45.000000000000000       2.75839854554882791E-003
   45.250000000000000       4.42988731240509786E-003
   45.500000000000000       6.05186882331428325E-003
   45.750000000000000       7.52981467998595048E-003
   46.000000000000000       9.34138921584855633E-003
   46.250000000000000       1.18783171536461923E-002
   46.500000000000000       1.47590045451088531E-002
   46.750000000000000       1.76927446745618125E-002
   47.000000000000000       2.05689802065037938E-002
   47.250000000000000       2.34397830631139781E-002
   47.500000000000000       2.67515967655307073E-002
   47.750000000000000       3.04849520452537930E-002
   48.000000000000000       3.41991883743680974E-002
   48.250000000000000       3.78606319414650366E-002
   48.500000000000000       4.15553935304502561E-002
   48.750000000000000       4.53297912495239513E-002
   49.000000000000000       4.92299487655039197E-002
   49.250000000000000       5.30752520086110458E-002
   49.500000000000000       5.68891154031023541E-002
   49.750000000000000       6.08632357575923169E-002
   50.000000000000000       6.47208598544905256E-002
   50.250000000000000       6.81881601195880038E-002
   50.500000000000000       7.14851802377169387E-002
   50.750000000000000       7.48736477934230094E-002
   51.000000000000000       7.83962355910275271E-002
   51.250000000000000       8.17739129103373374E-002
   51.500000000000000       8.45439388105346801E-002
   51.750000000000000       8.67823083639305409E-002
   52.000000000000000       8.90611353058010785E-002
   52.250000000000000       9.15561465882228920E-002
   52.500000000000000       9.38731913494830206E-002
   52.750000000000000       9.55494736119273380E-002
   53.000000000000000       9.65361415909907067E-002
   53.250000000000000       9.73435576870355090E-002
   53.500000000000000       9.83646436927392426E-002
   53.750000000000000       9.92569955335828036E-002
   54.000000000000000       9.95247384627262754E-002
   54.250000000000000       9.91951107752563899E-002
   54.500000000000000       9.85842026731904575E-002
   54.750000000000000       9.79098181315871396E-002
   55.000000000000000       9.71326008547184899E-002
   55.250000000000000       9.59645849199126239E-002
   55.500000000000000       9.42725378583172680E-002
   55.750000000000000       9.23115087321418198E-002
   56.000000000000000       9.02841689102119593E-002
   56.250000000000000       8.80421853652593733E-002
   56.500000000000000       8.53995072704789027E-002
   56.750000000000000       8.24273630925985157E-002
   57.000000000000000       7.93903265156599425E-002
   57.250000000000000       7.64376495626828134E-002
   57.500000000000000       7.33257498003905966E-002
   57.750000000000000       6.97047487635520657E-002
   58.000000000000000       6.57190860283785039E-002
   58.250000000000000       6.18740404041527720E-002
   58.500000000000000       5.83307730904416358E-002
   58.750000000000000       5.48076625261244149E-002
   59.000000000000000       5.10554594945781953E-002
   59.250000000000000       4.70543586299622951E-002
   59.500000000000000       4.29384083510958442E-002
   59.750000000000000       3.89408611927656717E-002
   60.000000000000000       3.52219507308192820E-002
   60.250000000000000       3.17338793185315618E-002
   60.500000000000000       2.83911128380476066E-002
   60.750000000000000       2.51799346281111371E-002
   61.000000000000000       2.19942586576421031E-002
   61.250000000000000       1.86930256849934147E-002
   61.500000000000000       1.54323024971859835E-002
   61.750000000000000       1.26077686933300306E-002
   62.000000000000000       1.03749520087277995E-002
   62.250000000000000       8.48378918443506817E-003
   62.500000000000000       6.63448075344856038E-003
   62.750000000000000       4.83443520716263057E-003
   63.000000000000000       3.38631093867263833E-003
   63.250000000000000       2.54331994205297257E-003
   63.500000000000000       2.12502609529605741E-003
   63.750000000000000       1.59140608161340729E-003
   64.000000000000000       6.80476871943597357E-004
   64.250000000000000      -1.81664680060401466E-004
   64.500000000000000      -3.93512026834493824E-004
   64.750000000000000       1.79856683837785654E-005
   65.000000000000000       4.48593846071534074E-004
   65.250000000000000       5.42322195555673897E-004
   65.500000000000000       6.39368335191476539E-004
   65.750000000000000       1.32149497401968944E-003
   66.000000000000000       2.72902691659804688E-003
   66.250000000000000       4.45696227258381757E-003
   66.500000000000000       6.05519836188777097E-003
   66.750000000000000       7.53820376257966374E-003
   67.000000000000000       9.35284650207251524E-003
   67.250000000000000       1.18340619905097037E-002
   67.500000000000000       1.47866111779367849E-002
   67.750000000000000       1.77325318269111465E-002
   68.000000000000000       2.05130512760697999E-002
   68.250000000000000       2.34349049037744263E-002
   68.500000000000000       2.67925241759997858E-002
   68.750000000000000       3.04775542291528777E-002
   69.000000000000000       3.41896006922357970E-002
   69.250000000000000       3.78423398183817539E-002
   69.500000000000000       4.15590141791195716E-002
   69.750000000000000       4.53790621650710657E-002
   70.000000000000000       4.92056168864925467E-002
   70.250000000000000       5.30217503208903346E-002
   70.500000000000000       5.69277353485693194E-002
   70.750000000000000       6.08989535994719916E-002
   71.000000000000000       6.46983211178151219E-002
   71.250000000000000       6.81651749837702686E-002
   71.500000000000000       7.14695867508204630E-002
   71.750000000000000       7.49026622554432170E-002
   72.000000000000000       7.84472808152212597E-002
   72.250000000000000       8.17334757770859649E-002
   72.500000000000000       8.44743785645650502E-002
   72.750000000000000       8.68153993916273431E-002
   73.000000000000000       8.91360523967811985E-002
   73.250000000000000       9.15609451773911898E-002
   73.500000000000000       9.37978690443338065E-002
   73.750000000000000       9.54854900895008019E-002
   74.000000000000000       9.66041752837453194E-002
   74.250000000000000       9.74647972473021151E-002
   74.500000000000000       9.83258371989504942E-002
   74.750000000000000       9.91064876201704220E-002
   75.000000000000000       9.95015281547461383E-002
   75.250000000000000       9.93254690967719511E-002
   75.500000000000000       9.86911455487282929E-002
   75.750000000000000       9.78593833659899826E-002
   76.000000000000000       9.69607024957641339E-002
   76.250000000000000       9.58873033025713362E-002
   76.500000000000000       9.44349159533547505E-002
   76.750000000000000       9.25174128197354950E-002
   77.000000000000000       9.02394493628675270E-002
   77.250000000000000       8.77843396812014592E-002
   77.500000000000000       8.52510387640513095E-002
   77.750000000000000       8.25934423413950125E-002
   78.000000000000000       7.96954502777435514E-002
   78.250000000000000       7.64928325269145920E-002
   78.500000000000000       7.30325975069535810E-002
   78.750000000000000       6.94343834642002777E-002
   79.000000000000000       6.58032715503777677E-002
   79.250000000000000       6.21696959641896210E-002
   79.500000000000000       5.84949228096262458E-002
   79.750000000000000       5.47244925179986852E-002
   80.000000000000000       5.08427340933595706E-002
   80.250000000000000       4.68919872429459372E-002
   80.500000000000000       4.29519713491959276E-002
   80.750000000000000       3.91007307544992480E-002
   81.000000000000000       3.53840846707706713E-002
   81.250000000000000       3.18085246379783762E-002
   81.500000000000000       2.83556408724344247E-002
   81.750000000000000       2.50055161410330101E-002
   82.000000000000000       2.17557307524472686E-002
   82.250000000000000       1.86286254761002870E-002
   82.500000000000000       1.56668364598491622E-002
   82.750000000000000       1.29218678858818922E-002
   83.000000000000000       1.04415023255329115E-002
   83.250000000000000       8.26024193391716385E-003
   83.500000000000000       6.39449656101930344E-003
   83.750000000000000       4.84221924297311909E-003
   84.000000000000000       3.58564794909290753E-003
   84.250000000000000       2.59562617681988921E-003
   84.500000000000000       1.83627025297947491E-003
   84.750000000000000       1.26918765295737021E-003
   85.000000000000000       8.56835664866595608E-004
   85.250000000000000       5.64883610595179960E-004
   85.500000000000000       3.63615418895873468E-004
   85.750000000000000       2.28511205287388279E-004
   86.000000000000000       1.40198491649461609E-004
   86.250000000000000       8.39781490223641928E-005
   86.500000000000000       4.91154748631032458E-005
   86.750000000000000       2.80520052888227127E-005
   87.000000000000000       1.56489951723877372E-005
   87.250000000000000       8.52874223462334073E-006
   87.500000000000000       4.54224414018485640E-006
   87.750000000000000       2.36461917009664737E-006
   88.000000000000000       1.20357122911923676E-006
   88.250000000000000       5.99057182154225655E-007
   88.500000000000000       2.91440055700119538E-007
   88.750000000000000       1.38080449171702992E-007
   89.000000000000000       6.24263918442200119E-008
   89.250000000000000       2.38470557080444320E-008
   89.500000000000000        0.0000000000000000     
