 -0.50000000000000000       5.89434060873637492E-005
  0.50000000000000000       5.89434060873637492E-005
   1.5000000000000000       3.83114923597655541E-005
   2.5000000000000000      -5.23365953220719074E-006
   3.5000000000000000      -5.43396563458519249E-005
   4.5000000000000000      -1.01620465585370163E-004
   5.5000000000000000      -1.29403543389307069E-004
   6.5000000000000000      -1.13571588524785208E-004
   7.5000000000000000      -5.31621425844441264E-005
   8.5000000000000000       2.48484431721322179E-005
   9.5000000000000000       8.21472560728467223E-005
   10.500000000000000       9.47207061763911273E-005
   11.500000000000000       6.96881746058961894E-005
   12.500000000000000       3.38657109081286586E-005
   13.500000000000000       5.20028873710300441E-006
   14.500000000000000      -8.29896059067930862E-006
   15.500000000000000      -1.45263758217253323E-006
   16.500000000000000       1.45531167263468883E-005
   17.500000000000000       1.81386536529288399E-005
   18.500000000000000       2.27100882956953074E-005
   19.500000000000000       4.21465977074531652E-005
   20.500000000000000       6.92516428365388742E-005
   21.500000000000000       1.13661176686024150E-004
   22.500000000000000       2.07327586318275549E-004
   23.500000000000000       3.27017153427789384E-004
   24.500000000000000       4.96527312439693121E-004
   25.500000000000000       9.25909036814820115E-004
   26.500000000000000       1.72109240139258846E-003
   27.500000000000000       2.73529574903105636E-003
   28.500000000000000       4.03168256539110977E-003
   29.500000000000000       6.38320718214970082E-003
   30.500000000000000       1.11974452226910083E-002
   31.500000000000000       2.00235222101555338E-002
   32.500000000000000       3.39451899277928709E-002
   33.500000000000000       5.27569721166587999E-002
   34.500000000000000       7.37933335896397147E-002
   35.500000000000000       9.13358189254741826E-002
   36.500000000000000       9.86819623963660908E-002
   37.500000000000000       9.28132678881510575E-002
   38.500000000000000       7.69264233633505240E-002
   39.500000000000000       5.75618782073898036E-002
   40.500000000000000       3.99355789856440588E-002
   41.500000000000000       2.63189384597236065E-002
   42.500000000000000       1.67525361561532762E-002
   43.500000000000000       1.04266367461547209E-002
   44.500000000000000       6.40106001297184677E-003
   45.500000000000000       3.88933740422367676E-003
   46.500000000000000       2.34357882979624281E-003
   47.500000000000000       1.40669104267425937E-003
   48.500000000000000       8.45388222919012653E-004
   49.500000000000000       5.09166242078664430E-004
   50.500000000000000       3.05642638041916893E-004
   51.500000000000000       1.81084632461672284E-004
   52.500000000000000       1.04837378236131474E-004
   53.500000000000000       5.88619579202355223E-005
   54.500000000000000       3.19096098857315057E-005
   55.500000000000000       1.66730264023537169E-005
   56.500000000000000       8.39745310657798691E-006
   57.500000000000000       4.08164732463265331E-006
   58.500000000000000       1.91799668771433978E-006
   59.500000000000000       8.73103167971099772E-007
   60.500000000000000       3.85828868573193632E-007
   61.500000000000000       1.65851221077704607E-007
   62.500000000000000       6.94821475075175684E-008
   63.500000000000000       2.84207541948614031E-008
   64.500000000000000       1.13689710855461949E-008
   65.500000000000000       4.45435287810236086E-009
   66.500000000000000       1.71168288473583259E-009
   67.500000000000000       6.45924196621948930E-010
   68.500000000000000       2.39637805593410691E-010
   69.500000000000000       8.74977500317597434E-011
   70.500000000000000       3.14716166694917260E-011
   71.500000000000000       1.11609019632356788E-011
   72.500000000000000       3.90555992065507483E-012
   73.500000000000000       1.34954784053796318E-012
   74.500000000000000       4.60792954292389524E-013
   75.500000000000000       1.55562361002564132E-013
   76.500000000000000       5.19555845456026069E-014
   77.500000000000000       1.71758458005595446E-014
   78.500000000000000       5.62308315513455529E-015
   79.500000000000000       1.82388881475237968E-015
   80.500000000000000       5.86371476645075476E-016
   81.500000000000000       1.86925469804325335E-016
   82.500000000000000       5.91077422389766256E-017
   83.500000000000000       1.85459516295074315E-017
   84.500000000000000       5.77592830167562618E-018
   85.500000000000000       1.78604619493773812E-018
   86.500000000000000       5.48509407933748385E-019
   87.500000000000000       1.67344280949840225E-019
   88.500000000000000       5.07319062980953132E-020
   89.500000000000000       1.52861056303008944E-020
   90.500000000000000       4.57882426547738498E-021
   91.500000000000000       1.36377672215932828E-021
   92.500000000000000       4.03971320787018322E-022
   93.500000000000000       1.19030142515733500E-022
   94.500000000000000       3.48930926415239539E-023
   95.500000000000000       1.01782011932719459E-023
   96.500000000000000       2.95475129777119755E-024
   97.500000000000000       8.53797733386285589E-025
   98.500000000000000       2.45604231564227441E-025
   99.500000000000000       7.03433565100183033E-026
   100.50000000000000       2.00619676086500384E-026
   101.50000000000000       5.69824770174251044E-027
   102.50000000000000       1.61204878316049130E-027
   103.50000000000000       4.54290305113375210E-028
   104.50000000000000       1.27542341347068562E-028
   105.50000000000000       3.56768147839283947E-029
   106.50000000000000       9.94424342523953655E-030
   107.50000000000000       2.76218521696668896E-030
   108.50000000000000       7.64660924329235535E-031
   109.50000000000000       2.10988168385485165E-031
   110.50000000000000       5.80305825200406525E-032
   111.50000000000000       1.59111090399557668E-032
   112.50000000000000       4.34933005108041490E-033
   113.50000000000000       1.18537310327372461E-033
   114.50000000000000       3.22128927415912876E-034
   115.50000000000000       8.72923801115246650E-035
   116.50000000000000       2.35897739875538527E-035
   117.50000000000000       6.35769795930071019E-036
   118.50000000000000       1.70895842640658477E-036
   119.50000000000000       4.58188802809164266E-037
   120.50000000000000       1.22536022210165080E-037
   121.50000000000000       3.26898942808652355E-038
   122.50000000000000       8.69995407125058433E-039
   123.50000000000000       2.30991817900983228E-039
   124.50000000000000       6.11891137250222459E-040
   125.50000000000000       1.61722585958714435E-040
   126.50000000000000       4.26487663515779061E-041
   127.50000000000000       1.12228001758894467E-041
   128.50000000000000       2.94695836380123221E-042
   129.50000000000000       7.72223893075948031E-043
   130.50000000000000       2.01942074464278996E-043
   131.50000000000000       5.27038162804420455E-044
   132.50000000000000       1.37279531064878975E-044
   133.50000000000000       3.56889917775668694E-045
   134.50000000000000       9.26069009674263541E-046
   135.50000000000000       2.39854763493615640E-046
   136.50000000000000       6.20103479722223276E-047
   137.50000000000000       1.60031428419729316E-047
   138.50000000000000       4.12273807871605160E-048
   139.50000000000000       1.06027669823705734E-048
   140.50000000000000       2.72219340560253081E-049
   141.50000000000000       6.97746935635652553E-050
   142.50000000000000       1.78553618645697348E-050
   143.50000000000000       4.56187474535019235E-051
   144.50000000000000       1.16368122036760776E-051
   145.50000000000000       2.96383308327433379E-052
   146.50000000000000       7.53767311332682417E-053
   147.50000000000000       1.91585857411835071E-053
   148.50000000000000       4.93110510550515889E-054
   149.50000000000000       1.53925105146468764E-054
   150.50000000000000       1.53925105146468764E-054
