 -0.50000000000000000       1.25549749438945906E-004
  0.50000000000000000       1.25549749438945906E-004
   1.5000000000000000       7.39892447097259114E-005
   2.5000000000000000      -1.12171031662056210E-005
   3.5000000000000000      -8.86098341025063480E-005
   4.5000000000000000      -1.28421716215170188E-004
   5.5000000000000000      -1.19258238832853209E-004
   6.5000000000000000      -7.17196498006444943E-005
   7.5000000000000000      -2.14327558673570076E-005
   8.5000000000000000       1.12574530332634226E-005
   9.5000000000000000       2.84201392462729990E-005
   10.500000000000000       3.15768464826806186E-005
   11.500000000000000       2.48329748449925226E-005
   12.500000000000000       2.22672384600205204E-005
   13.500000000000000       2.33733626922684013E-005
   14.500000000000000       1.64743968634685121E-005
   15.500000000000000       9.18692371440251548E-006
   16.500000000000000       1.10948750942056858E-005
   17.500000000000000       8.41850262079389574E-006
   18.500000000000000       4.21895601420764893E-006
   19.500000000000000       2.20002752546049656E-006
   20.500000000000000       7.27051903836985161E-008
   21.500000000000000      -3.09131094098969726E-006
   22.500000000000000      -3.62923736479493410E-007
   23.500000000000000      -1.39718934765375712E-006
   24.500000000000000      -9.90335741530886137E-006
   25.500000000000000       1.22693010349451801E-005
   26.500000000000000       2.11195529297401535E-005
   27.500000000000000      -2.27450727019051954E-005
   28.500000000000000      -1.07741973543576796E-005
   29.500000000000000       1.00517844798407173E-004
   30.500000000000000       1.35531762995645628E-004
   31.500000000000000      -2.47225808705652095E-006
   32.500000000000000      -8.69897418851691865E-005
   33.500000000000000       1.78289299791340095E-004
   34.500000000000000       7.53191110991490364E-004
   35.500000000000000       1.25725580370336415E-003
   36.500000000000000       1.39702322688067121E-003
   37.500000000000000       1.32499199055634309E-003
   38.500000000000000       1.71784192417208815E-003
   39.500000000000000       3.59269542181910083E-003
   40.500000000000000       8.02331644924933300E-003
   41.500000000000000       1.60628049239873276E-002
   42.500000000000000       2.85393724593194058E-002
   43.500000000000000       4.56041880044086856E-002
   44.500000000000000       6.57651384384630028E-002
   45.500000000000000       8.47981344200896825E-002
   46.500000000000000       9.64382074850513998E-002
   47.500000000000000       9.59594119527762413E-002
   48.500000000000000       8.39553724532836471E-002
   49.500000000000000       6.57806956387703839E-002
   50.500000000000000       4.73427920074440886E-002
   51.500000000000000       3.20777671472632989E-002
   52.500000000000000       2.08624572161206362E-002
   53.500000000000000       1.32009512072900608E-002
   54.500000000000000       8.20048889228713364E-003
   55.500000000000000       5.03218943781788206E-003
   56.500000000000000       3.06399519756450243E-003
   57.500000000000000       1.85673270459074452E-003
   58.500000000000000       1.12141813484263630E-003
   59.500000000000000       6.74817129110928627E-004
   60.500000000000000       4.03750877706923392E-004
   61.500000000000000       2.39412340589657352E-004
   62.500000000000000       1.40178942112917598E-004
   63.500000000000000       8.07614586844781845E-005
   64.500000000000000       4.56520243580863175E-005
   65.500000000000000       2.52662724626137381E-005
   66.500000000000000       1.36733201665276072E-005
   67.500000000000000       7.23056713294924828E-006
   68.500000000000000       3.73572829837956989E-006
   69.500000000000000       1.88619489313176661E-006
   70.500000000000000       9.31159394155003066E-007
   71.500000000000000       4.49758833843405662E-007
   72.500000000000000       2.12711125719409813E-007
   73.500000000000000       9.85860573472765486E-008
   74.500000000000000       4.48150675859081077E-008
   75.500000000000000       1.99978278694815001E-008
   76.500000000000000       8.76699252441263530E-009
   77.500000000000000       3.77897520419993246E-009
   78.500000000000000       1.60282048702355017E-009
   79.500000000000000       6.69420520948543612E-010
   80.500000000000000       2.75496352517858225E-010
   81.500000000000000       1.11793970848899765E-010
   82.500000000000000       4.47583027512774835E-011
   83.500000000000000       1.76902164981439405E-011
   84.500000000000000       6.90611741074711803E-012
   85.500000000000000       2.66439827766913458E-012
   86.500000000000000       1.01633944340473486E-012
   87.500000000000000       3.83487065285103426E-013
   88.500000000000000       1.43192868756965411E-013
   89.500000000000000       5.29330048888438091E-014
   90.500000000000000       1.93790286601858335E-014
   91.500000000000000       7.02901214322660500E-015
   92.500000000000000       2.52674436845457348E-015
   93.500000000000000       9.00477533114916130E-016
   94.500000000000000       3.18244824997256233E-016
   95.500000000000000       1.11571184304890791E-016
   96.500000000000000       3.88117977572612961E-017
   97.500000000000000       1.34001359033683349E-017
   98.500000000000000       4.59298873512638879E-018
   99.500000000000000       1.56323393518021043E-018
   100.50000000000000       5.28435135805158406E-019
   101.50000000000000       1.77455944883426729E-019
   102.50000000000000       5.92117968516758668E-020
   103.50000000000000       1.96348828634803624E-020
   104.50000000000000       6.47188056450013770E-021
   105.50000000000000       2.12075686304127478E-021
   106.50000000000000       6.91006575054972207E-022
   107.50000000000000       2.23910208760279081E-022
   108.50000000000000       7.21659808055261862E-023
   109.50000000000000       2.31377808350128542E-023
   110.50000000000000       7.38078274731762702E-024
   111.50000000000000       2.34278869697909729E-024
   112.50000000000000       7.40064976574423445E-025
   113.50000000000000       2.32683941944409940E-025
   114.50000000000000       7.28239882945891811E-026
   115.50000000000000       2.26904770217065111E-026
   116.50000000000000       7.03917277852261895E-027
   117.50000000000000       2.17447466191336219E-027
   118.50000000000000       6.68938161567905016E-028
   119.50000000000000       2.04955234998728046E-028
   120.50000000000000       6.25481474049087629E-029
   121.50000000000000       1.90148001960312870E-029
   122.50000000000000       5.75876079864072249E-030
   123.50000000000000       1.73765280957079371E-030
   124.50000000000000       5.22431223781238748E-031
   125.50000000000000       1.56517042447172051E-031
   126.50000000000000       4.67297659138656935E-032
   127.50000000000000       1.39045522785230593E-032
   128.50000000000000       4.12365905986925910E-033
   129.50000000000000       1.21899163481383248E-033
   130.50000000000000       3.59202920652715812E-034
   131.50000000000000       1.05518389592324936E-034
   132.50000000000000       3.09024368238877397E-035
   133.50000000000000       9.02318467691949557E-036
   134.50000000000000       2.62696911986483729E-036
   135.50000000000000       7.62610481846558024E-037
   136.50000000000000       2.20763456976819364E-037
   137.50000000000000       6.37311025950993869E-038
   138.50000000000000       1.83483931961561825E-038
   139.50000000000000       5.26852293685093902E-039
   140.50000000000000       1.50884691831180518E-039
   141.50000000000000       4.31010234302392596E-040
   142.50000000000000       1.22810677715553769E-040
   143.50000000000000       3.49068226708300389E-041
   144.50000000000000       9.89758812487873897E-042
   145.50000000000000       2.79972441115754139E-042
   146.50000000000000       7.90189940754318641E-043
   147.50000000000000       2.22831672434934023E-043
   148.50000000000000       6.38570836578022172E-044
   149.50000000000000       2.24139717867502447E-044
   150.50000000000000       2.24139717867502447E-044
