 -0.50000000000000000      -4.22975280973002207E-006
  0.50000000000000000      -4.22975280973002207E-006
   1.5000000000000000       4.94465508079024104E-006
   2.5000000000000000       1.30482906822193103E-005
   3.5000000000000000       2.31191976868587821E-005
   4.5000000000000000       3.91029693267588735E-005
   5.5000000000000000       6.56915226653012895E-005
   6.5000000000000000       1.10218955947560837E-004
   7.5000000000000000       1.84802577405696034E-004
   8.5000000000000000       3.09588341064720755E-004
   9.5000000000000000       5.17987151169779195E-004
   10.500000000000000       8.65133023379984606E-004
   11.500000000000000       1.44148068562988747E-003
   12.500000000000000       2.39459456378590197E-003
   13.500000000000000       3.96315006921071650E-003
   14.500000000000000       6.53184803874316561E-003
   15.500000000000000       1.07037819812875259E-002
   16.500000000000000       1.73862427816330531E-002
   17.500000000000000       2.77641450555046500E-002
   18.500000000000000       4.29141673796858483E-002
   19.500000000000000       6.26374045327331430E-002
   20.500000000000000       8.34365666699447839E-002
   21.500000000000000       9.77941370707418600E-002
   22.500000000000000       9.86273773714602120E-002
   23.500000000000000       8.58127165905845646E-002
   24.500000000000000       6.59529384851493400E-002
   25.500000000000000       4.62439976866259039E-002
   26.500000000000000       3.04766932126837031E-002
   27.500000000000000       1.93086493089339659E-002
   28.500000000000000       1.19378344122496715E-002
   29.500000000000000       7.27163133164122726E-003
   30.500000000000000       4.38961092989399553E-003
   31.500000000000000       2.63549949730397005E-003
   32.500000000000000       1.57718628616564062E-003
   33.500000000000000       9.41995130335024399E-004
   34.500000000000000       5.61919716289338849E-004
   35.500000000000000       3.34824715407235356E-004
   36.500000000000000       1.99001702912049422E-004
   37.500000000000000       1.17134219976913509E-004
   38.500000000000000       6.70183170985558696E-005
   39.500000000000000       5.08954760753820785E-005
   40.500000000000000       1.78294351215201898E-005
   41.500000000000000       5.20074899358845939E-006
   42.500000000000000       1.43897992970093167E-006
   43.500000000000000       3.83872546033195360E-007
   44.500000000000000       9.96787647222570727E-008
   45.500000000000000       2.53482351632177351E-008
   46.500000000000000       6.33907485869562411E-009
   47.500000000000000       1.56360559871034166E-009
   48.500000000000000       3.81250104095051283E-010
   49.500000000000000       9.20465816261274293E-011
   50.500000000000000       2.20341259472267987E-011
   51.500000000000000       5.23522553979655948E-012
   52.500000000000000       1.23566854207114152E-012
   53.500000000000000       2.89938761813555169E-013
   54.500000000000000       6.76719255612788421E-014
   55.500000000000000       1.57191571194158124E-014
   56.500000000000000       3.63544101806142282E-015
   57.500000000000000       8.37442339679453105E-016
   58.500000000000000       1.92204847381746065E-016
   59.500000000000000       4.39652403713233760E-017
   60.500000000000000       1.00253524110815570E-017
   61.500000000000000       2.27945966082751542E-018
   62.500000000000000       5.16883519460391167E-019
   63.500000000000000       1.16912080127174051E-019
   64.500000000000000       2.63816319704995818E-020
   65.500000000000000       5.93994456580175640E-021
   66.500000000000000       1.33462302318378493E-021
   67.500000000000000       2.99283100294731186E-022
   68.500000000000000       6.69885354520772113E-023
   69.500000000000000       1.49677604071335560E-023
   70.500000000000000       3.33880460651045437E-024
   71.500000000000000       7.43600466716919729E-025
   72.500000000000000       1.65362324771052894E-025
   73.500000000000000       3.67208741130775100E-026
   74.500000000000000       8.14325349940000984E-027
   75.500000000000000       1.80350901131828054E-027
   76.500000000000000       3.98932250962685759E-028
   77.500000000000000       8.81381245876221939E-029
   78.500000000000000       1.94506495266244801E-029
   79.500000000000000       4.28776003081835037E-030
   80.500000000000000       9.44217457084754113E-031
   81.500000000000000       2.07719240616389923E-031
   82.500000000000000       4.56521725838359077E-032
   83.500000000000000       1.00240236565064739E-032
   84.500000000000000       2.19904235602426080E-033
   85.500000000000000       4.82003411399999797E-034
   86.500000000000000       1.05561361380287300E-034
   87.500000000000000       2.30999388644199129E-035
   88.500000000000000       5.05102607497871673E-036
   89.500000000000000       1.10362785791013102E-036
   90.500000000000000       2.40963196341816223E-037
   91.500000000000000       5.25743614841406704E-038
   92.500000000000000       1.14631041747943813E-038
   93.500000000000000       2.49772518421702003E-039
   94.500000000000000       5.43888715739452786E-040
   95.500000000000000       1.18360506637474651E-040
   96.500000000000000       2.57420398013780148E-041
   97.500000000000000       5.59533529078825731E-042
   98.500000000000000       1.21552415212546753E-042
   99.500000000000000       2.63913963447710283E-043
   100.50000000000000       5.72702561854747553E-044
   101.50000000000000       1.24213917891092610E-044
   102.50000000000000       2.69272437632365873E-045
   103.50000000000000       5.83445007081420599E-046
   104.50000000000000       1.26357194886966635E-046
   105.50000000000000       2.73525272861416080E-047
   106.50000000000000       5.91830821415599619E-048
   107.50000000000000       1.27998632331863859E-048
   108.50000000000000       2.76710422267362834E-049
   109.50000000000000       5.97947102584264521E-050
   110.50000000000000       1.29158063901368912E-050
   111.50000000000000       2.78872753868344270E-051
   112.50000000000000       6.01894776191031354E-052
   113.50000000000000       1.29858079365931752E-052
   114.50000000000000       2.80062608995636804E-053
   115.50000000000000       6.03785593233409070E-054
   116.50000000000000       1.30123399855993455E-054
   117.50000000000000       2.80334503666617683E-055
   118.50000000000000       6.03739433309555787E-056
   119.50000000000000       1.29980318381102733E-056
   120.50000000000000       2.79745969017572718E-057
   121.50000000000000       6.01881903701376716E-058
   122.50000000000000       1.29456203208860050E-058
   123.50000000000000       2.78356525096851803E-059
   124.50000000000000       5.98342221012707324E-060
   125.50000000000000       1.28579061034237647E-060
   126.50000000000000       2.76226781026014094E-061
   127.50000000000000       5.93251359581643219E-062
   128.50000000000000       1.27377156405325629E-062
   129.50000000000000       2.73417653667166925E-063
   130.50000000000000       5.86740449276145577E-064
   131.50000000000000       1.25878683577421961E-064
   132.50000000000000       2.69989696406465149E-065
   133.50000000000000       5.78939404354711522E-066
   134.50000000000000       1.24111486809635596E-066
   135.50000000000000       2.66002529407664989E-067
   136.50000000000000       5.69975764688884790E-068
   137.50000000000000       1.22102825068340551E-068
   138.50000000000000       2.61514362647924722E-069
   139.50000000000000       5.59973730684547426E-070
   140.50000000000000       1.19879177136167727E-070
   141.50000000000000       2.56581603173652088E-071
   142.50000000000000       5.49053373655205931E-072
   143.50000000000000       1.17466083450866411E-072
   144.50000000000000       2.51258548895916583E-073
   145.50000000000000       5.37330502041868476E-074
   146.50000000000000       1.14890353867121066E-074
   147.50000000000000       2.45706415516944912E-075
   148.50000000000000       5.30032767097330729E-076
   149.50000000000000       1.36132961703917251E-076
   150.50000000000000       1.36132961703917251E-076
