 -0.50000000000000000      -2.41808933958276053E-006
  0.50000000000000000      -2.41808933958276053E-006
   1.5000000000000000       1.67763699176098379E-006
   2.5000000000000000       2.22015129615680261E-006
   3.5000000000000000       4.20017759686261219E-007
   4.5000000000000000       2.36565499743774385E-006
   5.5000000000000000      -1.85515689829172299E-006
   6.5000000000000000      -4.38652252920098497E-006
   7.5000000000000000       1.11381002799823541E-006
   8.5000000000000000       4.43848513818429830E-006
   9.5000000000000000       4.06940646463457686E-006
   10.500000000000000      -4.32206132926879489E-007
   11.500000000000000      -7.82973132498596953E-006
   12.500000000000000      -7.01160959195373505E-006
   13.500000000000000       5.17288782123423238E-006
   14.500000000000000       1.48433840738684766E-005
   15.500000000000000       1.37691659594274070E-005
   16.500000000000000      -4.07335815316211529E-006
   17.500000000000000      -2.45766758432319238E-005
   18.500000000000000      -2.62058741509382742E-005
   19.500000000000000      -4.84091606451842517E-006
   20.500000000000000       2.46877793551091410E-005
   21.500000000000000       4.31976762289165247E-005
   22.500000000000000       3.47088912024967017E-005
   23.500000000000000      -3.00499374777364358E-007
   24.500000000000000      -4.32754289264994903E-005
   25.500000000000000      -6.82130021518924531E-005
   26.500000000000000      -6.07122442217018597E-005
   27.500000000000000      -2.51016229771701852E-005
   28.500000000000000       3.62443691392393247E-005
   29.500000000000000       8.26829564225701352E-005
   30.500000000000000       1.00702269403997495E-004
   31.500000000000000       1.08050996322410516E-004
   32.500000000000000       7.60244263182836832E-005
   33.500000000000000       2.00359934292814918E-005
   34.500000000000000      -1.49533855159411213E-005
   35.500000000000000      -4.63351492567996308E-005
   36.500000000000000      -9.42373451068060871E-005
   37.500000000000000      -1.06961059310184363E-004
   38.500000000000000      -5.91071356890182778E-005
   39.500000000000000      -5.17335406487203739E-005
   40.500000000000000      -7.57238672133538011E-005
   41.500000000000000      -4.90691580617192924E-005
   42.500000000000000       3.49811481140023075E-005
   43.500000000000000       4.28462180574501713E-005
   44.500000000000000      -3.44945338937229247E-005
   45.500000000000000      -5.29395693026854609E-005
   46.500000000000000       4.27525557247762010E-005
   47.500000000000000       1.29322753108527166E-004
   48.500000000000000       5.51321325606921324E-005
   49.500000000000000      -1.01771556475170534E-004
   50.500000000000000      -1.25044392864494968E-004
   51.500000000000000       3.81655382809307451E-005
   52.500000000000000       2.09091656905367214E-004
   53.500000000000000       1.71873428140067845E-004
   54.500000000000000      -8.17485420215227751E-005
   55.500000000000000      -3.10436158024528447E-004
   56.500000000000000      -2.60675707471274361E-004
   57.500000000000000       6.91884936273150784E-005
   58.500000000000000       4.15672204607712460E-004
   59.500000000000000       4.74422731543355791E-004
   60.500000000000000       1.45515720853178749E-004
   61.500000000000000      -3.85294989951224457E-004
   62.500000000000000      -7.67840272231047919E-004
   63.500000000000000      -7.13257845892341976E-004
   64.500000000000000      -1.73727100970077662E-004
   65.500000000000000       6.25253906124661183E-004
   66.500000000000000       1.30239678302203343E-003
   67.500000000000000       1.50983013006232938E-003
   68.500000000000000       1.09058336870394845E-003
   69.500000000000000       1.33909264758743800E-004
   70.500000000000000      -1.07536317900795144E-003
   71.500000000000000      -2.16119591673259986E-003
   72.500000000000000      -2.74908042150551072E-003
   73.500000000000000      -2.50650448580197732E-003
   74.500000000000000      -1.12441464330011588E-003
   75.500000000000000       1.74437285963132196E-003
   76.500000000000000       6.56185998444283949E-003
   77.500000000000000       1.39527634614823991E-002
   78.500000000000000       2.46416084321705135E-002
   79.500000000000000       3.91327549068894512E-002
   80.500000000000000       5.69684364603004686E-002
   81.500000000000000       7.56837986887125419E-002
   82.500000000000000       9.04330880703368145E-002
   83.500000000000000       9.58488589439377009E-002
   84.500000000000000       8.97503744286827360E-002
   85.500000000000000       7.49693024014948389E-002
   86.500000000000000       5.70027525531262638E-002
   87.500000000000000       4.03945172884172948E-002
   88.500000000000000       2.72463158499032347E-002
   89.500000000000000       1.77744859281422987E-002
   90.500000000000000       1.13391795649237220E-002
   91.500000000000000       7.12503432849902803E-003
   92.500000000000000       4.42973900691598452E-003
   93.500000000000000       2.73241032758437391E-003
   94.500000000000000       1.67482158691870716E-003
   95.500000000000000       1.02089601178817989E-003
   96.500000000000000       6.18995168893049291E-004
   97.500000000000000       3.73274825122458143E-004
   98.500000000000000       2.23790297441930268E-004
   99.500000000000000       1.33319050609764035E-004
   100.50000000000000       7.88699679962325749E-005
   101.50000000000000       4.63038320236117986E-005
   102.50000000000000       2.69607132669975072E-005
   103.50000000000000       1.55595861621689378E-005
   104.50000000000000       8.89587594236053450E-006
   105.50000000000000       5.03627087556877741E-006
   106.50000000000000       2.82228388252337175E-006
   107.50000000000000       1.56509494104010047E-006
   108.50000000000000       8.58696716994092351E-007
   109.50000000000000       4.66057472938013835E-007
   110.50000000000000       2.50212147781896135E-007
   111.50000000000000       1.32873651933112704E-007
   112.50000000000000       6.97980606528739970E-008
   113.50000000000000       3.62702954576959583E-008
   114.50000000000000       1.86468359138583065E-008
   115.50000000000000       9.48548959317497822E-009
   116.50000000000000       4.77505068482089929E-009
   117.50000000000000       2.37919376256436095E-009
   118.50000000000000       1.17351973011775860E-009
   119.50000000000000       5.73110933608484542E-010
   120.50000000000000       2.77176427237395050E-010
   121.50000000000000       1.32778096743475872E-010
   122.50000000000000       6.30134494432035060E-011
   123.50000000000000       2.96320084834393641E-011
   124.50000000000000       1.38100105797205816E-011
   125.50000000000000       6.37992228917928070E-012
   126.50000000000000       2.92218405795093587E-012
   127.50000000000000       1.32724657621291685E-012
   128.50000000000000       5.97898031515183160E-013
   129.50000000000000       2.67185000235955478E-013
   130.50000000000000       1.18462996628255714E-013
   131.50000000000000       5.21210913133191264E-014
   132.50000000000000       2.27602506073996144E-014
   133.50000000000000       9.86606720204340170E-015
   134.50000000000000       4.24603380329917664E-015
   135.50000000000000       1.81452166475750046E-015
   136.50000000000000       7.70096816006245246E-016
   137.50000000000000       3.24635680740719263E-016
   138.50000000000000       1.35949126918807374E-016
   139.50000000000000       5.65647110117075447E-017
   140.50000000000000       2.33863105534832213E-017
   141.50000000000000       9.60906652818290108E-018
   142.50000000000000       3.92427044061440136E-018
   143.50000000000000       1.59312302309849284E-018
   144.50000000000000       6.43002234259454420E-019
   145.50000000000000       2.58080102342108399E-019
   146.50000000000000       1.03107558401389866E-019
   147.50000000000000       4.12338777767259971E-020
   148.50000000000000       1.70903557208477516E-020
   149.50000000000000       8.80641023015425493E-021
   150.50000000000000       8.80641023015425493E-021
