 -0.50000000000000000       2.92740536944504722E-006
  0.50000000000000000       2.92740536944504722E-006
   1.5000000000000000       6.40466999586970755E-006
   2.5000000000000000       2.16150298093844494E-006
   3.5000000000000000       4.18009191218008206E-006
   4.5000000000000000       1.20826485243009766E-005
   5.5000000000000000       2.34285656269269150E-005
   6.5000000000000000       3.79042479282561129E-005
   7.5000000000000000       5.59601737311420073E-005
   8.5000000000000000       7.73364972256612720E-005
   9.5000000000000000       1.00506759021067057E-004
   10.500000000000000       1.23922349446627095E-004
   11.500000000000000       1.50956206383937090E-004
   12.500000000000000       2.00485695517856445E-004
   13.500000000000000       3.19349904173997577E-004
   14.500000000000000       5.88112352305200431E-004
   15.500000000000000       1.11137976357201921E-003
   16.500000000000000       2.01238883068995816E-003
   17.500000000000000       3.47737800850990778E-003
   18.500000000000000       5.84462670122142067E-003
   19.500000000000000       9.65490507675493409E-003
   20.500000000000000       1.57379995449966059E-002
   21.500000000000000       2.53959474616944035E-002
   22.500000000000000       4.01020711234347307E-002
   23.500000000000000       5.98694657955373757E-002
   24.500000000000000       8.10741482685350817E-002
   25.500000000000000       9.63936700801907159E-002
   26.500000000000000       9.89649306138006696E-002
   27.500000000000000       8.79838577939482669E-002
   28.500000000000000       6.91201732192562451E-002
   29.500000000000000       4.94061655498627614E-002
   30.500000000000000       3.30635356022491306E-002
   31.500000000000000       2.11886884540187365E-002
   32.500000000000000       1.32088557242744740E-002
   33.500000000000000       8.09237619087517859E-003
   34.500000000000000       4.90399922899342668E-003
   35.500000000000000       2.95209953203600826E-003
   36.500000000000000       1.77131138112687422E-003
   37.500000000000000       1.06146868530385520E-003
   38.500000000000000       6.29508773435939078E-004
   39.500000000000000       3.79101933593817286E-004
   40.500000000000000       2.19969672968817778E-004
   41.500000000000000       1.39268375285790056E-004
   42.500000000000000       8.33042127700717579E-005
   43.500000000000000       4.43168892733796931E-005
   44.500000000000000       2.11127321061770194E-005
   45.500000000000000       9.18424772048915346E-006
   46.500000000000000       3.71304521063319245E-006
   47.500000000000000       1.41449398081625129E-006
   48.500000000000000       5.13120890354626415E-007
   49.500000000000000       1.78678563005330945E-007
   50.500000000000000       6.00978723351359562E-008
   51.500000000000000       1.96202095578277419E-008
   52.500000000000000       6.24171101672049847E-009
   53.500000000000000       1.94104673896694487E-009
   54.500000000000000       5.91605830351928667E-010
   55.500000000000000       1.77106586440016610E-010
   56.500000000000000       5.21716910279521192E-011
   57.500000000000000       1.51462779504256902E-011
   58.500000000000000       4.33934721943065039E-012
   59.500000000000000       1.22825499058328119E-012
   60.500000000000000       3.43820566031652033E-013
   61.500000000000000       9.52651598107555707E-014
   62.500000000000000       2.61474872369781442E-014
   63.500000000000000       7.11403516226326404E-015
   64.500000000000000       1.91980183046736283E-015
   65.500000000000000       5.14147261801064980E-016
   66.500000000000000       1.36716784395110326E-016
   67.500000000000000       3.61119575263684169E-017
   68.500000000000000       9.47869931680691006E-018
   69.500000000000000       2.47327718728294657E-018
   70.500000000000000       6.41751745207479706E-019
   71.500000000000000       1.65639209124107648E-019
   72.500000000000000       4.25384599944081614E-020
   73.500000000000000       1.08726123511000458E-020
   74.500000000000000       2.76644414392522825E-021
   75.500000000000000       7.00874627253919393E-022
   76.500000000000000       1.76838486069166677E-022
   77.500000000000000       4.44439396135204036E-023
   78.500000000000000       1.11281563974255097E-023
   79.500000000000000       2.77638215362159117E-024
   80.500000000000000       6.90313504282016239E-025
   81.500000000000000       1.71074812877305401E-025
   82.500000000000000       4.22625728350141396E-026
   83.500000000000000       1.04090225590811124E-026
   84.500000000000000       2.55622369586365535E-027
   85.500000000000000       6.25994292490318912E-028
   86.500000000000000       1.52886610689336339E-028
   87.500000000000000       3.72424713274916190E-029
   88.500000000000000       9.04935297424709365E-030
   89.500000000000000       2.19353422940346737E-030
   90.500000000000000       5.30462862190528419E-031
   91.500000000000000       1.27992105950529268E-031
   92.500000000000000       3.08149326173668602E-032
   93.500000000000000       7.40320329646558612E-033
   94.500000000000000       1.77495606448632179E-033
   95.500000000000000       4.24710175717058255E-034
   96.500000000000000       1.01428774650708481E-034
   97.500000000000000       2.41778808821066299E-035
   98.500000000000000       5.75291239488691130E-036
   99.500000000000000       1.36644640678130058E-036
   100.50000000000000       3.24007141587808738E-037
   101.50000000000000       7.66998585805582854E-038
   102.50000000000000       1.81272742228251361E-038
   103.50000000000000       4.27747537110985637E-039
   104.50000000000000       1.00780825501936310E-039
   105.50000000000000       2.37094368678518472E-040
   106.50000000000000       5.56973252641131323E-041
   107.50000000000000       1.30657209227803846E-041
   108.50000000000000       3.06079243043442093E-042
   109.50000000000000       7.16062225475504502E-043
   110.50000000000000       1.67300940336922458E-043
   111.50000000000000       3.90382677163977209E-044
   112.50000000000000       9.09788665550154454E-045
   113.50000000000000       2.11768389564493095E-045
   114.50000000000000       4.92339532691528802E-046
   115.50000000000000       1.14330773054243880E-046
   116.50000000000000       2.65196567269098253E-047
   117.50000000000000       6.14454960055763221E-048
   118.50000000000000       1.42213327080847835E-048
   119.50000000000000       3.28797835645926229E-049
   120.50000000000000       7.59391952844290059E-050
   121.50000000000000       1.75210877061864569E-050
   122.50000000000000       4.03853170652692895E-051
   123.50000000000000       9.29955817799970860E-052
   124.50000000000000       2.13937174496220251E-052
   125.50000000000000       4.91704038634219855E-053
   126.50000000000000       1.12907571959382189E-053
   127.50000000000000       2.59031197487781582E-054
   128.50000000000000       5.93742978507074259E-055
   129.50000000000000       1.35978351350338631E-055
   130.50000000000000       3.11152407649709246E-056
   131.50000000000000       7.11403003628231091E-057
   132.50000000000000       1.62519012718118962E-057
   133.50000000000000       3.70975499790293315E-058
   134.50000000000000       8.46145957754445709E-059
   135.50000000000000       1.92845979411771876E-059
   136.50000000000000       4.39184712211270128E-060
   137.50000000000000       9.99449976535507310E-061
   138.50000000000000       2.27278247568477420E-061
   139.50000000000000       5.16467772306265527E-062
   140.50000000000000       1.17279621960546729E-062
   141.50000000000000       2.66134483551580503E-063
   142.50000000000000       6.03509557509717051E-064
   143.50000000000000       1.36765505383119101E-064
   144.50000000000000       3.09730038810425552E-065
   145.50000000000000       7.00986616790196481E-066
   146.50000000000000       1.58551903100900754E-066
   147.50000000000000       3.58583309319778005E-067
   148.50000000000000       8.18853755463021118E-068
   149.50000000000000       2.24001766112864142E-068
   150.50000000000000       2.24001766112864142E-068
