 -0.50000000000000000      -2.66386278748351545E-006
  0.50000000000000000      -2.66386278748351545E-006
   1.5000000000000000       4.41711206550702001E-006
   2.5000000000000000       2.64378304986840975E-006
   3.5000000000000000      -4.51113832456780896E-006
   4.5000000000000000      -1.09067426234798762E-006
   5.5000000000000000       1.93334149462902206E-006
   6.5000000000000000       1.37219106585263465E-006
   7.5000000000000000       2.55266385963361411E-006
   8.5000000000000000       6.65360233311086302E-009
   9.5000000000000000      -2.38122259045480816E-006
   10.500000000000000      -1.96912517376125653E-006
   11.500000000000000      -4.23250128358940981E-007
   12.500000000000000       3.93144549740303727E-006
   13.500000000000000       6.15907195109971403E-006
   14.500000000000000      -4.61908531079118757E-007
   15.500000000000000      -7.40594266973775997E-006
   16.500000000000000      -9.85566384161687964E-006
   17.500000000000000       2.41335650429447410E-007
   18.500000000000000       1.69333782348567569E-005
   19.500000000000000       2.01388426010205957E-005
   20.500000000000000       1.23702133563942980E-006
   21.500000000000000      -2.21624659001184376E-005
   22.500000000000000      -3.01844993941683602E-005
   23.500000000000000      -1.67987086319027036E-005
   24.500000000000000       1.26928825698406741E-005
   25.500000000000000       4.08981281465512322E-005
   26.500000000000000       4.68049568768437937E-005
   27.500000000000000       1.85817379007457729E-005
   28.500000000000000      -1.98753081956562670E-005
   29.500000000000000      -5.98043428238899209E-005
   30.500000000000000      -7.67673464004478957E-005
   31.500000000000000      -4.49691334982842342E-005
   32.500000000000000      -2.03702776960820055E-006
   33.500000000000000       4.32699242118490078E-005
   34.500000000000000       9.42886063861624225E-005
   35.500000000000000       1.13638303141279601E-004
   36.500000000000000       8.46160286286551692E-005
   37.500000000000000       5.78915083236463846E-005
   38.500000000000000       3.95930401971845077E-005
   39.500000000000000      -2.98895221514990856E-005
   40.500000000000000      -8.86446940521079817E-005
   41.500000000000000      -7.76392914763417944E-005
   42.500000000000000      -4.94171537398060401E-005
   43.500000000000000      -8.44878132196982254E-005
   44.500000000000000      -1.12575183362904042E-004
   45.500000000000000      -4.14720068106677917E-005
   46.500000000000000       4.05850724074402106E-005
   47.500000000000000       2.01948337079230988E-005
   48.500000000000000      -6.93491690288163643E-005
   49.500000000000000      -6.65238424731918896E-005
   50.500000000000000       6.49084609134553610E-005
   51.500000000000000       1.48269801673001718E-004
   52.500000000000000       5.47506270494961105E-005
   53.500000000000000      -1.14248781016170717E-004
   54.500000000000000      -1.49431436961667505E-004
   55.500000000000000       2.11940710355375467E-005
   56.500000000000000       2.27555496283568439E-004
   57.500000000000000       2.25874377692185916E-004
   58.500000000000000      -2.64422445215837758E-005
   59.500000000000000      -3.06551505376879627E-004
   60.500000000000000      -3.40169902954570518E-004
   61.500000000000000      -5.69165969295670437E-005
   62.500000000000000       3.44151145232551034E-004
   63.500000000000000       5.46831072453718816E-004
   64.500000000000000       3.55982090837996651E-004
   65.500000000000000      -1.52909803293950329E-004
   66.500000000000000      -6.75261061677138140E-004
   67.500000000000000      -8.70292926076211425E-004
   68.500000000000000      -5.65905119334588662E-004
   69.500000000000000       1.46753437918838652E-004
   70.500000000000000       9.62110050698292639E-004
   71.500000000000000       1.50709302926971657E-003
   72.500000000000000       1.50626282265518222E-003
   73.500000000000000       8.90162267956255606E-004
   74.500000000000000      -1.91551307665267486E-004
   75.500000000000000      -1.43856752886383551E-003
   76.500000000000000      -2.49876513498503922E-003
   77.500000000000000      -3.04392426912453162E-003
   78.500000000000000      -2.79383095859193518E-003
   79.500000000000000      -1.48864528352701418E-003
   80.500000000000000       1.17407912124046663E-003
   81.500000000000000       5.61426929889556527E-003
   82.500000000000000       1.24215333148729474E-002
   83.500000000000000       2.23181827303867361E-002
   84.500000000000000       3.59056942619116123E-002
   85.500000000000000       5.30247618221658668E-002
   86.500000000000000       7.17436382751791141E-002
   87.500000000000000       8.77165149836144492E-002
   88.500000000000000       9.54563966344659925E-002
   89.500000000000000       9.18248807515921611E-002
   90.500000000000000       7.85948598208548871E-002
   91.500000000000000       6.09569884899748768E-002
   92.500000000000000       4.38486625056211110E-002
   93.500000000000000       2.98999723873777552E-002
   94.500000000000000       1.96602365020907451E-002
   95.500000000000000       1.26160735630762785E-002
   96.500000000000000       7.96369192136701931E-003
   97.500000000000000       4.96978478189680044E-003
   98.500000000000000       3.07558883741463002E-003
   99.500000000000000       1.89089195517660297E-003
   100.50000000000000       1.15602646200041676E-003
   101.50000000000000       7.03076759271353867E-004
   102.50000000000000       4.25381537883647086E-004
   103.50000000000000       2.55971723872689078E-004
   104.50000000000000       1.53132481526160224E-004
   105.50000000000000       9.10303134223516310E-005
   106.50000000000000       5.37413883115158962E-005
   107.50000000000000       3.14914929014243410E-005
   108.50000000000000       1.83065395497971649E-005
   109.50000000000000       1.05519815059996455E-005
   110.50000000000000       6.02820009976167636E-006
   111.50000000000000       3.41198082939355980E-006
   112.50000000000000       1.91275615146855999E-006
   113.50000000000000       1.06180429339585465E-006
   114.50000000000000       5.83561001935882148E-007
   115.50000000000000       3.17493665827099482E-007
   116.50000000000000       1.70987109528899356E-007
   117.50000000000000       9.11513806243405694E-008
   118.50000000000000       4.80998398433060673E-008
   119.50000000000000       2.51262510798545275E-008
   120.50000000000000       1.29942292038495024E-008
   121.50000000000000       6.65360408114344675E-009
   122.50000000000000       3.37364766411421909E-009
   123.50000000000000       1.69409526343087340E-009
   124.50000000000000       8.42626540035257651E-010
   125.50000000000000       4.15201761245243594E-010
   126.50000000000000       2.02712351430595728E-010
   127.50000000000000       9.80776991196372729E-011
   128.50000000000000       4.70329870692701694E-011
   129.50000000000000       2.23589217695281514E-011
   130.50000000000000       1.05387477796026252E-011
   131.50000000000000       4.92595669152658300E-012
   132.50000000000000       2.28364478814425141E-012
   133.50000000000000       1.05020723784541096E-012
   134.50000000000000       4.79182570995698784E-013
   135.50000000000000       2.16958379605621327E-013
   136.50000000000000       9.74921823776854802E-014
   137.50000000000000       4.34858775928197156E-014
   138.50000000000000       1.92565036886509577E-014
   139.50000000000000       8.46684380613333146E-015
   140.50000000000000       3.69694687220600852E-015
   141.50000000000000       1.60325857025944748E-015
   142.50000000000000       6.90657230887472335E-016
   143.50000000000000       2.95583734800789085E-016
   144.50000000000000       1.25697847108430050E-016
   145.50000000000000       5.31302393582270669E-017
   146.50000000000000       2.23492916430275438E-017
   147.50000000000000       9.41936770934678595E-018
   148.50000000000000       4.13055573517941733E-018
   149.50000000000000       2.24795102502088830E-018
   150.50000000000000       2.24795102502088830E-018
