   0.0000000000000000        0.0000000000000000     
   1.0000000000000000      -1.13406810638413486E-005
   2.0000000000000000      -2.34669185247645205E-005
   3.0000000000000000      -3.35302127151238888E-005
   4.0000000000000000      -3.33170551099428743E-005
   5.0000000000000000      -2.48298289019873715E-005
   6.0000000000000000      -4.91932443134927982E-006
   7.0000000000000000       3.11637065082254376E-005
   8.0000000000000000       7.95729264057649834E-005
   9.0000000000000000       1.24184672923549242E-004
   10.000000000000000       1.42033507125111639E-004
   11.000000000000000       1.17611001498143782E-004
   12.000000000000000       5.84750564580707743E-005
   13.000000000000000      -3.45904748527886742E-006
   14.000000000000000      -3.38473819488839414E-005
   15.000000000000000      -2.10330557593988987E-005
   16.000000000000000       3.35128281429438558E-005
   17.000000000000000       1.28744696659360163E-004
   18.000000000000000       2.61075574592489409E-004
   19.000000000000000       4.47576869826026946E-004
   20.000000000000000       7.52242381283670840E-004
   21.000000000000000       1.26127303050949753E-003
   22.000000000000000       2.13358136201697787E-003
   23.000000000000000       3.58505607003977832E-003
   24.000000000000000       5.83578757886544890E-003
   25.000000000000000       9.45215325612518316E-003
   26.000000000000000       1.56792037302692713E-002
   27.000000000000000       2.60563864128820349E-002
   28.000000000000000       4.13949789256735506E-002
   29.000000000000000       6.05554419376364839E-002
   30.000000000000000       7.95653328945242488E-002
   31.000000000000000       9.23241980069784002E-002
   32.000000000000000       9.38439480619242539E-002
   33.000000000000000       8.38858099377263466E-002
   34.000000000000000       6.69882374052132579E-002
   35.000000000000000       4.88906568323892871E-002
   36.000000000000000       3.33869106648350469E-002
   37.000000000000000       2.17626795142731727E-002
   38.000000000000000       1.37512220548553134E-002
   39.000000000000000       8.51228756380399340E-003
   40.000000000000000       5.19567084189037631E-003
   41.000000000000000       3.14539199206477190E-003
   42.000000000000000       1.89614321309276444E-003
   43.000000000000000       1.13289638553557199E-003
   44.000000000000000       6.76291409130554068E-004
   45.000000000000000       4.07313836087244815E-004
   46.000000000000000       2.46018849770957297E-004
   47.000000000000000       1.46240390452090482E-004
   48.000000000000000       8.39653647084194976E-005
   49.000000000000000       4.60353504625112613E-005
   50.000000000000000       2.39982679428543931E-005
   51.000000000000000       1.18990008132391828E-005
   52.000000000000000       5.62666947068708968E-006
   53.000000000000000       2.54672319822990061E-006
   54.000000000000000       1.10755776178318252E-006
   55.000000000000000       4.64516897102840917E-007
   56.000000000000000       1.88517257794849205E-007
   57.000000000000000       7.42555106960961322E-008
   58.000000000000000       2.84642813838541058E-008
   59.000000000000000       1.06437840115670818E-008
   60.000000000000000       3.89068168032650358E-009
   61.000000000000000       1.39281307820636466E-009
   62.000000000000000       4.89112923822888055E-010
   63.000000000000000       1.68735556516539031E-010
   64.000000000000000       5.72595965162316110E-011
   65.000000000000000       1.91353956595918904E-011
   66.000000000000000       6.30413485493261622E-012
   67.000000000000000       2.04936186672737511E-012
   68.000000000000000       6.57936050266595973E-013
   69.000000000000000       2.08762644738570570E-013
   70.000000000000000       6.55130434564923910E-014
   71.000000000000000       2.03462150934110736E-014
   72.000000000000000       6.25707873817369286E-015
   73.000000000000000       1.90643468836120699E-015
   74.000000000000000       5.75765960604319542E-016
   75.000000000000000       1.72440165657618183E-016
   76.000000000000000       5.12364331226411916E-017
   77.000000000000000       1.51089216698936753E-017
   78.000000000000000       4.42339902598685431E-018
   79.000000000000000       1.28614454273992386E-018
   80.000000000000000       3.71507375262712992E-019
   81.000000000000000       1.06638258285284931E-019
   82.000000000000000       3.04258208135476008E-020
   83.000000000000000       8.63104595692944236E-021
   84.000000000000000       2.43488116323050593E-021
   85.000000000000000       6.83251183922350206E-022
   86.000000000000000       1.90748266864161983E-022
   87.000000000000000       5.29910342869664727E-023
   88.000000000000000       1.46515948846010278E-023
   89.000000000000000       4.03257763698999803E-024
   90.000000000000000       1.10501038854261733E-024
   91.000000000000000       3.01510457648258333E-025
   92.000000000000000       8.19320518293279206E-026
   93.000000000000000       2.21758582529888246E-026
   94.000000000000000       5.97914159974112346E-027
   95.000000000000000       1.60613781931929188E-027
   96.000000000000000       4.29896039912822254E-028
   97.000000000000000       1.14664596982742913E-028
   98.000000000000000       3.04808301606244453E-029
   99.000000000000000       8.07606596477900027E-030
   100.00000000000000       2.13299869977990197E-030
   101.00000000000000       5.61615538796170872E-031
   102.00000000000000       1.47429284027431884E-031
   103.00000000000000       3.85887887926516508E-032
   104.00000000000000       1.00717823049006532E-032
   105.00000000000000       2.62151802850810699E-033
   106.00000000000000       6.80507372247640270E-034
   107.00000000000000       1.76188308651488697E-034
   108.00000000000000       4.55003928059213446E-035
   109.00000000000000       1.17212887566526588E-035
   110.00000000000000       3.01220809571419376E-036
   111.00000000000000       7.72271714182627668E-037
   112.00000000000000       1.97540428050934141E-037
   113.00000000000000       5.04158108664823802E-038
   114.00000000000000       1.28388379721630702E-038
   115.00000000000000       3.26253594319888101E-039
   116.00000000000000       8.27326868997217690E-040
   117.00000000000000       2.09368828927315419E-040
   118.00000000000000       5.28786163317563564E-041
   119.00000000000000       1.33290959137540362E-041
   120.00000000000000       3.35345568962613527E-042
   121.00000000000000       8.42119640432255243E-043
   122.00000000000000       2.11087166956976826E-043
   123.00000000000000       5.28169793147935876E-044
   124.00000000000000       1.31924454764448286E-044
   125.00000000000000       3.28952257124263507E-045
   126.00000000000000       8.18863538755418754E-046
   127.00000000000000       2.03505474753240159E-046
   128.00000000000000       5.04941301321337759E-047
   129.00000000000000       1.25089200188090754E-047
   130.00000000000000       3.09404282804603606E-048
   131.00000000000000       7.64140930917443102E-049
   132.00000000000000       1.88440349954923778E-049
   133.00000000000000       4.64023442055821319E-050
   134.00000000000000       1.14099421556715296E-050
   135.00000000000000       2.80166394647158810E-051
   136.00000000000000       6.86987696186941137E-052
   137.00000000000000       1.68225999311880741E-052
   138.00000000000000       4.11395112729388806E-053
   139.00000000000000       1.00474836863545607E-053
   140.00000000000000       2.45074256386264991E-054
   141.00000000000000       5.97021590286888001E-055
   142.00000000000000       1.45259261835985263E-055
   143.00000000000000       3.52994809060222256E-056
   144.00000000000000       8.56786222551590934E-057
   145.00000000000000       2.07713543993139795E-057
   146.00000000000000       5.02978876869973322E-058
   147.00000000000000       1.21636673361793572E-058
   148.00000000000000       2.92948592031690492E-059
   149.00000000000000       6.68208446293160951E-060
   150.00000000000000        0.0000000000000000     
