   0.0000000000000000        0.0000000000000000     
   1.0000000000000000       2.67895132134102632E-005
   2.0000000000000000       5.81225168515191811E-005
   3.0000000000000000       9.45405596769069510E-005
   4.0000000000000000       1.32320410957341081E-004
   5.0000000000000000       1.49701699947732419E-004
   6.0000000000000000       1.33299522604821098E-004
   7.0000000000000000       8.26305003349160898E-005
   8.0000000000000000       1.06527024842177067E-005
   9.0000000000000000      -5.49891321040595215E-005
   10.000000000000000      -8.67257164209256701E-005
   11.000000000000000      -7.86964744161633569E-005
   12.000000000000000      -4.90857881451803129E-005
   13.000000000000000      -1.87486387874351290E-005
   14.000000000000000       1.98756460554819006E-006
   15.000000000000000       6.78724243899241514E-006
   16.000000000000000       1.05377525158961379E-006
   17.000000000000000       3.66650021261418390E-006
   18.000000000000000       1.64540360240569220E-005
   19.000000000000000       2.89997649607868645E-005
   20.000000000000000       4.89209615366998431E-005
   21.000000000000000       8.04652093858252299E-005
   22.000000000000000       1.39602318300910731E-004
   23.000000000000000       2.42879085631640440E-004
   24.000000000000000       3.71693766765704946E-004
   25.000000000000000       6.12559074094608854E-004
   26.000000000000000       1.14980082487634982E-003
   27.000000000000000       2.00099910016611048E-003
   28.000000000000000       3.07495427715182576E-003
   29.000000000000000       4.65010189493659555E-003
   30.000000000000000       7.67110850966743266E-003
   31.000000000000000       1.35339533392822425E-002
   32.000000000000000       2.35663500925164526E-002
   33.000000000000000       3.83846920306142383E-002
   34.000000000000000       5.70526808769130644E-002
   35.000000000000000       7.62165762976657890E-002
   36.000000000000000       9.03108841651802108E-002
   37.000000000000000       9.41066182746853747E-002
   38.000000000000000       8.63551959537000730E-002
   39.000000000000000       7.06770055702709427E-002
   40.000000000000000       5.26829452272539744E-002
   41.000000000000000       3.65960890126155111E-002
   42.000000000000000       2.41829241908949957E-002
   43.000000000000000       1.54358702368955804E-002
   44.000000000000000       9.63199156139692321E-003
   45.000000000000000       5.92191950309109861E-003
   46.000000000000000       3.60071904255261990E-003
   47.000000000000000       2.17196483386882444E-003
   48.000000000000000       1.30571184842051134E-003
   49.000000000000000       7.85439913545055764E-004
   50.000000000000000       4.72692640606165696E-004
   51.000000000000000       2.83037223292747391E-004
   52.000000000000000       1.67144459510652006E-004
   53.000000000000000       9.64933045466443719E-005
   54.000000000000000       5.40939676004556361E-005
   55.000000000000000       2.93294380630718365E-005
   56.000000000000000       1.53540415503450152E-005
   57.000000000000000       7.76032479857612514E-006
   58.000000000000000       3.79049457769699597E-006
   59.000000000000000       1.79200893254724020E-006
   60.000000000000000       8.21486351570226211E-007
   61.000000000000000       3.65848454475819978E-007
   62.000000000000000       1.58583373557825235E-007
   63.000000000000000       6.70268527586900589E-008
   64.000000000000000       2.76697748019134904E-008
   65.000000000000000       1.11739242271027154E-008
   66.000000000000000       4.42051820579210042E-009
   67.000000000000000       1.71545953833079192E-009
   68.000000000000000       6.53810271163349194E-010
   69.000000000000000       2.45000251285447315E-010
   70.000000000000000       9.03574032537182969E-011
   71.000000000000000       3.28280706229607589E-011
   72.000000000000000       1.17592602972961109E-011
   73.000000000000000       4.15629331163327037E-012
   74.000000000000000       1.45055858339489187E-012
   75.000000000000000       5.00212027524541703E-013
   76.000000000000000       1.70540498448408074E-013
   77.000000000000000       5.75175351675319551E-014
   78.000000000000000       1.91999049773241122E-014
   79.000000000000000       6.34650065646809614E-015
   80.000000000000000       2.07826787073272136E-015
   81.000000000000000       6.74501101534470750E-016
   82.000000000000000       2.17043832462419576E-016
   83.000000000000000       6.92714633684690105E-017
   84.000000000000000       2.19357065338081689E-017
   85.000000000000000       6.89410798823644543E-018
   86.000000000000000       2.15111661094072203E-018
   87.000000000000000       6.66548204477430440E-019
   88.000000000000000       2.05161540477365040E-019
   89.000000000000000       6.27430253488432280E-020
   90.000000000000000       1.90696280478179323E-020
   91.000000000000000       5.76132898008477578E-021
   92.000000000000000       1.73060494086606430E-021
   93.000000000000000       5.16956773214301018E-022
   94.000000000000000       1.53593628446895164E-022
   95.000000000000000       4.53975341497181510E-023
   96.000000000000000       1.33507261684440761E-023
   97.000000000000000       3.90715698689438067E-024
   98.000000000000000       1.13806361117487446E-024
   99.000000000000000       3.29978058643488398E-025
   100.00000000000000       9.52525441687000054E-026
   101.00000000000000       2.73777930455313197E-026
   102.00000000000000       7.83619652208895933E-027
   103.00000000000000       2.23382661042522781E-027
   104.00000000000000       6.34279629497097425E-028
   105.00000000000000       1.79410125260107859E-028
   106.00000000000000       5.05584416817342792E-029
   107.00000000000000       1.41959571347673854E-029
   108.00000000000000       3.97193237693178353E-030
   109.00000000000000       1.10750412339974852E-030
   110.00000000000000       3.07775283346157881E-031
   111.00000000000000       8.52518891747984358E-032
   112.00000000000000       2.35392006736532624E-032
   113.00000000000000       6.47934345604673746E-033
   114.00000000000000       1.77809408263297722E-033
   115.00000000000000       4.86513089660124786E-034
   116.00000000000000       1.32733582038061597E-034
   117.00000000000000       3.61112821017864216E-035
   118.00000000000000       9.79735988343595069E-036
   119.00000000000000       2.65098038548087082E-036
   120.00000000000000       7.15420771065923685E-037
   121.00000000000000       1.92574825574021408E-037
   122.00000000000000       5.17064718591025812E-038
   123.00000000000000       1.38490943441927821E-038
   124.00000000000000       3.70042645479673889E-039
   125.00000000000000       9.86411697641433985E-040
   126.00000000000000       2.62338516120003114E-040
   127.00000000000000       6.96119804483044649E-041
   128.00000000000000       1.84307932562925534E-041
   129.00000000000000       4.86924420304557720E-042
   130.00000000000000       1.28367579413927904E-042
   131.00000000000000       3.37709759679067059E-043
   132.00000000000000       8.86633169620692353E-044
   133.00000000000000       2.32313017354102040E-044
   134.00000000000000       6.07503687071710932E-045
   135.00000000000000       1.58557282515537734E-045
   136.00000000000000       4.13048456073656871E-046
   137.00000000000000       1.07401048944567763E-046
   138.00000000000000       2.78755532202547282E-047
   139.00000000000000       7.22204588257833626E-048
   140.00000000000000       1.86780996546405654E-048
   141.00000000000000       4.82230154710796259E-049
   142.00000000000000       1.24290642298532978E-049
   143.00000000000000       3.19814164080228937E-050
   144.00000000000000       8.21570015642440175E-051
   145.00000000000000       2.10712749503218291E-051
   146.00000000000000       5.39562768880469402E-052
   147.00000000000000       1.37915587789582845E-052
   148.00000000000000       3.50691741259136812E-053
   149.00000000000000       8.39586691360876444E-054
   150.00000000000000        0.0000000000000000     
