   0.0000000000000000        0.0000000000000000     
   1.0000000000000000      -1.93614060999108044E-006
   2.0000000000000000       6.09647770625202471E-006
   3.0000000000000000       1.39253003763232710E-005
   4.0000000000000000       2.45779375550581748E-005
   5.0000000000000000       4.16424766331305728E-005
   6.0000000000000000       7.00930903635789594E-005
   7.0000000000000000       1.17915486529865304E-004
   8.0000000000000000       1.98489535049149236E-004
   9.0000000000000000       3.34459805093865819E-004
   10.000000000000000       5.64250154731298927E-004
   11.000000000000000       9.52992667211897222E-004
   12.000000000000000       1.61033667999859213E-003
   13.000000000000000       2.71843994712767188E-003
   14.000000000000000       4.57204371994303967E-003
   15.000000000000000       7.62762171706807008E-003
   16.000000000000000       1.25537358548318372E-002
   17.000000000000000       2.02470053796712512E-002
   18.000000000000000       3.17129721855763935E-002
   19.000000000000000       4.75460426105374437E-002
   20.000000000000000       6.66390931789340307E-002
   21.000000000000000       8.46460049016259375E-002
   22.000000000000000       9.47568100291272530E-002
   23.000000000000000       9.22989738045412733E-002
   24.000000000000000       7.87519595429923142E-002
   25.000000000000000       6.01216007564662758E-002
   26.000000000000000       4.21886531067072537E-002
   27.000000000000000       2.79058306591531240E-002
   28.000000000000000       1.77478262654669310E-002
   29.000000000000000       1.10067312898304535E-002
   30.000000000000000       6.71918541860769096E-003
   31.000000000000000       4.06204639203323285E-003
   32.000000000000000       2.44112083158579867E-003
   33.000000000000000       1.46173814537201756E-003
   34.000000000000000       8.73422758044892157E-004
   35.000000000000000       5.21334736296027003E-004
   36.000000000000000       3.11278325108530873E-004
   37.000000000000000       1.86527188361452465E-004
   38.000000000000000       1.12629827480696020E-004
   39.000000000000000       6.52449567549867604E-005
   40.000000000000000       4.11527683550057003E-005
   41.000000000000000       1.57507231223131782E-005
   42.000000000000000       5.25713612379405092E-006
   43.000000000000000       1.62002849773720590E-006
   44.000000000000000       4.73270118208072327E-007
   45.000000000000000       1.33010348646615730E-007
   46.000000000000000       3.62915823826310510E-008
   47.000000000000000       9.67195186075720020E-009
   48.000000000000000       2.52857937239436430E-009
   49.000000000000000       6.50529131623295607E-010
   50.000000000000000       1.65092969714892702E-010
   51.000000000000000       4.14072740293997493E-011
   52.000000000000000       1.02792237146951140E-011
   53.000000000000000       2.52875492138255149E-012
   54.000000000000000       6.17092702054939585E-013
   55.000000000000000       1.49504490380201074E-013
   56.000000000000000       3.59852761795420583E-014
   57.000000000000000       8.61041149628596471E-015
   58.000000000000000       2.04916430296340921E-015
   59.000000000000000       4.85265107015182050E-016
   60.000000000000000       1.14393607691228080E-016
   61.000000000000000       2.68531552286993739E-017
   62.000000000000000       6.27903539600841335E-018
   63.000000000000000       1.46289473830109416E-018
   64.000000000000000       3.39673537436498292E-019
   65.000000000000000       7.86201743980449593E-020
   66.000000000000000       1.81432786472528700E-020
   67.000000000000000       4.17527148788663914E-021
   68.000000000000000       9.58321976985151911E-022
   69.000000000000000       2.19411965852805553E-022
   70.000000000000000       5.01175860926176976E-023
   71.000000000000000       1.14223356132134461E-023
   72.000000000000000       2.59779117378689170E-024
   73.000000000000000       5.89635795050282313E-025
   74.000000000000000       1.33578322455366534E-025
   75.000000000000000       3.02064581233921212E-026
   76.000000000000000       6.81885753352535607E-027
   77.000000000000000       1.53675697162174361E-027
   78.000000000000000       3.45789652261889585E-028
   79.000000000000000       7.76893314400704267E-029
   80.000000000000000       1.74293350721706521E-029
   81.000000000000000       3.90477492848726117E-030
   82.000000000000000       8.73637075675395469E-031
   83.000000000000000       1.95212946535985135E-031
   84.000000000000000       4.35662308036143233E-032
   85.000000000000000       9.71125218770968254E-033
   86.000000000000000       2.16223687442458507E-033
   87.000000000000000       4.80896884592547034E-034
   88.000000000000000       1.06841063416623832E-034
   89.000000000000000       2.37125340094520202E-035
   90.000000000000000       5.25758617145065617E-036
   91.000000000000000       1.16460288172254999E-036
   92.000000000000000       2.57730598660526964E-037
   93.000000000000000       5.69854157113525534E-038
   94.000000000000000       1.25887728500356026E-038
   95.000000000000000       2.77866852962544275E-039
   96.000000000000000       6.12822826055678467E-040
   97.000000000000000       1.35048146609667928E-040
   98.000000000000000       2.97377427229025255E-041
   99.000000000000000       6.54338935740670534E-042
   100.00000000000000       1.43873962609086996E-042
   101.00000000000000       3.16122354712792992E-043
   102.00000000000000       6.94113154125508577E-044
   103.00000000000000       1.52305486736250747E-044
   104.00000000000000       3.33978751055650563E-045
   105.00000000000000       7.31893050477434784E-046
   106.00000000000000       1.60290983946549272E-046
   107.00000000000000       3.50840845889258148E-047
   108.00000000000000       7.67462945015139612E-048
   109.00000000000000       1.67786597241550381E-048
   110.00000000000000       3.66619728088377244E-049
   111.00000000000000       8.00643179311217895E-050
   112.00000000000000       1.74756154085111963E-050
   113.00000000000000       3.81242855605750819E-051
   114.00000000000000       8.31288913840907592E-052
   115.00000000000000       1.81170878100531127E-052
   116.00000000000000       3.94653376127522524E-053
   117.00000000000000       8.59288548892691976E-054
   118.00000000000000       1.87009026044835470E-054
   119.00000000000000       4.06809300055532249E-055
   120.00000000000000       8.84561854892058928E-056
   121.00000000000000       1.92255467878982466E-056
   122.00000000000000       4.17682562669798759E-057
   123.00000000000000       9.07057888268069479E-058
   124.00000000000000       1.96901225641485641E-058
   125.00000000000000       4.27258007840537762E-059
   126.00000000000000       9.26752759486215203E-060
   127.00000000000000       2.00942984821039117E-060
   128.00000000000000       4.35532321407635080E-061
   129.00000000000000       9.43647310900959481E-062
   130.00000000000000       2.04382590033837686E-062
   131.00000000000000       4.42512938369236417E-063
   132.00000000000000       9.57764753726365376E-064
   133.00000000000000       2.07226535057932568E-064
   134.00000000000000       4.48216944346052458E-065
   135.00000000000000       9.69148305729291137E-066
   136.00000000000000       2.09485455668040415E-066
   137.00000000000000       4.52669988427183356E-067
   138.00000000000000       9.77858864237020514E-068
   139.00000000000000       2.11173632252525044E-068
   140.00000000000000       4.55905221459672881E-069
   141.00000000000000       9.83972742719340614E-070
   142.00000000000000       2.12308507874199277E-070
   143.00000000000000       4.57962270902728098E-071
   144.00000000000000       9.87579483758354937E-072
   145.00000000000000       2.12910180761882202E-072
   146.00000000000000       4.58884145128276606E-073
   147.00000000000000       9.88681393659021676E-074
   148.00000000000000       2.12543655798855967E-074
   149.00000000000000       4.37466325533550175E-075
   150.00000000000000        0.0000000000000000     
