   0.0000000000000000        0.0000000000000000     
   1.0000000000000000       5.53003954376640478E-005
   2.0000000000000000       9.36631946606846264E-005
   3.0000000000000000       1.03891440475053091E-004
   4.0000000000000000       8.78812284123304936E-005
   5.0000000000000000       4.49660580615652970E-005
   6.0000000000000000      -1.09717802621988803E-005
   7.0000000000000000      -6.17199179982178843E-005
   8.0000000000000000      -9.82025674894483294E-005
   9.0000000000000000      -1.13465106949409695E-004
   10.000000000000000      -1.03278786665227828E-004
   11.000000000000000      -7.21282718414856667E-005
   12.000000000000000      -3.77342607425776229E-005
   13.000000000000000      -1.37714705076238568E-005
   14.000000000000000       5.38862508628065262E-006
   15.000000000000000       2.20407430943454450E-005
   16.000000000000000       2.64293453391178305E-005
   17.000000000000000       2.44316222542776291E-005
   18.000000000000000       2.18275751814163570E-005
   19.000000000000000       1.85731722859954404E-005
   20.000000000000000       1.62160745696052872E-005
   21.000000000000000       1.32510561086134362E-005
   22.000000000000000       9.00655513314591674E-006
   23.000000000000000       7.48129995212219095E-006
   24.000000000000000       1.79223842013885030E-006
   25.000000000000000      -1.24573387161186540E-006
   26.000000000000000       6.45040713899540301E-006
   27.000000000000000      -6.28401368869020733E-006
   28.000000000000000      -1.81906608433371654E-005
   29.000000000000000       1.46614666444652149E-005
   30.000000000000000       2.93262900903682477E-005
   31.000000000000000      -2.99606827215366780E-005
   32.000000000000000      -5.71084917625171780E-005
   33.000000000000000       4.27578134922992366E-005
   34.000000000000000       1.48473657212083677E-004
   35.000000000000000       7.91330530570622594E-005
   36.000000000000000      -1.26274526420306357E-004
   37.000000000000000      -1.91573861793397444E-004
   38.000000000000000       1.07019284155663300E-004
   39.000000000000000       6.48213318661388207E-004
   40.000000000000000       1.08300112406075114E-003
   41.000000000000000       1.09990741702712075E-003
   42.000000000000000       7.73110758461255962E-004
   43.000000000000000       5.73289791511478910E-004
   44.000000000000000       1.26954427055094238E-003
   45.000000000000000       3.73565867832415183E-003
   46.000000000000000       8.83051192447847910E-003
   47.000000000000000       1.73755259303487626E-002
   48.000000000000000       2.99662548526330175E-002
   49.000000000000000       4.64667698575667171E-002
   50.000000000000000       6.51725706361765134E-002
   51.000000000000000       8.21669083216382407E-002
   52.000000000000000       9.21709536072778945E-002
   53.000000000000000       9.14672691706189256E-002
   54.000000000000000       8.06555745509225930E-002
   55.000000000000000       6.41386579625233405E-002
   56.000000000000000       4.69580926206647278E-002
   57.000000000000000       3.23273118698850087E-002
   58.000000000000000       2.13043048639660962E-002
   59.000000000000000       1.36236672873514507E-002
   60.000000000000000       8.53592831238580638E-003
   61.000000000000000       5.27536321784158324E-003
   62.000000000000000       3.23051337698424153E-003
   63.000000000000000       1.96581555934510072E-003
   64.000000000000000       1.19030306150214992E-003
   65.000000000000000       7.17176041745745240E-004
   66.000000000000000       4.29502981763419485E-004
   67.000000000000000       2.55180109146402128E-004
   68.000000000000000       1.50056465183426909E-004
   69.000000000000000       8.71277658071332507E-005
   70.000000000000000       4.98448174942411844E-005
   71.000000000000000       2.80468502322154553E-005
   72.000000000000000       1.55019028950085616E-005
   73.000000000000000       8.40911127017681400E-006
   74.000000000000000       4.47480727132004349E-006
   75.000000000000000       2.33555400715815064E-006
   76.000000000000000       1.19573686948688858E-006
   77.000000000000000       6.00661032383513137E-007
   78.000000000000000       2.96173265470577912E-007
   79.000000000000000       1.43415972296550149E-007
   80.000000000000000       6.82372487949770590E-008
   81.000000000000000       3.19204291557916714E-008
   82.000000000000000       1.46891355221298196E-008
   83.000000000000000       6.65367783637687325E-009
   84.000000000000000       2.96838185084906100E-009
   85.000000000000000       1.30502477132488367E-009
   86.000000000000000       5.65717431724221502E-010
   87.000000000000000       2.41932504580787712E-010
   88.000000000000000       1.02123422764724033E-010
   89.000000000000000       4.25702228781498149E-011
   90.000000000000000       1.75323096206663889E-011
   91.000000000000000       7.13704824939950360E-012
   92.000000000000000       2.87295451195453090E-012
   93.000000000000000       1.14404947963105695E-012
   94.000000000000000       4.50851489000178215E-013
   95.000000000000000       1.75894932058451656E-013
   96.000000000000000       6.79602427375094576E-014
   97.000000000000000       2.60124670506743595E-014
   98.000000000000000       9.86664346800906328E-015
   99.000000000000000       3.70978057963511633E-015
   100.00000000000000       1.38306085443620789E-015
   101.00000000000000       5.11406363643714922E-016
   102.00000000000000       1.87600799377528433E-016
   103.00000000000000       6.82894597744833360E-017
   104.00000000000000       2.46731668651788100E-017
   105.00000000000000       8.85004519178196173E-018
   106.00000000000000       3.15215979372852257E-018
   107.00000000000000       1.11506902062842615E-018
   108.00000000000000       3.91841846260358436E-019
   109.00000000000000       1.36809575017806447E-019
   110.00000000000000       4.74675042243509071E-020
   111.00000000000000       1.63691020892965739E-020
   112.00000000000000       5.61142427851623078E-021
   113.00000000000000       1.91253526483056521E-021
   114.00000000000000       6.48185670279615408E-022
   115.00000000000000       2.18477107771729024E-022
   116.00000000000000       7.32469274394758005E-023
   117.00000000000000       2.44291250709344107E-023
   118.00000000000000       8.10619921484101045E-024
   119.00000000000000       2.67652435216812969E-024
   120.00000000000000       8.79470722161898508E-025
   121.00000000000000       2.87619026952794322E-025
   122.00000000000000       9.36284505959334298E-026
   123.00000000000000       3.03415863889093712E-026
   124.00000000000000       9.78934268516329695E-027
   125.00000000000000       3.14482574905717994E-027
   126.00000000000000       1.00602543054844887E-027
   127.00000000000000       3.20501990897979688E-028
   128.00000000000000       1.01695240062585045E-028
   129.00000000000000       3.21407542050939796E-029
   130.00000000000000       1.01188981666366260E-029
   131.00000000000000       3.17370901609509330E-030
   132.00000000000000       9.91725693447197004E-031
   133.00000000000000       3.08773044063241858E-031
   134.00000000000000       9.57948775276468688E-032
   135.00000000000000       2.96163156795362705E-032
   136.00000000000000       9.12505316529715066E-033
   137.00000000000000       2.80210422414550709E-033
   138.00000000000000       8.57641286095987278E-034
   139.00000000000000       2.61653623175134307E-034
   140.00000000000000       7.95744903198782456E-035
   141.00000000000000       2.41252934551702443E-035
   142.00000000000000       7.29201937207136659E-036
   143.00000000000000       2.19747332121524693E-036
   144.00000000000000       6.60272633677102352E-037
   145.00000000000000       1.97818998382175466E-037
   146.00000000000000       5.90963730302334903E-038
   147.00000000000000       1.75956284392818927E-038
   148.00000000000000       5.19160094653882293E-039
   149.00000000000000       1.41506765693310904E-039
   150.00000000000000        0.0000000000000000     
