   0.0000000000000000        0.0000000000000000     
   1.0000000000000000      -4.77204092947245204E-006
   2.0000000000000000       3.11407918660186716E-007
   3.0000000000000000       4.86262929602547135E-006
   4.0000000000000000       2.28899515014728665E-007
   5.0000000000000000      -3.17891359957969416E-006
   6.0000000000000000      -1.26052589136155013E-006
   7.0000000000000000       3.87863638208660791E-007
   8.0000000000000000      -2.56834580594751273E-007
   9.0000000000000000       3.18268291288960683E-006
   10.000000000000000       3.13336012478350560E-006
   11.000000000000000      -4.00985753748934189E-006
   12.000000000000000      -6.48679191818444142E-006
   13.000000000000000      -2.70986394563264982E-006
   14.000000000000000       5.98653669197725113E-006
   15.000000000000000       1.38903674039984202E-005
   16.000000000000000       8.79668062855371943E-006
   17.000000000000000      -9.55798805811994780E-006
   18.000000000000000      -2.57940481246438479E-005
   19.000000000000000      -2.05008568418577912E-005
   20.000000000000000       4.45395526597483738E-006
   21.000000000000000       2.99336833558304515E-005
   22.000000000000000       3.85803310185752212E-005
   23.000000000000000       2.32348569662584146E-005
   24.000000000000000      -1.11999413915223314E-005
   25.000000000000000      -5.03962260423287655E-005
   26.000000000000000      -6.57490490915982556E-005
   27.000000000000000      -4.89664640298418866E-005
   28.000000000000000      -7.92730249689558832E-006
   29.000000000000000       4.75300461218573851E-005
   30.000000000000000       8.62144782994603255E-005
   31.000000000000000       1.00569632475222469E-004
   32.000000000000000       9.81243979675299811E-005
   33.000000000000000       5.98505109815516249E-005
   34.000000000000000       8.95704645195369558E-006
   35.000000000000000      -1.96806619663055567E-005
   36.000000000000000      -6.03362115800894401E-005
   37.000000000000000      -9.82528430406524991E-005
   38.000000000000000      -9.06337354752197730E-005
   39.000000000000000      -5.54751895557846226E-005
   40.000000000000000      -6.18270284808139015E-005
   41.000000000000000      -7.00789509129031227E-005
   42.000000000000000      -2.31285687300226639E-005
   43.000000000000000       3.84915356044692383E-005
   44.000000000000000       1.55535042450850941E-005
   45.000000000000000      -4.20745353510600700E-005
   46.000000000000000      -2.33404262365002611E-005
   47.000000000000000       7.08777578055633830E-005
   48.000000000000000       1.06028617763643621E-004
   49.000000000000000       4.29439262070191739E-006
   50.000000000000000      -1.08727897700700509E-004
   51.000000000000000      -7.28516804635250968E-005
   52.000000000000000       9.05011811848208559E-005
   53.000000000000000       1.95245229970487970E-004
   54.000000000000000       9.24353885475845470E-005
   55.000000000000000      -1.49809482795989373E-004
   56.000000000000000      -2.90481806590849869E-004
   57.000000000000000      -1.57944041610458085E-004
   58.000000000000000       1.69747828509081802E-004
   59.000000000000000       4.24150187223049438E-004
   60.000000000000000       3.68946119115831390E-004
   61.000000000000000      -1.08546960968057408E-005
   62.000000000000000      -4.87529407157250082E-004
   63.000000000000000      -7.37249333387843633E-004
   64.000000000000000      -5.46396052640469015E-004
   65.000000000000000       5.49059454781371920E-005
   66.000000000000000       8.03299607090001474E-004
   67.000000000000000       1.33632999475353088E-003
   68.000000000000000       1.36707462374223931E-003
   69.000000000000000       8.08720877379390355E-004
   70.000000000000000      -1.99895466417684704E-004
   71.000000000000000      -1.35633505326135102E-003
   72.000000000000000      -2.29142213082446887E-003
   73.000000000000000      -2.64538893371873887E-003
   74.000000000000000      -2.09279469431552460E-003
   75.000000000000000      -3.14960181061705972E-004
   76.000000000000000       3.06138410955849325E-003
   77.000000000000000       8.52637436431085902E-003
   78.000000000000000       1.66954727392266064E-002
   79.000000000000000       2.81691982694553256E-002
   80.000000000000000       4.31118397380495788E-002
   81.000000000000000       6.04945112621720904E-002
   82.000000000000000       7.73506977538443719E-002
   83.000000000000000       8.90525006825524101E-002
   84.000000000000000       9.14649369501253640E-002
   85.000000000000000       8.37836394506945720E-002
   86.000000000000000       6.91578092228187502E-002
   87.000000000000000       5.23679502538383704E-002
   88.000000000000000       3.71211053139649388E-002
   89.000000000000000       2.50886167578698166E-002
   90.000000000000000       1.64029358492910372E-002
   91.000000000000000       1.04830560959624230E-002
   92.000000000000000       6.59553713804153074E-003
   93.000000000000000       4.10394740141840995E-003
   94.000000000000000       2.53267276168000956E-003
   95.000000000000000       1.55274734450903083E-003
   96.000000000000000       9.46527565380354038E-004
   97.000000000000000       5.73854535700322804E-004
   98.000000000000000       3.45992766230102252E-004
   99.000000000000000       2.07385813965912230E-004
   100.00000000000000       1.23514621693424006E-004
   101.00000000000000       7.30511829396515483E-005
   102.00000000000000       4.28779708979429644E-005
   103.00000000000000       2.49616183409519143E-005
   104.00000000000000       1.44043806974322082E-005
   105.00000000000000       8.23528863359838930E-006
   106.00000000000000       4.66269289052419703E-006
   107.00000000000000       2.61345061249071460E-006
   108.00000000000000       1.44974359162179176E-006
   109.00000000000000       7.95755824525543728E-007
   110.00000000000000       4.32137701211046228E-007
   111.00000000000000       2.32159562643390485E-007
   112.00000000000000       1.23385594431988947E-007
   113.00000000000000       6.48734198025647623E-008
   114.00000000000000       3.37459010125315561E-008
   115.00000000000000       1.73687348747551241E-008
   116.00000000000000       8.84627218191957155E-009
   117.00000000000000       4.45921252856544698E-009
   118.00000000000000       2.22499720130288847E-009
   119.00000000000000       1.09912495812683109E-009
   120.00000000000000       5.37635200591273393E-010
   121.00000000000000       2.60453839545487269E-010
   122.00000000000000       1.24984868510742188E-010
   123.00000000000000       5.94223528011555854E-011
   124.00000000000000       2.79956424026795597E-011
   125.00000000000000       1.30725854533847386E-011
   126.00000000000000       6.05124407359993169E-012
   127.00000000000000       2.77728676635855797E-012
   128.00000000000000       1.26406443959435376E-012
   129.00000000000000       5.70648023611218952E-013
   130.00000000000000       2.55561061017067848E-013
   131.00000000000000       1.13559458804044402E-013
   132.00000000000000       5.00757539219675963E-014
   133.00000000000000       2.19168806287782859E-014
   134.00000000000000       9.52240746956981730E-015
   135.00000000000000       4.10770691581606991E-015
   136.00000000000000       1.75955516909597075E-015
   137.00000000000000       7.48550939664991416E-016
   138.00000000000000       3.16313236608291665E-016
   139.00000000000000       1.32785806952027435E-016
   140.00000000000000       5.53838655773770034E-017
   141.00000000000000       2.29545893648918614E-017
   142.00000000000000       9.45509891439352982E-018
   143.00000000000000       3.87102947974677963E-018
   144.00000000000000       1.57543233455120629E-018
   145.00000000000000       6.37402886140378942E-019
   146.00000000000000       2.56312780880224153E-019
   147.00000000000000       1.02223549542463948E-019
   148.00000000000000       3.98512377347063165E-020
   149.00000000000000       1.36641100872732575E-020
   150.00000000000000        0.0000000000000000     
