   0.0000000000000000        0.0000000000000000     
   1.0000000000000000      -2.81806138187740729E-006
   2.0000000000000000       1.12913270673894622E-006
   3.0000000000000000       3.58969607136617272E-006
   4.0000000000000000      -1.97000208414838506E-006
   5.0000000000000000      -3.91133335371786667E-006
   6.0000000000000000       8.02321093347371065E-007
   7.0000000000000000       3.71858918622309007E-006
   8.0000000000000000       6.88554735412784757E-007
   9.0000000000000000      -5.82553789080834173E-007
   10.000000000000000      -1.95997275494033567E-006
   11.000000000000000      -3.84124201409547830E-006
   12.000000000000000       1.39803768586644335E-006
   13.000000000000000       5.75327758302478009E-006
   14.000000000000000       3.09760611915418717E-006
   15.000000000000000      -3.54342914216956612E-006
   16.000000000000000      -8.46612849559038690E-006
   17.000000000000000      -5.86589537060378114E-006
   18.000000000000000       4.88621736686096877E-006
   19.000000000000000       1.63651364630569393E-005
   20.000000000000000       1.41839497523340646E-005
   21.000000000000000      -4.96466254168675615E-006
   22.000000000000000      -2.49387400524288678E-005
   23.000000000000000      -2.68301378203312673E-005
   24.000000000000000      -6.81640347126633941E-006
   25.000000000000000       1.99129893274523805E-005
   26.000000000000000       4.05984821156531384E-005
   27.000000000000000       3.85370431237074999E-005
   28.000000000000000       6.92248353115807485E-006
   29.000000000000000      -3.15314976263926955E-005
   30.000000000000000      -6.30158040134721657E-005
   31.000000000000000      -6.71182647906234725E-005
   32.000000000000000      -3.19607002481657259E-005
   33.000000000000000       1.00142696453873912E-005
   34.000000000000000       5.47609791208268670E-005
   35.000000000000000       1.00608231114131898E-004
   36.000000000000000       1.01389046444596610E-004
   37.000000000000000       7.58486324949230774E-005
   38.000000000000000       5.43236917965152636E-005
   39.000000000000000       2.10520829315852553E-005
   40.000000000000000      -4.85174532878790166E-005
   41.000000000000000      -8.30180632123383826E-005
   42.000000000000000      -6.63019880892638526E-005
   43.000000000000000      -5.91737708822301652E-005
   44.000000000000000      -9.67234852858125406E-005
   45.000000000000000      -9.09565411923052590E-005
   46.000000000000000      -1.53858423615797229E-005
   47.000000000000000       3.33270303218636261E-005
   48.000000000000000      -1.01491503656546510E-005
   49.000000000000000      -7.08226687257022618E-005
   50.000000000000000      -2.49393092484184240E-005
   51.000000000000000       9.14422383975495951E-005
   52.000000000000000       1.17424448752098394E-004
   53.000000000000000       1.11694296855492544E-006
   54.000000000000000      -1.24100261219397303E-004
   55.000000000000000      -9.52397244929351007E-005
   56.000000000000000       8.42360697070621283E-005
   57.000000000000000       2.23941860820492297E-004
   58.000000000000000       1.45986144288689633E-004
   59.000000000000000      -1.10018341159418874E-004
   60.000000000000000      -3.10787164048434753E-004
   61.000000000000000      -2.50043323891558787E-004
   62.000000000000000       6.13643800548230387E-005
   63.000000000000000       3.95698945968149670E-004
   64.000000000000000       4.80096005220417908E-004
   65.000000000000000       2.02111678261484890E-004
   66.000000000000000      -2.99384522479488363E-004
   67.000000000000000      -7.17357240390504333E-004
   68.000000000000000      -7.67170747292301460E-004
   69.000000000000000      -3.54618537098403362E-004
   70.000000000000000       3.71941633780243058E-004
   71.000000000000000       1.09592407737827508E-003
   72.000000000000000       1.48005589656814056E-003
   73.000000000000000       1.31108688369836399E-003
   74.000000000000000       5.79358922340511995E-004
   75.000000000000000      -5.29512924622153685E-004
   76.000000000000000      -1.70794256630271246E-003
   77.000000000000000      -2.61545481665672545E-003
   78.000000000000000      -2.93891965963734335E-003
   79.000000000000000      -2.40346682577712327E-003
   80.000000000000000      -7.37704908219718883E-004
   81.000000000000000       2.38880334110394771E-003
   82.000000000000000       7.42864083476294131E-003
   83.000000000000000       1.49760704994196438E-002
   84.000000000000000       2.56627224238194403E-002
   85.000000000000000       3.98054821368312578E-002
   86.000000000000000       5.67182674480110685E-002
   87.000000000000000       7.39118430717366354E-002
   88.000000000000000       8.70472957165563249E-002
   89.000000000000000       9.16667322994927369E-002
   90.000000000000000       8.60792079013901201E-002
   91.000000000000000       7.26555409705085670E-002
   92.000000000000000       5.60374987845928887E-002
   93.000000000000000       4.02917087240895408E-002
   94.000000000000000       2.75227568303793683E-002
   95.000000000000000       1.81369780709206840E-002
   96.000000000000000       1.16605426976136139E-002
   97.000000000000000       7.37066427657025874E-003
   98.000000000000000       4.60388358555740076E-003
   99.000000000000000       2.85069940343242456E-003
   100.00000000000000       1.75311740641147999E-003
   101.00000000000000       1.07189268860131840E-003
   102.00000000000000       6.51880477609153696E-004
   103.00000000000000       3.94353748868924998E-004
   104.00000000000000       2.37255260747522929E-004
   105.00000000000000       1.41903752931777201E-004
   106.00000000000000       8.43357936215887187E-005
   107.00000000000000       4.97783241570244481E-005
   108.00000000000000       2.91638553585736959E-005
   109.00000000000000       1.69512111302800553E-005
   110.00000000000000       9.77013107216826555E-006
   111.00000000000000       5.58162281095418728E-006
   112.00000000000000       3.15954621612118789E-006
   113.00000000000000       1.77159746546991305E-006
   114.00000000000000       9.83742344186079453E-007
   115.00000000000000       5.40878776130117671E-007
   116.00000000000000       2.94422717060705284E-007
   117.00000000000000       1.58660118172348994E-007
   118.00000000000000       8.46409783523660994E-008
   119.00000000000000       4.47010620531972203E-008
   120.00000000000000       2.33722793125969520E-008
   121.00000000000000       1.20993998938909732E-008
   122.00000000000000       6.20224955402295075E-009
   123.00000000000000       3.14853266182712570E-009
   124.00000000000000       1.58306182626492115E-009
   125.00000000000000       7.88461097863457333E-010
   126.00000000000000       3.89064048089647310E-010
   127.00000000000000       1.90234291614939406E-010
   128.00000000000000       9.21836106037864148E-011
   129.00000000000000       4.42779355645174722E-011
   130.00000000000000       2.10844329423983311E-011
   131.00000000000000       9.95519416665359343E-012
   132.00000000000000       4.66147018614183813E-012
   133.00000000000000       2.16497577979668902E-012
   134.00000000000000       9.97495485471493191E-013
   135.00000000000000       4.56001670820451481E-013
   136.00000000000000       2.06865576677760961E-013
   137.00000000000000       9.31416163445556817E-014
   138.00000000000000       4.16293056224198375E-014
   139.00000000000000       1.84722210713099083E-014
   140.00000000000000       8.13892160568465222E-015
   141.00000000000000       3.56126383497284258E-015
   142.00000000000000       1.54771527511448570E-015
   143.00000000000000       6.68167539479546570E-016
   144.00000000000000       2.86575014034608910E-016
   145.00000000000000       1.22115379012208854E-016
   146.00000000000000       5.16806586920013940E-017
   147.00000000000000       2.16640164556208179E-017
   148.00000000000000       8.84521326168391267E-018
   149.00000000000000       3.14426835151184848E-018
   150.00000000000000        0.0000000000000000     
