  -1.0000000000000000        0.0000000000000000     
   1.0000000000000000       1.83565168203682247E-005
   3.0000000000000000       5.17496668753949753E-005
   5.0000000000000000       1.45852077928762373E-004
   7.0000000000000000       4.10772460174195139E-004
   9.0000000000000000       1.15451125241303925E-003
   11.000000000000000       3.22612815948346461E-003
   13.000000000000000       8.86942980002626905E-003
   15.000000000000000       2.32979934354398260E-002
   17.000000000000000       5.40768603507814638E-002
   19.000000000000000       9.26588987998308300E-002
   21.000000000000000       9.26588988152165921E-002
   23.000000000000000       5.40768688030516392E-002
   25.000000000000000       2.32980420071547713E-002
   27.000000000000000       8.86944974971125462E-003
   29.000000000000000       3.22613560605648862E-003
   31.000000000000000       1.15451394148291791E-003
   33.000000000000000       4.10773420000278336E-004
   35.000000000000000       1.45852419117451491E-004
   37.000000000000000       5.17497879807973473E-005
   39.000000000000000       1.83565597846857193E-005
   41.000000000000000        0.0000000000000000     
   43.000000000000000        0.0000000000000000     
   45.000000000000000        0.0000000000000000     
   47.000000000000000        0.0000000000000000     
   49.000000000000000        0.0000000000000000     
   51.000000000000000        0.0000000000000000     
   53.000000000000000        0.0000000000000000     
   55.000000000000000        0.0000000000000000     
   57.000000000000000        0.0000000000000000     
   59.000000000000000        0.0000000000000000     
   61.000000000000000        0.0000000000000000     
   63.000000000000000        0.0000000000000000     
   65.000000000000000        0.0000000000000000     
   67.000000000000000        0.0000000000000000     
   69.000000000000000        0.0000000000000000     
   71.000000000000000        0.0000000000000000     
   73.000000000000000        0.0000000000000000     
   75.000000000000000        0.0000000000000000     
   77.000000000000000        0.0000000000000000     
   79.000000000000000        0.0000000000000000     
   81.000000000000000        0.0000000000000000     
   83.000000000000000        0.0000000000000000     
   85.000000000000000        0.0000000000000000     
   87.000000000000000        0.0000000000000000     
   89.000000000000000        0.0000000000000000     
   91.000000000000000        0.0000000000000000     
   93.000000000000000        0.0000000000000000     
   95.000000000000000        0.0000000000000000     
   97.000000000000000        0.0000000000000000     
   99.000000000000000        0.0000000000000000     
   101.00000000000000        0.0000000000000000     
   103.00000000000000        0.0000000000000000     
   105.00000000000000        0.0000000000000000     
   107.00000000000000        0.0000000000000000     
   109.00000000000000        0.0000000000000000     
   111.00000000000000        0.0000000000000000     
   113.00000000000000        0.0000000000000000     
   115.00000000000000        0.0000000000000000     
   117.00000000000000        0.0000000000000000     
   119.00000000000000        0.0000000000000000     
   121.00000000000000        0.0000000000000000     
   123.00000000000000        0.0000000000000000     
   125.00000000000000        0.0000000000000000     
   127.00000000000000        0.0000000000000000     
   129.00000000000000        0.0000000000000000     
   131.00000000000000        0.0000000000000000     
   133.00000000000000        0.0000000000000000     
   135.00000000000000        0.0000000000000000     
   137.00000000000000        0.0000000000000000     
   139.00000000000000        0.0000000000000000     
   141.00000000000000        0.0000000000000000     
   143.00000000000000        0.0000000000000000     
   145.00000000000000        0.0000000000000000     
   147.00000000000000        0.0000000000000000     
   149.00000000000000        0.0000000000000000     
   151.00000000000000        0.0000000000000000     
