 -0.66666666666666663       3.15857030454261134E-027
  0.66666666666666663       3.15857030454261134E-027
   2.0000000000000000       1.91936229944446367E-026
   3.3333333333333335       1.32460512848435968E-025
   4.6666666666666661       9.15343677804564775E-025
   5.9999999999999991       6.31503545809038985E-024
   7.3333333333333330       4.34882443665648165E-023
   8.6666666666666661       2.98881519697749699E-022
   10.000000000000000       2.04962316838390222E-021
   11.333333333333334       1.40217053639631573E-020
   12.666666666666666       9.56683604350247057E-020
   14.000000000000000       6.50798645473683143E-019
   15.333333333333334       4.41248030707460672E-018
   16.666666666666664       2.98053898594674207E-017
   17.999999999999996       2.00476750361873127E-016
   19.333333333333332       1.34191283900435797E-015
   20.666666666666664       8.93197391173354782E-015
   21.999999999999996       5.90638881897461494E-014
   23.333333333333332       3.87545615705930559E-013
   24.666666666666664       2.51921030475577103E-012
   25.999999999999996       1.61893229580178871E-011
   27.333333333333332       1.02552389318041226E-010
   28.666666666666664       6.37658124308468912E-010
   29.999999999999996       3.86709898250134911E-009
   31.333333333333332       2.26382114045989407E-008
   32.666666666666664       1.25578689174344764E-007
   34.000000000000000       6.35189094443958245E-007
   35.333333333333336      -1.53679640508217032E-005
   36.666666666666664       2.28672528725452840E-005
   38.000000000000000       6.69350882243054742E-005
   39.333333333333336       1.70757744867411137E-004
   40.666666666666664       4.31432848411393750E-004
   42.000000000000000       1.08589347618098775E-003
   43.333333333333336       2.71738423977226215E-003
   44.666666666666664       6.74168770880116067E-003
   46.000000000000000       1.65501000922769793E-002
   47.333333333333336       4.00944786924165575E-002
   48.666666666666664       9.26525888489147659E-002
   50.000000000000000       0.17100821360155649     
   51.333333333333336       0.19577177409746174     
   52.666666666666664       0.13701772820133187     
   54.000000000000000       6.94651271848515384E-002
   55.333333333333336       3.02576354124457388E-002
   56.666666666666664       1.24150591275362775E-002
   58.000000000000000       4.97762391353263976E-003
   59.333333333333336       1.97724823198178103E-003
   60.666666666666664       7.82468174394750408E-004
   62.000000000000000       3.09602576013524769E-004
   63.333333333333336       1.44096449976056440E-004
   64.666666666666657       1.73195808091163318E-005
   65.999999999999986       2.67555174903161555E-006
   67.333333333333329       4.09187247850192214E-007
   68.666666666666657       6.20597728170419272E-008
   69.999999999999986       9.34669631623052610E-009
   71.333333333333329       1.39932229018180659E-009
   72.666666666666657       2.08423729433141537E-010
   73.999999999999986       3.09054422045348744E-011
   75.333333333333329       4.56475129357233030E-012
   76.666666666666657       6.71875870609451428E-013
   77.999999999999986       9.85858016019888994E-014
   79.333333333333329       1.44255209844585566E-014
   80.666666666666657       2.10551603605951461E-015
   81.999999999999986       3.06617616133765266E-016
   83.333333333333329       4.45589731713426725E-017
   84.666666666666657       6.46322879986247094E-018
   85.999999999999986       9.35852743253441519E-019
   87.333333333333329       1.35290887982176321E-019
   88.666666666666657       1.95292377979697180E-020
   89.999999999999986       2.81517033017437172E-021
   91.333333333333329       4.05292596501432986E-022
   92.666666666666657       5.82793870079449808E-023
   93.999999999999986       8.37100473543508059E-024
   95.333333333333329       1.20112374542869184E-024
   96.666666666666657       1.72185971557558370E-025
   97.999999999999986       2.47300051466751424E-026
   99.333333333333329       4.03274834871085524E-027
   100.66666666666666       4.03274834871085524E-027
