  -1.0000000000000000       1.14451314794954039E-004
   1.0000000000000000       1.14451314794954039E-004
   3.0000000000000000      -5.64225155235705973E-006
   5.0000000000000000      -2.81693096496081756E-004
   7.0000000000000000      -2.90110546991448933E-004
   9.0000000000000000       5.80035166056784628E-005
   11.000000000000000       1.76471550971745453E-004
   13.000000000000000       2.07292294548383839E-005
   15.000000000000000       9.68985854674758843E-005
   17.000000000000000       6.28339524257581739E-006
   19.000000000000000       4.08804035306414122E-005
   21.000000000000000      -6.14374177853155675E-005
   23.000000000000000       2.13632012909720172E-004
   25.000000000000000      -5.32577576297446945E-004
   27.000000000000000       9.24537974840083238E-004
   29.000000000000000      -6.37396162697748321E-004
   31.000000000000000      -1.13839352777440439E-003
   33.000000000000000       3.01341962106446313E-003
   35.000000000000000       1.46209107842903388E-003
   37.000000000000000      -5.45447817879595506E-003
   39.000000000000000      -3.86325140914286396E-003
   41.000000000000000       1.56055428011733603E-002
   43.000000000000000       5.11942386901652891E-002
   45.000000000000000       8.48612696774396214E-002
   47.000000000000000       9.01460516423833458E-002
   49.000000000000000       6.61141538079271229E-002
   51.000000000000000       3.68286736676180851E-002
   53.000000000000000       1.72407731247071899E-002
   55.000000000000000       7.29861172218931702E-003
   57.000000000000000       2.91397648696844558E-003
   59.000000000000000       1.12013399664039927E-003
   61.000000000000000       4.16895256593139286E-004
   63.000000000000000       1.49489105534578951E-004
   65.000000000000000       5.11500465823464632E-005
   67.000000000000000       1.65527256983862409E-005
   69.000000000000000       5.03815473635462095E-006
   71.000000000000000       1.43945462866499910E-006
   73.000000000000000       3.86337792353177893E-007
   75.000000000000000       9.76393610189788230E-008
   77.000000000000000       2.33129973158673880E-008
   79.000000000000000       5.27796879652161469E-009
   81.000000000000000       1.13717796601769243E-009
   83.000000000000000       2.34003935179507004E-010
   85.000000000000000       4.61420717622166794E-011
   87.000000000000000       8.74555347852373611E-012
   89.000000000000000       1.59778819042407919E-012
   91.000000000000000       2.82104794206635879E-013
   93.000000000000000       4.82478601002255635E-014
   95.000000000000000       8.01026060277381245E-015
   97.000000000000000       1.29347253972724565E-015
   99.000000000000000       2.03505123606586609E-016
   101.00000000000000       3.12463267777457375E-017
   103.00000000000000       4.68883949311200170E-018
   105.00000000000000       6.88584926448351243E-019
   107.00000000000000       9.90854111921309873E-020
   109.00000000000000       1.39866156049124465E-020
   111.00000000000000       1.93873180153514494E-021
   113.00000000000000       2.64144262050722561E-022
   115.00000000000000       3.54052259458069761E-023
   117.00000000000000       4.67252880289403611E-024
   119.00000000000000       6.07609767737853793E-025
   121.00000000000000       7.79097520755275698E-026
   123.00000000000000       9.85684675087102284E-027
   125.00000000000000       1.23120005166991607E-027
   127.00000000000000       1.51918713627913781E-028
   129.00000000000000       1.85275219221145595E-029
   131.00000000000000       2.23441254763548735E-030
   133.00000000000000       2.66595188420472144E-031
   135.00000000000000       3.14828935287481355E-032
   137.00000000000000       3.68136895366075890E-033
   139.00000000000000       4.26407486251982654E-034
   141.00000000000000       4.89417732950760882E-035
   143.00000000000000       5.56831346520365298E-036
   145.00000000000000       6.28209943003363944E-037
   147.00000000000000       7.03908901185954515E-038
   149.00000000000000       8.66484002558775836E-039
   151.00000000000000       8.66484002558775836E-039
