  -1.0000000000000000       4.28482142184926290E-005
   1.0000000000000000       4.28482142184926290E-005
   3.0000000000000000      -1.26310148876117192E-004
   5.0000000000000000       8.93720719641379340E-005
   7.0000000000000000       1.81984104765154367E-004
   9.0000000000000000      -2.08936909893985657E-004
   11.000000000000000      -2.18387809657628656E-004
   13.000000000000000       9.61519969679558038E-005
   15.000000000000000       3.77761239988508833E-004
   17.000000000000000       3.57879864180719355E-004
   19.000000000000000      -9.26195769167900723E-005
   21.000000000000000      -2.08146244404253057E-004
   23.000000000000000      -3.94397916403645512E-004
   25.000000000000000      -1.86050196329544631E-004
   27.000000000000000       5.30838678575546531E-005
   29.000000000000000      -2.97380980377340970E-004
   31.000000000000000       6.32761626276447391E-004
   33.000000000000000      -4.97025314108575852E-004
   35.000000000000000       9.50122552466803230E-005
   37.000000000000000       9.18284860639113584E-004
   39.000000000000000      -1.23872126069674623E-003
   41.000000000000000      -1.27508781047716953E-004
   43.000000000000000       2.12223295150608957E-003
   45.000000000000000      -8.48394737617785572E-004
   47.000000000000000      -3.15170337470076743E-003
   49.000000000000000       1.13252736490803774E-003
   51.000000000000000       5.35484416781743106E-003
   53.000000000000000       1.54307394623096972E-003
   55.000000000000000      -6.90428919717687387E-003
   57.000000000000000      -1.09172618981102486E-002
   59.000000000000000      -4.89204800734260436E-003
   61.000000000000000       1.33926788966535308E-002
   63.000000000000000       4.34149745059282804E-002
   65.000000000000000       7.54306621540020983E-002
   67.000000000000000       8.87461841189373241E-002
   69.000000000000000       7.39492019544569640E-002
   71.000000000000000       4.65932094406246722E-002
   73.000000000000000       2.42457756100352625E-002
   75.000000000000000       1.12335424370959003E-002
   77.000000000000000       4.85286878456324226E-003
   79.000000000000000       2.00082861145190090E-003
   81.000000000000000       7.95568821584723075E-004
   83.000000000000000       3.06216218189440037E-004
   85.000000000000000       1.14126254371473779E-004
   87.000000000000000       4.11290178360781061E-005
   89.000000000000000       1.43045425483622487E-005
   91.000000000000000       4.79270913669959075E-006
   93.000000000000000       1.54493058503250056E-006
   95.000000000000000       4.78819328255188256E-007
   97.000000000000000       1.42674370146163704E-007
   99.000000000000000       4.08909781005943590E-008
   101.00000000000000       1.12817803461924000E-008
   103.00000000000000       2.99966970721248942E-009
   105.00000000000000       7.69601542085740510E-010
   107.00000000000000       1.90786577614633067E-010
   109.00000000000000       4.57645975111955084E-011
   111.00000000000000       1.06370926653834125E-011
   113.00000000000000       2.39899150845126041E-012
   115.00000000000000       5.25690256284554785E-013
   117.00000000000000       1.12069363019259544E-013
   119.00000000000000       2.32720524835861880E-014
   121.00000000000000       4.71283118406277831E-015
   123.00000000000000       9.31773656946935225E-016
   125.00000000000000       1.80042904416650532E-016
   127.00000000000000       3.40336790830491904E-017
   129.00000000000000       6.29962971625499614E-018
   131.00000000000000       1.14281829765753605E-018
   133.00000000000000       2.03355699419826321E-019
   135.00000000000000       3.55216334249445492E-020
   137.00000000000000       6.09548212228081784E-021
   139.00000000000000       1.02826449937069139E-021
   141.00000000000000       1.70635546104300457E-022
   143.00000000000000       2.78723348468929265E-023
   145.00000000000000       4.48443154833395334E-024
   147.00000000000000       7.13497785706634227E-025
   149.00000000000000       1.28257051537622507E-025
   151.00000000000000       1.28257051537622507E-025
