  -1.0000000000000000       3.90963689351496693E-005
   1.0000000000000000       3.90963689351496693E-005
   3.0000000000000000       6.27808749528353951E-005
   5.0000000000000000      -1.32941412983617247E-004
   7.0000000000000000      -2.20770898820838276E-004
   9.0000000000000000       1.94772297954246926E-004
   11.000000000000000       4.64237153188952023E-004
   13.000000000000000       1.62620490183857790E-004
   15.000000000000000      -7.21266098906099188E-005
   17.000000000000000      -4.42776181401539112E-004
   19.000000000000000      -1.76184585009898264E-004
   21.000000000000000      -3.14308458317017381E-004
   23.000000000000000       2.31792711875316080E-004
   25.000000000000000      -2.48230549324321057E-004
   27.000000000000000       4.13044064611557205E-004
   29.000000000000000      -1.28485458347797014E-004
   31.000000000000000      -2.05465755072122339E-004
   33.000000000000000       8.66812014801652099E-004
   35.000000000000000      -9.64119307502993056E-004
   37.000000000000000      -1.56357572418333525E-004
   39.000000000000000       1.86020647296693915E-003
   41.000000000000000      -1.10940008355686084E-003
   43.000000000000000      -2.64634011547823511E-003
   45.000000000000000       2.12824964719418889E-003
   47.000000000000000       4.89980042405931300E-003
   49.000000000000000      -7.95592802030398822E-004
   51.000000000000000      -8.64977415184721952E-003
   53.000000000000000      -9.07293852355818900E-003
   55.000000000000000       2.89999557154757125E-003
   57.000000000000000       2.85696267657627699E-002
   59.000000000000000       6.28099880135716687E-002
   61.000000000000000       8.73444329656279800E-002
   63.000000000000000       8.35505617051281596E-002
   65.000000000000000       5.81227923703897462E-002
   67.000000000000000       3.20507279894706801E-002
   69.000000000000000       1.52769908829875796E-002
   71.000000000000000       6.67959724166390656E-003
   73.000000000000000       2.76606936863328353E-003
   75.000000000000000       1.10114459726032093E-003
   77.000000000000000       4.23781355643012897E-004
   79.000000000000000       1.57772665546739526E-004
   81.000000000000000       5.67144314633252723E-005
   83.000000000000000       1.96303694533072385E-005
   85.000000000000000       6.52565391534867927E-006
   87.000000000000000       2.07967324697696898E-006
   89.000000000000000       6.34824781320374166E-007
   91.000000000000000       1.85600192702202995E-007
   93.000000000000000       5.20041148939840864E-008
   95.000000000000000       1.39800664068630147E-008
   97.000000000000000       3.61082795068936177E-009
   99.000000000000000       8.97477944384869240E-010
   101.00000000000000       2.15026352396921706E-010
   103.00000000000000       4.97452025953824896E-011
   105.00000000000000       1.11309696650666913E-011
   107.00000000000000       2.41293414915354369E-012
   109.00000000000000       5.07536676573989173E-013
   111.00000000000000       1.03739508845131952E-013
   113.00000000000000       2.06341158027498020E-014
   115.00000000000000       3.99914571369734954E-015
   117.00000000000000       7.56185698554549310E-016
   119.00000000000000       1.39661429943047496E-016
   121.00000000000000       2.52224140476438846E-017
   123.00000000000000       4.45866206570248229E-018
   125.00000000000000       7.72232252884170005E-019
   127.00000000000000       1.31162147945156280E-019
   129.00000000000000       2.18652196755109014E-020
   131.00000000000000       3.58037872987974114E-021
   133.00000000000000       5.76312562865834481E-022
   135.00000000000000       9.12527676230435179E-023
   137.00000000000000       1.42226244112383218E-023
   139.00000000000000       2.18338049019234933E-024
   141.00000000000000       3.30331437259564877E-025
   143.00000000000000       4.92812954759444833E-026
   145.00000000000000       7.25398432327049253E-027
   147.00000000000000       1.05684347853940421E-027
   149.00000000000000       1.72633915309063720E-028
   151.00000000000000       1.72633915309063720E-028
