  -1.0000000000000000      -6.69960523869076444E-005
   1.0000000000000000      -6.69960523869076444E-005
   3.0000000000000000       1.45877521388438323E-004
   5.0000000000000000      -5.96115491484360704E-005
   7.0000000000000000      -1.30554590271272870E-004
   9.0000000000000000       1.41308281587136078E-004
   11.000000000000000       1.18912238270285395E-004
   13.000000000000000      -5.82832351704394686E-005
   15.000000000000000      -3.41517779352866425E-004
   17.000000000000000       6.32753382670137580E-005
   19.000000000000000       2.52682942722636721E-004
   21.000000000000000       4.87275561753334888E-004
   23.000000000000000      -7.06170343549849806E-005
   25.000000000000000       2.92140275172265973E-005
   27.000000000000000      -6.23193199880933495E-004
   29.000000000000000       8.18898969938173865E-005
   31.000000000000000      -3.42218403484941078E-004
   33.000000000000000      -1.04397039764989936E-004
   35.000000000000000       6.39308922035456231E-004
   37.000000000000000      -7.74916387368922372E-004
   39.000000000000000       3.85964881043401192E-004
   41.000000000000000       9.45813299622267852E-004
   43.000000000000000      -1.43796905948434138E-003
   45.000000000000000      -2.20878629533278868E-004
   47.000000000000000       2.35488090511060165E-003
   49.000000000000000      -3.93877561975132170E-004
   51.000000000000000      -3.49480353565616818E-003
   53.000000000000000      -7.98778529072918385E-005
   55.000000000000000       5.22855972790041684E-003
   57.000000000000000       3.63741221006856803E-003
   59.000000000000000      -4.42317958985550749E-003
   61.000000000000000      -1.08824975878309589E-002
   63.000000000000000      -9.49156700039026011E-003
   65.000000000000000       2.34943273220112377E-003
   67.000000000000000       2.58381806720805220E-002
   69.000000000000000       5.79080610822823375E-002
   71.000000000000000       8.38658783796581153E-002
   73.000000000000000       8.49143368364258799E-002
   75.000000000000000       6.27180185053024808E-002
   77.000000000000000       3.64527207838032732E-002
   79.000000000000000       1.81424765696023699E-002
   81.000000000000000       8.22876061650987256E-003
   83.000000000000000       3.52232540802608967E-003
   85.000000000000000       1.44712708858113427E-003
   87.000000000000000       5.74823854530905477E-004
   89.000000000000000       2.21309252941441817E-004
   91.000000000000000       8.25927811700729751E-005
   93.000000000000000       2.98479850552875838E-005
   95.000000000000000       1.04307396952866406E-005
   97.000000000000000       3.52034540710341855E-006
   99.000000000000000       1.14636589798674342E-006
   101.00000000000000       3.60016546083990074E-007
   103.00000000000000       1.09035806636466362E-007
   105.00000000000000       3.18578343211083505E-008
   107.00000000000000       8.98562970212418288E-009
   109.00000000000000       2.44876708324954743E-009
   111.00000000000000       6.45447211129839339E-010
   113.00000000000000       1.64731593208587232E-010
   115.00000000000000       4.07573856017153462E-011
   117.00000000000000       9.78738435859298316E-012
   119.00000000000000       2.28387608828159715E-012
   121.00000000000000       5.18475811059073521E-013
   123.00000000000000       1.14636807739613901E-013
   125.00000000000000       2.47133076848990980E-014
   127.00000000000000       5.19996896715520522E-015
   129.00000000000000       1.06896883548696512E-015
   131.00000000000000       2.14898979845286541E-016
   133.00000000000000       4.22862134638008351E-017
   135.00000000000000       8.15133139847578005E-018
   137.00000000000000       1.54054565049672833E-018
   139.00000000000000       2.85673172139116857E-019
   141.00000000000000       5.20149725044359741E-020
   143.00000000000000       9.30575054649360939E-021
   145.00000000000000       1.63709788882770644E-021
   147.00000000000000       2.84606753416795432E-022
   149.00000000000000       5.63521024890107803E-023
   151.00000000000000       5.63521024890107803E-023
