  -1.0000000000000000       1.39113292743169913E-005
   1.0000000000000000       1.39113292743169913E-005
   3.0000000000000000       2.79354507230317321E-005
   5.0000000000000000       6.74494826895521033E-005
   7.0000000000000000       1.36385543660890086E-004
   9.0000000000000000       2.05859646420542388E-004
   11.000000000000000       1.64415570985140168E-004
   13.000000000000000      -1.74561897849458089E-005
   15.000000000000000       2.92031917019890304E-004
   17.000000000000000       2.24304171095179167E-003
   19.000000000000000       6.94605469837218138E-003
   21.000000000000000       1.85239688824157499E-002
   23.000000000000000       5.40643538802768331E-002
   25.000000000000000       9.35142814967564739E-002
   27.000000000000000       9.12400993513236974E-002
   29.000000000000000       5.68519445653285840E-002
   31.000000000000000       2.65839380911733619E-002
   33.000000000000000       1.06971813623538501E-002
   35.000000000000000       4.01546806647618514E-003
   37.000000000000000       1.46030018241660384E-003
   39.000000000000000       5.18728529982602602E-004
   41.000000000000000       1.90471630817959012E-004
   43.000000000000000       6.53292255795646145E-005
   45.000000000000000       1.70466084091389726E-005
   47.000000000000000       3.48260408246712734E-006
   49.000000000000000       5.95669038866972729E-007
   51.000000000000000       8.95725091357378998E-008
   53.000000000000000       1.22333089636525477E-008
   55.000000000000000       1.55117281966982205E-009
   57.000000000000000       1.85434466877669577E-010
   59.000000000000000       2.11323125835143384E-011
   61.000000000000000       2.31476790612689109E-012
   63.000000000000000       2.45244970258065078E-013
   65.000000000000000       2.52552582959044231E-014
   67.000000000000000       2.53776861967687988E-015
   69.000000000000000       2.49611655250908082E-016
   71.000000000000000       2.40939257412089266E-017
   73.000000000000000       2.28721345379661747E-018
   75.000000000000000       2.13913996452970695E-019
   77.000000000000000       1.97407218693322857E-020
   79.000000000000000       1.79986644820067926E-021
   81.000000000000000       1.62313630116555681E-022
   83.000000000000000       1.44919547075165114E-023
   85.000000000000000       1.28210235762160075E-024
   87.000000000000000       1.12477077952965602E-025
   89.000000000000000       9.79118209251002609E-027
   91.000000000000000       8.46229556259212994E-028
   93.000000000000000       7.26520778268913759E-029
   95.000000000000000       6.19891915309373769E-030
   97.000000000000000       5.25863384129730159E-031
   99.000000000000000       4.43692583246267845E-032
   101.00000000000000       3.72470154717854099E-033
   103.00000000000000       3.11196782054260634E-034
   105.00000000000000       2.58842335892994840E-035
   107.00000000000000       2.14389660338016329E-036
   109.00000000000000       1.76865452725286433E-037
   111.00000000000000       1.45360633835716016E-038
   113.00000000000000       1.19042416544961999E-039
   115.00000000000000       9.71600198604968714E-041
   117.00000000000000       7.90456857721977695E-042
   119.00000000000000       6.41123675943910093E-043
   121.00000000000000       5.18491887887398329E-044
   123.00000000000000       4.18155308019836041E-045
   125.00000000000000       3.36344016645892375E-046
   127.00000000000000       2.69855645493384323E-047
   129.00000000000000       2.15987653268210129E-048
   131.00000000000000       1.72472871427555159E-049
   133.00000000000000       1.37419743064080485E-050
   135.00000000000000       1.09258033057387123E-051
   137.00000000000000       8.66903171279499211E-053
   139.00000000000000       6.86492262685022426E-054
   141.00000000000000       5.42602008034150666E-055
   143.00000000000000       4.28093699942455604E-056
   145.00000000000000       3.37161896402554830E-057
   147.00000000000000       2.65224248660506222E-058
   149.00000000000000       2.24406800593795682E-059
   151.00000000000000       2.24406800593795682E-059
