  -1.0000000000000000      -5.26446566031644865E-006
   1.0000000000000000      -5.26446566031644865E-006
   3.0000000000000000      -1.98253241177903951E-006
   5.0000000000000000       4.20466407240022123E-005
   7.0000000000000000      -3.21361899047219038E-005
   9.0000000000000000      -6.91779806552566168E-005
   11.000000000000000       1.65643171177381310E-004
   13.000000000000000      -6.67694889870814955E-005
   15.000000000000000      -1.12465949611249364E-004
   17.000000000000000       5.42666460140622079E-006
   19.000000000000000       2.59979454985739540E-004
   21.000000000000000      -4.40863368414289063E-005
   23.000000000000000      -1.78906964020854867E-004
   25.000000000000000      -3.30882644616973685E-004
   27.000000000000000       3.62083158286321302E-004
   29.000000000000000       8.99384795203768346E-005
   31.000000000000000       6.15528123303809931E-004
   33.000000000000000      -2.53628873987353184E-004
   35.000000000000000      -2.20699326204127277E-004
   37.000000000000000       1.11219801605734502E-004
   39.000000000000000      -9.22126513157431912E-004
   41.000000000000000       4.17089271806861406E-004
   43.000000000000000       3.28277611303837982E-004
   45.000000000000000      -1.10125018720534521E-003
   47.000000000000000       7.62964613016958899E-004
   49.000000000000000       1.11537412103125937E-003
   51.000000000000000      -1.64777310414065069E-003
   53.000000000000000      -7.41673117477895777E-004
   55.000000000000000       2.56391456804535125E-003
   57.000000000000000       9.42704896802794073E-004
   59.000000000000000      -3.40744851297919687E-003
   61.000000000000000      -2.57601091014404053E-003
   63.000000000000000       3.32197689967463333E-003
   65.000000000000000       6.14838341434814899E-003
   67.000000000000000       1.16066181559465508E-003
   69.000000000000000      -7.24992327485596798E-003
   71.000000000000000      -1.20816878651878890E-002
   73.000000000000000      -9.60795887136931502E-003
   75.000000000000000       1.66964443353033562E-003
   77.000000000000000       2.30749943568793643E-002
   79.000000000000000       5.30880528777642122E-002
   81.000000000000000       8.00670333055008565E-002
   83.000000000000000       8.56216564999070229E-002
   85.000000000000000       6.69846033530399343E-002
   87.000000000000000       4.09343000191730935E-002
   89.000000000000000       2.12070520293763838E-002
   91.000000000000000       9.94188976453184124E-003
   93.000000000000000       4.38316286546734917E-003
   95.000000000000000       1.85253681007277893E-003
   97.000000000000000       7.57147015264107476E-004
   99.000000000000000       3.00315082737756262E-004
   101.00000000000000       1.15728479626215616E-004
   103.00000000000000       4.33252479969844622E-005
   105.00000000000000       1.57479871607513833E-005
   107.00000000000000       5.55358072215793503E-006
   109.00000000000000       1.89887777702089726E-006
   111.00000000000000       6.29205756295183006E-007
   113.00000000000000       2.02005433178586597E-007
   115.00000000000000       6.28377759251851711E-008
   117.00000000000000       1.89443099332443709E-008
   119.00000000000000       5.53776105107441460E-009
   121.00000000000000       1.57054722770789864E-009
   123.00000000000000       4.32456916314329488E-010
   125.00000000000000       1.15706630992635902E-010
   127.00000000000000       3.01070375274115690E-011
   129.00000000000000       7.62527161425664324E-012
   131.00000000000000       1.88151568159604985E-012
   133.00000000000000       4.52701590922852359E-013
   135.00000000000000       1.06303775437333588E-013
   137.00000000000000       2.43831623170442908E-014
   139.00000000000000       5.46760931338584922E-015
   141.00000000000000       1.19955595236129759E-015
   143.00000000000000       2.57691598271879452E-016
   145.00000000000000       5.42599889745245877E-017
   147.00000000000000       1.12845068145147779E-017
   149.00000000000000       2.71872665784314944E-018
   151.00000000000000       2.71872665784314944E-018
