   0.0000000000000000        1.0000000000000000     
   2.0000000000000000        1.0000000000000000     
   4.0000000000000000        1.0000000000000000     
   6.0000000000000000        1.0000000000000000     
   8.0000000000000000        1.0000000000000000     
   10.000000000000000        1.0000000000000000     
   12.000000000000000        1.0000000000000000     
   14.000000000000000        1.0000000000000000     
   16.000000000000000        1.0000000000000000     
   18.000000000000000        1.0000000000000000     
   20.000000000000000        1.0000000000000000     
   22.000000000000000        1.0000000000000000     
   24.000000000000000        1.0000000000000000     
   26.000000000000000        1.0000000000000000     
   28.000000000000000        1.0000000000000000     
   30.000000000000000        1.0000000000000000     
   32.000000000000000        1.0000000000000000     
   34.000000000000000        1.0000000000000000     
   36.000000000000000        1.0000000000000000     
   38.000000000000000        1.0000000000000000     
   40.000000000000000        1.0000000000000000     
   42.000000000000000        1.0000000000000000     
   44.000000000000000        1.0000000000000000     
   46.000000000000000        1.0000000000000000     
   48.000000000000000        1.0000000000000000     
   50.000000000000000        1.0000000000000000     
   52.000000000000000        1.0000000000000000     
   54.000000000000000        1.0000000000000000     
   56.000000000000000        1.0000000000000000     
   58.000000000000000        1.0000000000000000     
   60.000000000000000        1.0000000000000000     
   62.000000000000000        1.0000000000000000     
   64.000000000000000        1.0000000000000000     
   66.000000000000000        1.0000000000000000     
   68.000000000000000        1.0000000000000000     
   70.000000000000000        1.0000000000000000     
   72.000000000000000        1.0000000000000000     
   74.000000000000000        1.0000000000000000     
   76.000000000000000        1.0000000000000000     
   78.000000000000000        1.0000000000000000     
   80.000000000000000        1.0000000000000000     
   82.000000000000000        1.0000000000000000     
   84.000000000000000        1.0000000000000000     
   86.000000000000000        1.0000000000000000     
   88.000000000000000        1.0000000000000000     
   90.000000000000000        1.0000000000000000     
   92.000000000000000        1.0000000000000000     
   94.000000000000000        1.0000000000000000     
   96.000000000000000        1.0000000000000000     
   98.000000000000000        1.0000000000000000     
   100.00000000000000        1.0000000000000000     
   102.00000000000000        1.0000000000000000     
   104.00000000000000        1.0000000000000000     
   106.00000000000000        1.0000000000000000     
   108.00000000000000        1.0000000000000000     
   110.00000000000000        1.0000000000000000     
   112.00000000000000        1.0000000000000000     
   114.00000000000000        1.0000000000000000     
   116.00000000000000        1.0000000000000000     
   118.00000000000000        1.0000000000000000     
   120.00000000000000        1.0000000000000000     
   122.00000000000000        1.0000000000000000     
   124.00000000000000        1.0000000000000000     
   126.00000000000000        1.0000000000000000     
   128.00000000000000        1.0000000000000000     
   130.00000000000000        1.0000000000000000     
   132.00000000000000        1.0000000000000000     
   134.00000000000000        1.0000000000000000     
   136.00000000000000        1.0000000000000000     
   138.00000000000000        1.0000000000000000     
   140.00000000000000        1.0000000000000000     
   142.00000000000000        1.0000000000000000     
   144.00000000000000        1.0000000000000000     
   146.00000000000000        1.0000000000000000     
   148.00000000000000        1.0000000000000000     
   150.00000000000000        1.0000000000000000     
