   0.0000000000000000        0.0000000000000000     
   2.0000000000000000       2.17641459243511355E-004
   4.0000000000000000       4.62818980186758297E-004
   6.0000000000000000       5.12050905512850146E-004
   8.0000000000000000       1.23880377399636702E-004
   10.000000000000000      -3.40266614639796183E-004
   12.000000000000000      -2.75687729315424830E-004
   14.000000000000000       4.07321758374704546E-005
   16.000000000000000       4.87544162248980547E-005
   18.000000000000000      -8.49267397021813902E-005
   20.000000000000000       1.95821572751063151E-004
   22.000000000000000      -1.11504205348416773E-004
   24.000000000000000       8.97949363367251969E-005
   26.000000000000000       2.35480419473444152E-003
   28.000000000000000      -4.67208078594770384E-004
   30.000000000000000       1.72227888004146922E-003
   32.000000000000000       2.43888384373211996E-002
   34.000000000000000       6.29235744197292057E-002
   36.000000000000000       8.97883717659751918E-002
   38.000000000000000       8.22480606019993926E-002
   40.000000000000000       5.30024956736775132E-002
   42.000000000000000       2.67256400145035392E-002
   44.000000000000000       1.16138378416781943E-002
   46.000000000000000       4.63138068616611703E-003
   48.000000000000000       1.76183676877382728E-003
   50.000000000000000       6.53901253775008087E-004
   52.000000000000000       2.35819183419807269E-004
   54.000000000000000       8.05825095806140829E-005
   56.000000000000000       2.54573021384815417E-005
   58.000000000000000       7.34394067863513883E-006
   60.000000000000000       1.93199443383347313E-006
   62.000000000000000       4.65734058358848081E-007
   64.000000000000000       1.03636262480641090E-007
   66.000000000000000       2.14556310973010654E-008
   68.000000000000000       4.16367495564267033E-009
   70.000000000000000       7.62530784999031717E-010
   72.000000000000000       1.32580116943856724E-010
   74.000000000000000       2.19992524386414222E-011
   76.000000000000000       3.49961923583538015E-012
   78.000000000000000       5.35841910224223742E-013
   80.000000000000000       7.92421386361468295E-014
   82.000000000000000       1.13525382193602220E-014
   84.000000000000000       1.57979713712760882E-015
   86.000000000000000       2.14042271299979622E-016
   88.000000000000000       2.82936940018921065E-017
   90.000000000000000       3.65572725301600467E-018
   92.000000000000000       4.62453532781643409E-019
   94.000000000000000       5.73606877039747434E-020
   96.000000000000000       6.98537413265101971E-021
   98.000000000000000       8.36209065102383156E-022
   100.00000000000000       9.85057165459164368E-023
   102.00000000000000       1.14302968746420552E-023
   104.00000000000000       1.30765454020677973E-024
   106.00000000000000       1.47612820630078109E-025
   108.00000000000000       1.64541981161814066E-026
   110.00000000000000       1.81238408462764030E-027
   112.00000000000000       1.97387656969666550E-028
   114.00000000000000       2.12686484566124795E-029
   116.00000000000000       2.26853027590222450E-030
   118.00000000000000       2.39635586894617756E-031
   120.00000000000000       2.50819704407996300E-032
   122.00000000000000       2.60233336534383115E-033
   124.00000000000000       2.67750053426998172E-034
   126.00000000000000       2.73290304077499665E-035
   128.00000000000000       2.76820880823859876E-036
   130.00000000000000       2.78352790026020965E-037
   132.00000000000000       2.77937787010513719E-038
   134.00000000000000       2.75663863365159048E-039
   136.00000000000000       2.71649985025466896E-040
   138.00000000000000       2.66040373027666729E-041
   140.00000000000000       2.58998598551352175E-042
   142.00000000000000       2.50701731954909197E-043
   144.00000000000000       2.41334587949535787E-044
   146.00000000000000       2.31066919390989983E-045
   148.00000000000000       2.18170830880199566E-046
   150.00000000000000        0.0000000000000000     
