   0.0000000000000000        0.0000000000000000     
   2.0000000000000000       1.81323343364654091E-004
   4.0000000000000000      -2.37295261076114717E-005
   6.0000000000000000      -3.03700390072295058E-004
   8.0000000000000000      -1.40148135390176271E-004
   10.000000000000000       1.64243375806411929E-004
   12.000000000000000       9.28707081760376651E-005
   14.000000000000000      -6.26760331587476873E-005
   16.000000000000000       6.92586710124781324E-005
   18.000000000000000      -7.74685031229718302E-005
   20.000000000000000       1.37563028100758832E-004
   22.000000000000000      -2.86511306758581788E-004
   24.000000000000000       5.97972133622027288E-004
   26.000000000000000      -7.52711462317585348E-004
   28.000000000000000       1.25806908780497695E-004
   30.000000000000000       2.77916018942285861E-003
   32.000000000000000      -1.18696865357568321E-003
   34.000000000000000      -3.73205292319922066E-003
   36.000000000000000       9.81879185615021355E-003
   38.000000000000000       4.21802680681275452E-002
   40.000000000000000       7.77917380788154256E-002
   42.000000000000000       8.95654915580008509E-002
   44.000000000000000       7.02850990430515382E-002
   46.000000000000000       4.10658215483976907E-002
   48.000000000000000       1.97164298735226541E-002
   50.000000000000000       8.41175105142698970E-003
   52.000000000000000       3.35147020851019181E-003
   54.000000000000000       1.28279769681566682E-003
   56.000000000000000       4.76339792966701302E-004
   58.000000000000000       1.70499149631712248E-004
   60.000000000000000       5.79860985825620594E-005
   62.000000000000000       1.84953337836837216E-005
   64.000000000000000       5.49236914520768858E-006
   66.000000000000000       1.51580653230676901E-006
   68.000000000000000       3.89543232292767360E-007
   70.000000000000000       9.35844244778942176E-008
   72.000000000000000       2.11182918258279020E-008
   74.000000000000000       4.49847543917522019E-009
   76.000000000000000       9.08845408065469129E-010
   78.000000000000000       1.74925757784134841E-010
   80.000000000000000       3.22038444274974468E-011
   82.000000000000000       5.69156657935818260E-012
   84.000000000000000       9.68822802141241134E-013
   86.000000000000000       1.59300085384050473E-013
   88.000000000000000       2.53679386895250020E-014
   90.000000000000000       3.92168612229766856E-015
   92.000000000000000       5.89788444791484291E-016
   94.000000000000000       8.64532711670199135E-017
   96.000000000000000       1.23729679136543735E-017
   98.000000000000000       1.73160285455134987E-018
   100.00000000000000       2.37310390473600565E-019
   102.00000000000000       3.18886432757408497E-020
   104.00000000000000       4.20643208107957408E-021
   106.00000000000000       5.45273514035361867E-022
   108.00000000000000       6.95285069988779953E-023
   110.00000000000000       8.72870844280816085E-024
   112.00000000000000       1.07977977322831328E-024
   114.00000000000000       1.31719521117933028E-025
   116.00000000000000       1.58562827424546099E-026
   118.00000000000000       1.88483255595307557E-027
   120.00000000000000       2.21374556275226294E-028
   122.00000000000000       2.57046073851091703E-029
   124.00000000000000       2.95223223970045452E-030
   126.00000000000000       3.35551281741358568E-031
   128.00000000000000       3.77602338773325564E-032
   130.00000000000000       4.20885124555287915E-033
   132.00000000000000       4.64857249594558531E-034
   134.00000000000000       5.08939321324621162E-035
   136.00000000000000       5.52530313451961422E-036
   138.00000000000000       5.95023536605587097E-037
   140.00000000000000       6.35822561702474284E-038
   142.00000000000000       6.74356476311050955E-039
   144.00000000000000       7.10093141015741397E-040
   146.00000000000000       7.42472476220426479E-041
   148.00000000000000       7.63159931525558544E-042
   150.00000000000000        0.0000000000000000     
