   0.0000000000000000        0.0000000000000000     
   2.0000000000000000      -6.85837855856651296E-004
   4.0000000000000000      -5.83133448077099948E-004
   6.0000000000000000      -1.15816371997780402E-004
   8.0000000000000000      -2.09688635009367763E-006
   10.000000000000000      -2.50366599748302543E-005
   12.000000000000000       1.17045029205412545E-004
   14.000000000000000       9.69995658121462111E-005
   16.000000000000000      -6.38882792364993971E-006
   18.000000000000000       1.12885373172563449E-004
   20.000000000000000      -1.29865675615543604E-004
   22.000000000000000       1.90733205635387195E-004
   24.000000000000000      -1.48897730792705478E-004
   26.000000000000000      -1.37616940239939582E-004
   28.000000000000000       8.20330456530342692E-004
   30.000000000000000      -1.30247425366805886E-003
   32.000000000000000       2.60675557972119172E-005
   34.000000000000000       3.31362650678275602E-003
   36.000000000000000      -5.49542857424730261E-004
   38.000000000000000      -6.13636039900744036E-003
   40.000000000000000      -1.15766784270388001E-004
   42.000000000000000       2.36602694875146548E-002
   44.000000000000000       5.93833932066942100E-002
   46.000000000000000       8.61613365304877699E-002
   48.000000000000000       8.33642835715451697E-002
   50.000000000000000       5.77104217950934126E-002
   52.000000000000000       3.12510274392099816E-002
   54.000000000000000       1.44603565652593573E-002
   56.000000000000000       6.09290878477224476E-003
   58.000000000000000       2.42703101539070831E-003
   60.000000000000000       9.30886271956036593E-004
   62.000000000000000       3.45282464656590038E-004
   64.000000000000000       1.23240377869553917E-004
   66.000000000000000       4.19630231623756408E-005
   68.000000000000000       1.35251214051755534E-005
   70.000000000000000       4.10693973378016440E-006
   72.000000000000000       1.17302209419391689E-006
   74.000000000000000       3.15386610637435814E-007
   76.000000000000000       8.00046104936777964E-008
   78.000000000000000       1.92066951273503050E-008
   80.000000000000000       4.37856099904997783E-009
   82.000000000000000       9.51148266979937440E-010
   84.000000000000000       1.97538991818306118E-010
   86.000000000000000       3.93470853372008771E-011
   88.000000000000000       7.53871181945173222E-012
   90.000000000000000       1.39307644560276434E-012
   92.000000000000000       2.48894681153545499E-013
   94.000000000000000       4.30919119059192421E-014
   96.000000000000000       7.24446262519198637E-015
   98.000000000000000       1.18483908154549241E-015
   100.00000000000000       1.88841312059246539E-016
   102.00000000000000       2.93762852371106088E-017
   104.00000000000000       4.46662295765191294E-018
   106.00000000000000       6.64680487597376026E-019
   108.00000000000000       9.69214758488556052E-020
   110.00000000000000       1.38637596779710248E-020
   112.00000000000000       1.94732651303070134E-021
   114.00000000000000       2.68845140368273123E-022
   116.00000000000000       3.65131679284581536E-023
   118.00000000000000       4.88237643043014607E-024
   120.00000000000000       6.43239627620440882E-025
   122.00000000000000       8.35558058464208089E-026
   124.00000000000000       1.07083984323336417E-026
   126.00000000000000       1.35481269326555269E-027
   128.00000000000000       1.69311451255555457E-028
   130.00000000000000       2.09110295166479121E-029
   132.00000000000000       2.55365172653926200E-030
   134.00000000000000       3.08494150038092254E-031
   136.00000000000000       3.68825393282950419E-032
   138.00000000000000       4.36577785430013197E-033
   140.00000000000000       5.11843639378765418E-034
   142.00000000000000       5.94574314758990905E-035
   144.00000000000000       6.84568209681950062E-036
   146.00000000000000       7.81348275911874261E-037
   148.00000000000000       8.73683054288093300E-038
   150.00000000000000        0.0000000000000000     
