   0.0000000000000000        0.0000000000000000     
   2.0000000000000000      -3.58604390499625688E-004
   4.0000000000000000       2.02472565406184717E-005
   6.0000000000000000       4.20832156347909390E-004
   8.0000000000000000       2.93376167650861324E-004
   10.000000000000000       6.51332032137007916E-006
   12.000000000000000      -2.92031944693250597E-004
   14.000000000000000      -3.90569911055279240E-004
   16.000000000000000      -1.39731070215551290E-004
   18.000000000000000      -1.43118102691724882E-004
   20.000000000000000       1.89675847202660039E-004
   22.000000000000000      -1.00201076465443649E-004
   24.000000000000000       2.76256553230074388E-004
   26.000000000000000      -1.17210835014725493E-004
   28.000000000000000      -3.96241638606137565E-005
   30.000000000000000       5.23273802972001705E-004
   32.000000000000000      -9.04804525215227150E-004
   34.000000000000000       5.04272196028232762E-004
   36.000000000000000       1.08711257280895142E-003
   38.000000000000000      -1.96025008407650202E-003
   40.000000000000000      -8.80810940343485687E-004
   42.000000000000000       3.77170617513230329E-003
   44.000000000000000       2.39062054059323596E-003
   46.000000000000000      -5.19006528790445266E-003
   48.000000000000000      -8.90336536820555621E-003
   50.000000000000000      -6.59954952092279071E-004
   52.000000000000000       2.21069164800044120E-002
   54.000000000000000       5.52254056714244976E-002
   56.000000000000000       8.24515577121384957E-002
   58.000000000000000       8.41883093581441977E-002
   60.000000000000000       6.21111332748408990E-002
   62.000000000000000       3.57426088500608780E-002
   64.000000000000000       1.74470913450484912E-002
   66.000000000000000       7.70276301261051816E-003
   68.000000000000000       3.19559351984582095E-003
   70.000000000000000       1.26999729945438981E-003
   72.000000000000000       4.87267519180111495E-004
   74.000000000000000       1.80675039935111059E-004
   76.000000000000000       6.45831023868579317E-005
   78.000000000000000       2.21735834426371420E-005
   80.000000000000000       7.28788966935775097E-006
   82.000000000000000       2.28791848369825581E-006
   84.000000000000000       6.85358369350618387E-007
   86.000000000000000       1.95916862670366461E-007
   88.000000000000000       5.34929643475902697E-008
   90.000000000000000       1.39709236484325352E-008
   92.000000000000000       3.49650501408674026E-009
   94.000000000000000       8.40184989539271965E-010
   96.000000000000000       1.94233643613913676E-010
   98.000000000000000       4.32866625120768134E-011
   100.00000000000000       9.31772258738061688E-012
   102.00000000000000       1.94088817088295930E-012
   104.00000000000000       3.91915510630980705E-013
   106.00000000000000       7.68433681335098521E-014
   108.00000000000000       1.46526983715680073E-014
   110.00000000000000       2.72117859769748229E-015
   112.00000000000000       4.92848352377073395E-016
   114.00000000000000       8.71635857206326615E-017
   116.00000000000000       1.50707117068346185E-017
   118.00000000000000       2.55026924075121584E-018
   120.00000000000000       4.22801474451163129E-019
   122.00000000000000       6.87385047628609842E-020
   124.00000000000000       1.09689329889637093E-020
   126.00000000000000       1.71945883235296889E-021
   128.00000000000000       2.64985089152514330E-022
   130.00000000000000       4.01764079544147304E-023
   132.00000000000000       5.99706586854087782E-024
   134.00000000000000       8.81869677428627155E-025
   136.00000000000000       1.27829446840311479E-025
   138.00000000000000       1.82753551283303652E-026
   140.00000000000000       2.57835256844320250E-027
   142.00000000000000       3.59153546036904449E-028
   144.00000000000000       4.94179482529755537E-029
   146.00000000000000       6.71778185284642767E-030
   148.00000000000000       8.87598450493104811E-031
   150.00000000000000        0.0000000000000000     
