  0.  0.
  0.5 -9.63147617E-11
  1. -2.18346716E-10
  1.5 -3.98234307E-10
  2. -6.82435553E-10
  2.5 -1.14288623E-09
  3. -1.89386884E-09
  3.5 -3.11818837E-09
  4. -5.1080784E-09
  4.5 -8.32906899E-09
  5. -1.35192932E-08
  5.5 -2.18430714E-08
  6. -3.5126984E-08
  6.5 -5.62204718E-08
  7. -8.95429935E-08
  7.5 -1.41908686E-07
  8. -2.23760935E-07
  8.5 -3.51007571E-07
  9. -5.47730338E-07
  9.5 -8.50157221E-07
  10. -1.31244587E-06
  10.5 -2.01504895E-06
  11. -3.07673349E-06
  11.5 -4.67174732E-06
  12. -7.05419552E-06
  12.5 -1.05924828E-05
  13. -1.58177754E-05
  13.5 -2.34919535E-05
  14. -3.47026653E-05
  14.5 -5.09961392E-05
  15. -7.45627112E-05
  15.5 -0.000108496213
  16. -0.00015715709
  16.5 -0.000226681994
  17. -0.000325699919
  17.5 -0.000466340338
  18. -0.000665653031
  18.5 -0.000947604945
  19. -0.00134587893
  19.5 -0.00190777273
  20. -0.00269957632
  20.5 -0.00381387677
  21. -0.00537926424
  21.5 -0.00757278688
  22. -0.0106350621
  22.5 -0.0148868486
  23. -0.0207435116
  23.5 -0.0287192948
  24. -0.0394055322
  24.5 -0.0533958115
  25. -0.0711195841
  25.5 -0.0925470144
  26. -0.116770796
  26.5 -0.141594246
  27. -0.163451448
  27.5 -0.178080365
  28. -0.18202956
  28.5 -0.174272925
  29. -0.156746387
  29.5 -0.133356124
  30. -0.108272627
  30.5 -0.0846562758
  31. -0.0642606467
  31.5 -0.0476626307
  32. -0.034702085
  32.5 -0.0248737559
  33. -0.0175855774
  33.5 -0.0122863026
  34. -0.00850157905
  34.5 -0.00583901349
  35. -0.00400632899
  35.5 -0.00279865926
  36. -0.00201573479
  36.5 -0.00152422767
  37. -0.00121242262
  37.5 -0.00100047095
  38. -0.000809912337
  38.5 -0.000617004756
  39. -0.000418773969
  39.5 -0.000227791956
  40. -7.02698162E-05
  40.5  2.60872694E-05
  41.  4.92151958E-05
  41.5  1.31114175E-05
  42. -4.55636036E-05
  42.5 -8.46955954E-05
  43. -7.87001336E-05
  43.5 -3.32393975E-05
  44.  1.94462882E-05
  44.5  4.37163326E-05
  45.  3.12862467E-05
  45.5  6.25646862E-06
  46. -5.62395553E-06
  46.5  4.79272012E-06
  47.  1.83036827E-05
  47.5  1.99363385E-05
  48.  1.12777252E-05
  48.5  4.36809796E-06
  49.  2.71758654E-06
  49.5  8.2326801E-07
  50. -3.50097844E-06
  50.5 -7.78574395E-06
  51. -9.04532681E-06
  51.5 -6.73446539E-06
  52. -3.89856132E-06
  52.5 -2.82666861E-06
  53. -5.90963509E-07
  53.5  6.97598443E-06
  54.  1.57561444E-05
  54.5  1.88793674E-05
  55.  8.56021779E-06
  55.5 -1.86707366E-05
  56. -4.63045362E-05
  56.5 -4.7293579E-05
  57. -9.49257083E-06
  57.5  5.18958914E-05
  58.  0.000100621379
  58.5  0.000101427235
  59.  4.31986336E-05
  59.5 -5.33246639E-05
  60. -0.000148440828
  60.5 -0.000204793658
  61. -0.00019822098
  61.5 -0.000115395436
  62.  3.92949878E-05
  62.5  0.000218549205
  63.  0.000351043476
  63.5  0.000438237679
  64.  0.000448766281
  64.5  0.000381756836
  65.  0.000248062657
  65.5  9.57117154E-05
  66. -6.60075602E-05
  66.5 -0.0002148161
  67. -0.000325446017
  67.5 -0.000388245273
  68. -0.000407507032
  68.5 -0.000391967798
  69. -0.000349887938
  69.5 -0.000289175543
  70. -0.000218365691
  70.5 -0.000146159291
  71. -7.99275513E-05
  71.5 -2.44650873E-05
  72.  1.82882031E-05
  72.5  4.86547797E-05
  73.  6.82637983E-05
  73.5  7.91968923E-05
  74.  8.34562379E-05
  74.5  8.27493859E-05
  75.  7.84749718E-05
  75.5  7.17849762E-05
  76.  6.36445984E-05
  76.5  5.48609278E-05
  77.  4.60855954E-05
  77.5  3.78083605E-05
  78.  3.03565939E-05
  78.5  2.39077435E-05
  79.  1.85139979E-05
  79.5  1.41342989E-05
  80.  1.06674834E-05
  80.5  7.98170186E-06
  81.  5.93723007E-06
  81.5  4.40192525E-06
  82.  3.25998462E-06
  82.5  2.41547127E-06
  83.  1.79229198E-06
  83.5  1.33210824E-06
  84.  9.9133922E-07
  84.5  7.38025165E-07
  85.  5.48989021E-07
  85.5  4.07491029E-07
  86.  3.0141004E-07
  86.5  2.21899512E-07
  87.  1.6242916E-07
  87.5  1.18118365E-07
  88.  8.52784723E-08
  88.5  6.10985893E-08
  89.  4.34271925E-08
  89.5  3.06165759E-08
  90.  2.14085034E-08
  90.5  1.48476236E-08
  91.  1.02141335E-08
  91.5  6.97064984E-09
  92.  4.71997641E-09
  92.5  3.17160409E-09
  93.  2.11531592E-09
  93.5  1.40060896E-09
  94.  9.20860499E-10
  94.5  6.01305339E-10
  95.  3.9003667E-10
  95.5  2.51361432E-10
  96.  1.60960995E-10
  96.5  1.02410871E-10
  97.  6.47087245E-11
  97.5  4.0537837E-11
  98.  2.50595343E-11
  98.5  1.50798592E-11
  99.  8.4763082E-12
  99.5  3.80118029E-12
  100.  0.
