   0.0000000000000000        0.0000000000000000     
   2.0000000000000000       2.19405120062443593E-004
   4.0000000000000000      -4.79791935730205371E-005
   6.0000000000000000      -2.39063783585857683E-004
   8.0000000000000000      -4.97732273327819387E-005
   10.000000000000000       2.47786902160389581E-004
   12.000000000000000       4.29496388827327997E-004
   14.000000000000000       8.53644113819155843E-005
   16.000000000000000      -1.97569091408440826E-004
   18.000000000000000      -3.55648032302374175E-004
   20.000000000000000      -2.48404557633869556E-004
   22.000000000000000      -1.45011142154647006E-004
   24.000000000000000       1.20040050093658641E-004
   26.000000000000000      -1.63250313707993756E-004
   28.000000000000000       4.68679513615296076E-004
   30.000000000000000      -4.35909429110056194E-004
   32.000000000000000       3.06750210610905346E-004
   34.000000000000000       4.29420397406848225E-004
   36.000000000000000      -1.13989132486045155E-003
   38.000000000000000       7.16484794366059130E-004
   40.000000000000000       1.31173771857611972E-003
   42.000000000000000      -2.04479590328288888E-003
   44.000000000000000      -1.59323863580403645E-003
   46.000000000000000       3.43973688965649744E-003
   48.000000000000000       3.83962422840091432E-003
   50.000000000000000      -3.15925866150923093E-003
   52.000000000000000      -9.50187654021695735E-003
   54.000000000000000      -6.85087446580997725E-003
   56.000000000000000       8.52386415058482318E-003
   58.000000000000000       3.64601073929313318E-002
   60.000000000000000       6.87013202200074391E-002
   62.000000000000000       8.61197954106079355E-002
   64.000000000000000       7.63358936196968374E-002
   66.000000000000000       5.06822488019619335E-002
   68.000000000000000       2.73111182060704963E-002
   70.000000000000000       1.28847601147681103E-002
   72.000000000000000       5.60442616913211546E-003
   74.000000000000000       2.31272674383402668E-003
   76.000000000000000       9.17864917025588934E-004
   78.000000000000000       3.52155876211331727E-004
   80.000000000000000       1.30682978891291993E-004
   82.000000000000000       4.68231021507195801E-005
   84.000000000000000       1.61570682247420837E-005
   86.000000000000000       5.35705331787745147E-006
   88.000000000000000       1.70395117738961985E-006
   90.000000000000000       5.19550980294828900E-007
   92.000000000000000       1.51860862373201964E-007
   94.000000000000000       4.25778225740169720E-008
   96.000000000000000       1.14632029056178815E-008
   98.000000000000000       2.96759553244096585E-009
   100.00000000000000       7.39852723133396145E-010
   102.00000000000000       1.77921940643329873E-010
   104.00000000000000       4.13398195171412878E-011
   106.00000000000000       9.29533319845804523E-012
   108.00000000000000       2.02581986486009075E-012
   110.00000000000000       4.28579075228153567E-013
   112.00000000000000       8.81411928040873884E-014
   114.00000000000000       1.76455525529576857E-014
   116.00000000000000       3.44316016597453046E-015
   118.00000000000000       6.55645886424058871E-016
   120.00000000000000       1.21973246805580433E-016
   122.00000000000000       2.21924819067437133E-017
   124.00000000000000       3.95300841053661918E-018
   126.00000000000000       6.89982452805233333E-019
   128.00000000000000       1.18118994256907205E-019
   130.00000000000000       1.98487206321497977E-020
   132.00000000000000       3.27653223856470976E-021
   134.00000000000000       5.31720579138027090E-022
   136.00000000000000       8.48865440849067698E-023
   138.00000000000000       1.33402049449126293E-023
   140.00000000000000       2.06500066030041053E-024
   142.00000000000000       3.15037792573642773E-025
   144.00000000000000       4.73939750013086118E-026
   146.00000000000000       7.03154732761622230E-027
   148.00000000000000       1.00931759326827751E-027
   150.00000000000000        0.0000000000000000     
