   0.0000000000000000        0.0000000000000000     
   2.0000000000000000      -9.72453885028923406E-005
   4.0000000000000000       4.55227181735878893E-006
   6.0000000000000000       1.19791173332283021E-004
   8.0000000000000000       6.07182959179176083E-005
   10.000000000000000      -2.08272329869356942E-004
   12.000000000000000      -2.03437703664029467E-004
   14.000000000000000       2.56338804058918999E-004
   16.000000000000000       3.24099969960411362E-004
   18.000000000000000       3.18382954527710212E-004
   20.000000000000000      -2.31844838414749287E-004
   22.000000000000000      -1.48020656034317754E-004
   24.000000000000000      -5.00606935104554889E-004
   26.000000000000000       6.28779987983349610E-005
   28.000000000000000      -2.18578723973201681E-004
   30.000000000000000       4.84062118639152703E-005
   32.000000000000000       4.12013416947809856E-004
   34.000000000000000      -6.25574150759483291E-004
   36.000000000000000       6.36754385426444892E-004
   38.000000000000000       3.06947668701718361E-004
   40.000000000000000      -1.32510373153053515E-003
   42.000000000000000       8.08449879008594574E-004
   44.000000000000000       1.61453083947650684E-003
   46.000000000000000      -1.93739209314425969E-003
   48.000000000000000      -2.34004387342877287E-003
   50.000000000000000       2.69851606668004623E-003
   52.000000000000000       4.89716241186307581E-003
   54.000000000000000      -7.55928672676542401E-004
   56.000000000000000      -8.53065413617632232E-003
   58.000000000000000      -1.00976062058118921E-002
   60.000000000000000      -1.03391089067766603E-003
   62.000000000000000       2.01379099114129892E-002
   64.000000000000000       5.08979750512466994E-002
   66.000000000000000       7.85739360901420852E-002
   68.000000000000000       8.45259303363074255E-002
   70.000000000000000       6.61613887908062137E-002
   72.000000000000000       4.02401204072904695E-002
   74.000000000000000       2.05947329815230930E-002
   76.000000000000000       9.46823393344544545E-003
   78.000000000000000       4.07199969339690215E-003
   80.000000000000000       1.67319783752995421E-003
   82.000000000000000       6.63246722276776297E-004
   84.000000000000000       2.54504640523581021E-004
   86.000000000000000       9.45610319852872806E-005
   88.000000000000000       3.39752053230939211E-005
   90.000000000000000       1.17834658879874655E-005
   92.000000000000000       3.93857821264541372E-006
   94.000000000000000       1.26725665559448194E-006
   96.000000000000000       3.92289351743186393E-007
   98.000000000000000       1.16833111355209702E-007
   100.00000000000000       3.34923324411669393E-008
   102.00000000000000       9.24912500270486980E-009
   104.00000000000000       2.46317308575396383E-009
   106.00000000000000       6.33374520333788500E-010
   108.00000000000000       1.57459634872994192E-010
   110.00000000000000       3.78974176571259479E-011
   112.00000000000000       8.84243287644159967E-012
   114.00000000000000       2.00279364959729095E-012
   116.00000000000000       4.40927016566394054E-013
   118.00000000000000       9.44726024750050830E-014
   120.00000000000000       1.97229807568685030E-014
   122.00000000000000       4.01661849356735331E-015
   124.00000000000000       7.98800921163618464E-016
   126.00000000000000       1.55292360874349292E-016
   128.00000000000000       2.95402776751020139E-017
   130.00000000000000       5.50336245674320066E-018
   132.00000000000000       1.00499682420171399E-018
   134.00000000000000       1.80043435691957560E-019
   136.00000000000000       3.16664343372913215E-020
   138.00000000000000       5.47198600360099573E-021
   140.00000000000000       9.29633975004574770E-022
   142.00000000000000       1.55374949258228377E-022
   144.00000000000000       2.55629982958824984E-023
   146.00000000000000       4.14013277203559818E-024
   148.00000000000000       6.45405085185202691E-025
   150.00000000000000        0.0000000000000000     
