   0.0000000000000000        0.0000000000000000     
   2.0000000000000000      -6.75163766462194169E-006
   4.0000000000000000       5.99370570139768244E-005
   6.0000000000000000      -5.51901472942521178E-005
   8.0000000000000000      -1.04984679739233416E-004
   10.000000000000000       1.85919837602020911E-004
   12.000000000000000       8.07424301140684193E-005
   14.000000000000000      -1.89376537614100208E-004
   16.000000000000000      -2.13139747687343103E-004
   18.000000000000000       6.97062693779617091E-005
   20.000000000000000       4.05953372047185507E-004
   22.000000000000000       2.74301076443632147E-004
   24.000000000000000       9.46691893939701465E-006
   26.000000000000000      -1.82779327814438727E-004
   28.000000000000000      -4.91047495500780045E-004
   30.000000000000000       1.19533184576144119E-004
   32.000000000000000      -5.21988817492332648E-004
   34.000000000000000       3.30901168097615073E-004
   36.000000000000000       2.06153924135268733E-004
   38.000000000000000      -7.01061419752858558E-004
   40.000000000000000       8.98972668890842181E-004
   42.000000000000000       2.29697110584278774E-004
   44.000000000000000      -1.49892924505067287E-003
   46.000000000000000       7.78098546751988590E-004
   48.000000000000000       1.95836659361433348E-003
   50.000000000000000      -1.62020400953873447E-003
   52.000000000000000      -3.00653337112634367E-003
   54.000000000000000       1.61587330699939410E-003
   56.000000000000000       5.40157804179798758E-003
   58.000000000000000       1.63913988048920711E-003
   60.000000000000000      -6.52889462060052793E-003
   62.000000000000000      -1.11501585261822300E-002
   64.000000000000000      -7.15477967403707702E-003
   66.000000000000000       7.50973399942104873E-003
   68.000000000000000       3.31481603245757234E-002
   70.000000000000000       6.40311043896186205E-002
   72.000000000000000       8.38673416434473906E-002
   74.000000000000000       7.86199550713804068E-002
   76.000000000000000       5.52380244377619900E-002
   78.000000000000000       3.12762867477379067E-002
   80.000000000000000       1.53787985914568201E-002
   82.000000000000000       6.93261038792255223E-003
   84.000000000000000       2.95562947677429364E-003
   86.000000000000000       1.21031192264380093E-003
   88.000000000000000       4.79287343747563082E-004
   90.000000000000000       1.83975546092749999E-004
   92.000000000000000       6.84578969132658785E-005
   94.000000000000000       2.46700067448244113E-005
   96.000000000000000       8.59890845670688894E-006
   98.000000000000000       2.89561953721265683E-006
   100.00000000000000       9.41254546001959678E-007
   102.00000000000000       2.95234062880393017E-007
   104.00000000000000       8.93563189355570339E-008
   106.00000000000000       2.61062130211717348E-008
   108.00000000000000       7.36724503433444767E-009
   110.00000000000000       2.00993501420360624E-009
   112.00000000000000       5.30651532515837174E-010
   114.00000000000000       1.35725290294655009E-010
   116.00000000000000       3.36689915643617808E-011
   118.00000000000000       8.10995693252935998E-012
   120.00000000000000       1.89899844841372265E-012
   122.00000000000000       4.32750297749400558E-013
   124.00000000000000       9.60797595706940051E-014
   126.00000000000000       2.08049330949054594E-014
   128.00000000000000       4.39825164133156144E-015
   130.00000000000000       9.08642592012694227E-016
   132.00000000000000       1.83613898553772036E-016
   134.00000000000000       3.63243681777726562E-017
   136.00000000000000       7.04096458864898622E-018
   138.00000000000000       1.33829209397937575E-018
   140.00000000000000       2.49620213118284928E-019
   142.00000000000000       4.57221880890990720E-020
   144.00000000000000       8.22954193286220842E-021
   146.00000000000000       1.45535725340995808E-021
   148.00000000000000       2.46306595755908051E-022
   150.00000000000000        0.0000000000000000     
