   0.0000000000000000        0.0000000000000000     
   2.0000000000000000      -2.01281163948514066E-005
   4.0000000000000000      -5.04115139390458913E-005
   6.0000000000000000      -9.84526298489391840E-005
   8.0000000000000000      -1.37248127278546180E-004
   10.000000000000000      -4.54359673562101647E-005
   12.000000000000000       3.50683059887122513E-004
   14.000000000000000       9.48905930509570759E-004
   16.000000000000000       1.48377334483721008E-003
   18.000000000000000       3.15881430912452309E-003
   20.000000000000000       8.16353491128259806E-003
   22.000000000000000       2.51025725924219519E-002
   24.000000000000000       6.41777473629335654E-002
   26.000000000000000       9.34324056935934288E-002
   28.000000000000000       8.13794005382169339E-002
   30.000000000000000       4.79852627661997780E-002
   32.000000000000000       2.20506645314090428E-002
   34.000000000000000       8.84932074612016298E-003
   36.000000000000000       3.32149445097839995E-003
   38.000000000000000       1.21256340639964814E-003
   40.000000000000000       4.31413698417785368E-004
   42.000000000000000       1.58718132209814406E-004
   44.000000000000000       5.17836667607439498E-005
   46.000000000000000       1.34045629081591372E-005
   48.000000000000000       2.82317776360319613E-006
   50.000000000000000       5.07229397409633080E-007
   52.000000000000000       8.07441711476003580E-008
   54.000000000000000       1.17024236397849594E-008
   56.000000000000000       1.57447732961677076E-009
   58.000000000000000       1.99448508061322477E-010
   60.000000000000000       2.40397031665131100E-011
   62.000000000000000       2.77915411512913610E-012
   64.000000000000000       3.10090703962630176E-013
   66.000000000000000       3.35584597532043142E-014
   68.000000000000000       3.53654335930717646E-015
   70.000000000000000       3.64107526621317189E-016
   72.000000000000000       3.67214807769686980E-017
   74.000000000000000       3.63601733108880761E-018
   76.000000000000000       3.54136707089280007E-019
   78.000000000000000       3.39826786278812854E-020
   80.000000000000000       3.21728531770551348E-021
   82.000000000000000       3.00877295160689597E-022
   84.000000000000000       2.78235491289148948E-023
   86.000000000000000       2.54658512388734260E-024
   88.000000000000000       2.30875830488553471E-025
   90.000000000000000       2.07484340593043130E-026
   92.000000000000000       1.84950939961124108E-027
   94.000000000000000       1.63621564139382806E-028
   96.000000000000000       1.43734284236077617E-029
   98.000000000000000       1.25434520055261026E-030
   100.00000000000000       1.08790876721996483E-031
   102.00000000000000       9.38105286774755506E-033
   104.00000000000000       8.04534330388010877E-034
   106.00000000000000       6.86449460637298127E-035
   108.00000000000000       5.82866423571606474E-036
   110.00000000000000       4.92653023305591101E-037
   112.00000000000000       4.14601478439570166E-038
   114.00000000000000       3.47484784367808142E-039
   116.00000000000000       2.90099003880793516E-040
   118.00000000000000       2.41293564412995288E-041
   120.00000000000000       1.99991625535653627E-042
   122.00000000000000       1.65202453221541743E-043
   124.00000000000000       1.36027543564909008E-044
   126.00000000000000       1.11662012089967063E-045
   128.00000000000000       9.13925298423775943E-047
   130.00000000000000       7.45928605280660809E-048
   132.00000000000000       6.07178442556485801E-049
   134.00000000000000       4.92964885204871701E-050
   136.00000000000000       3.99246681605655595E-051
   138.00000000000000       3.22578030427070240E-052
   140.00000000000000       2.60037736539600272E-053
   142.00000000000000       2.09162481427084935E-054
   144.00000000000000       1.67885228856540987E-055
   146.00000000000000       1.34474178152190340E-056
   148.00000000000000       1.06826308581885883E-057
   150.00000000000000        0.0000000000000000     
