   0.0000000000000000        0.0000000000000000     
   2.0000000000000000       1.00085261734854684E-005
   4.0000000000000000       1.51317107301779592E-006
   6.0000000000000000      -2.55778780757941456E-005
   8.0000000000000000       1.34871952358443284E-005
   10.000000000000000       6.45521377746221837E-005
   12.000000000000000      -1.33240809590875803E-004
   14.000000000000000       7.16911769418886874E-005
   16.000000000000000       6.22190449095833307E-005
   18.000000000000000      -1.56863580251533324E-005
   20.000000000000000      -2.02055289070725774E-004
   22.000000000000000       1.56761868323339202E-004
   24.000000000000000       9.64681844642392786E-005
   26.000000000000000       1.44341653608120134E-004
   28.000000000000000      -4.63030185285576937E-004
   30.000000000000000       5.44598555533817359E-005
   32.000000000000000      -9.41217537922574158E-005
   34.000000000000000       4.60647634211370171E-004
   36.000000000000000       4.12749308600326244E-004
   38.000000000000000      -3.77567190507250802E-004
   40.000000000000000       3.54913846638041895E-004
   42.000000000000000      -5.40889845164924284E-004
   44.000000000000000      -6.21325552887511969E-004
   46.000000000000000       7.85316290391145687E-004
   48.000000000000000      -4.69352442406254021E-004
   50.000000000000000      -8.12797838423567529E-004
   52.000000000000000       1.34713994875162090E-003
   54.000000000000000       4.47611394359466734E-004
   56.000000000000000      -1.92716305979434436E-003
   58.000000000000000      -4.99583066261377953E-005
   60.000000000000000       2.71571178084153942E-003
   62.000000000000000       4.07661116924801789E-004
   64.000000000000000      -3.58437205592625902E-003
   66.000000000000000      -2.35223678739314608E-003
   68.000000000000000       3.35270814124381681E-003
   70.000000000000000       6.09480066099665763E-003
   72.000000000000000       1.57515962102534228E-003
   74.000000000000000      -6.51045430042430061E-003
   76.000000000000000      -1.18250117028407160E-002
   78.000000000000000      -1.07511017191844749E-002
   80.000000000000000      -1.91316086628290014E-003
   82.000000000000000       1.58693954287764810E-002
   84.000000000000000       4.23856413740567733E-002
   86.000000000000000       7.02548085693083801E-002
   88.000000000000000       8.34650731491919790E-002
   90.000000000000000       7.29915228949613026E-002
   92.000000000000000       4.91913266570663185E-002
   94.000000000000000       2.74117533674986362E-002
   96.000000000000000       1.35141689683539162E-002
   98.000000000000000       6.17692882899136854E-003
   100.00000000000000       2.68698771514301864E-003
   102.00000000000000       1.12688081444651828E-003
   104.00000000000000       4.58296730527251177E-004
   106.00000000000000       1.81175803230934591E-004
   108.00000000000000       6.96695934643400621E-005
   110.00000000000000       2.60580089521946648E-005
   112.00000000000000       9.47579448211053872E-006
   114.00000000000000       3.34852114283963415E-006
   116.00000000000000       1.14939118236182235E-006
   118.00000000000000       3.83121872072855388E-007
   120.00000000000000       1.23998101412853671E-007
   122.00000000000000       3.89705968126015168E-008
   124.00000000000000       1.18963096071510017E-008
   126.00000000000000       3.52869343638109740E-009
   128.00000000000000       1.01757733280903506E-009
   130.00000000000000       2.85455381455619668E-010
   132.00000000000000       7.79508956266587771E-011
   134.00000000000000       2.07362712515368874E-011
   136.00000000000000       5.37766340553987198E-012
   138.00000000000000       1.36063779232496277E-012
   140.00000000000000       3.36132779677884572E-013
   142.00000000000000       8.11385826509027502E-014
   144.00000000000000       1.91502944315633912E-014
   146.00000000000000       4.41368830442418405E-015
   148.00000000000000       9.52483087117571557E-016
   150.00000000000000        0.0000000000000000     
