  0.  0.
  0.5 -0.000153461704
  1. -0.000325883826
  1.5 -0.000538489141
  2. -0.000817283057
  2.5 -0.00119611283
  3. -0.00172059063
  3.5 -0.00245326664
  4. -0.0034805038
  4.5 -0.00492153596
  5. -0.00694012409
  5.5 -0.00975889247
  6. -0.0136755556
  6.5 -0.0190782994
  7. -0.0264537334
  7.5 -0.0363740698
  8. -0.0494397767
  8.5 -0.0661420375
  9. -0.086605072
  9.5 -0.110196643
  10. -0.135094017
  10.5 -0.158076644
  11. -0.17496708
  11.5 -0.181945696
  12. -0.177242413
  12.5 -0.162047654
  13. -0.139891773
  13.5 -0.115011893
  14. -0.0908894017
  14.5 -0.0696315318
  15. -0.0520810559
  15.5 -0.0382331833
  16. -0.0276465677
  16.5 -0.0197293162
  17. -0.0138985105
  17.5 -0.00965106674
  18. -0.00658342615
  18.5 -0.00438656565
  19. -0.00283079362
  19.5 -0.00174854358
  20. -0.00101821113
  20.5 -0.000550746743
  21. -0.000279149885
  21.5 -0.000150678577
  22. -0.000122470665
  22.5 -0.000158393581
  23. -0.000227537705
  23.5 -0.000303694425
  24. -0.000364611042
  24.5 -0.000392463931
  25. -0.000375189702
  25.5 -0.000309268362
  26. -0.000202254683
  26.5 -7.29857493E-05
  27.  5.21966867E-05
  27.5  0.000147476327
  28.  0.000195529996
  28.5  0.000191793224
  29.  0.000142828314
  29.5  6.2693216E-05
  30. -2.79421802E-05
  30.5 -0.000101513389
  31. -0.000130378496
  31.5 -0.000103912593
  32. -3.9449631E-05
  32.5  3.10501273E-05
  33.  8.54531027E-05
  33.5  0.000109679837
  34.  8.55597536E-05
  34.5  2.17032648E-05
  35. -3.29798349E-05
  35.5 -6.57646306E-05
  36. -6.56417105E-05
  36.5 -2.14673819E-05
  37.  1.69644391E-05
  37.5  3.97591139E-05
  38.  3.28728456E-05
  38.5 -4.43111276E-06
  39. -3.33762364E-05
  39.5 -3.22828091E-05
  40. -7.82919778E-06
  40.5  1.97235586E-05
  41.  3.02435656E-05
  41.5  1.75223468E-05
  42. -4.14915667E-06
  42.5 -1.38768764E-05
  43. -6.83030203E-06
  43.5  2.41379053E-06
  44.  1.62868628E-06
  44.5 -5.57120256E-06
  45. -8.30343288E-06
  45.5 -4.84587872E-07
  46.  7.4844038E-06
  46.5  6.98155372E-06
  47.  3.19897867E-06
  47.5  1.63827553E-06
  48. -1.07740811E-06
  48.5 -4.19882235E-06
  49. -4.88963451E-06
  49.5 -3.31600586E-06
  50.  2.62394678E-07
  50.5  4.79822893E-06
  51.  6.24063705E-06
  51.5  2.25706572E-06
  52. -2.62743902E-06
  52.5 -4.08058395E-06
  53. -3.19881883E-06
  53.5  5.26405302E-07
  54.  4.16676949E-06
  54.5  3.082685E-06
  55.  5.63899903E-07
  55.5 -3.55857355E-06
  56. -3.49162747E-06
  56.5 -4.33184141E-07
  57.  1.73521744E-06
  57.5  3.11750728E-06
  58.  4.7476542E-06
  58.5  5.67163124E-06
  59.  1.60382751E-06
  59.5 -1.08011436E-05
  60. -2.20281618E-05
  60.5 -1.09959947E-05
  61.  2.2191216E-05
  61.5  3.91993963E-05
  62.  2.02301253E-05
  62.5 -4.83906842E-06
  63. -4.04876664E-05
  63.5 -6.30351497E-05
  64. -3.10497016E-05
  64.5  1.26993182E-05
  65.  6.74954645E-05
  65.5  9.67664382E-05
  66.  6.76670388E-05
  66.5  5.0282506E-06
  67. -6.85760824E-05
  67.5 -0.000127638588
  68. -0.000138859017
  68.5 -8.8104418E-05
  69.  6.26030669E-06
  69.5  0.000107674903
  70.  0.000180888412
  70.5  0.000201963398
  71.  0.00016169445
  71.5  6.74954645E-05
  72. -5.72917852E-05
  72.5 -0.000179399081
  73. -0.000265868497
  73.5 -0.00029398856
  74. -0.000256744621
  74.5 -0.00016259386
  75. -3.11291806E-05
  75.5  0.000112835012
  76.  0.000244769413
  76.5  0.000344572443
  77.  0.000399133016
  77.5  0.000403399579
  78.  0.000360101054
  78.5  0.000278324907
  79.  0.000171288266
  79.5  5.37682427E-05
  80. -6.0301405E-05
  80.5 -0.000159654417
  81. -0.000236717649
  81.5 -0.000287832489
  82. -0.000312835356
  82.5 -0.00031424404
  83. -0.000296299229
  83.5 -0.00026405658
  84. -0.000222648465
  84.5 -0.000176761707
  85. -0.000130325832
  85.5 -8.63749592E-05
  86. -4.7037669E-05
  86.5 -1.36101953E-05
  87.  1.3322524E-05
  87.5  3.37443489E-05
  88.  4.80618291E-05
  88.5  5.69666954E-05
  89.  6.13138473E-05
  89.5  6.20199862E-05
  90.  5.99842606E-05
  90.5  5.60314729E-05
  91.  5.08761623E-05
  91.5  4.51048218E-05
  92.  3.91727881E-05
  92.5  3.34119031E-05
  93.  2.80452005E-05
  93.5  2.32053189E-05
  94.  1.89539351E-05
  94.5  1.53002784E-05
  95.  1.22174442E-05
  95.5  9.65590607E-06
  96.  7.55400561E-06
  96.5  5.84561076E-06
  97.  4.46528657E-06
  97.5  3.35142477E-06
  98.  2.44779403E-06
  98.5  1.70392263E-06
  99.  1.0746719E-06
  99.5  5.19267701E-07
  100.  0.
