  -10.625000000000000       0.19696708835387836     
  -10.375000000000000       0.19696708835387836     
  -10.125000000000000       0.19564793097625904     
  -9.8750000000000000       0.19406140114396006     
  -9.6250000000000000       0.19283899904169002     
  -9.3750000000000000       0.19157082027447508     
  -9.1250000000000000       0.18918263951072281     
  -8.8750000000000000       0.18545237328626021     
  -8.6250000000000000       0.18122621231404282     
  -8.3750000000000000       0.17693622652495858     
  -8.1250000000000000       0.17312489883347434     
  -7.8750000000000000       0.16810563925523081     
  -7.6250000000000000       0.16253721892075113     
  -7.3750000000000000       0.15597657473998353     
  -7.1250000000000000       0.14912697207428274     
  -6.8750000000000000       0.14244804363424568     
  -6.6250000000000000       0.13540704013650534     
  -6.3750000000000000       0.12819720265098294     
  -6.1250000000000000       0.12042978000993970     
  -5.8750000000000000       0.11183961548264942     
  -5.6250000000000000       0.10377531985627181     
  -5.3750000000000000       9.61496937548255576E-002
  -5.1250000000000000       8.78161835789185163E-002
  -4.8750000000000000       7.98224047380120677E-002
  -4.6250000000000000       7.16735769631762776E-002
  -4.3750000000000000       6.42746000106348830E-002
  -4.1250000000000000       5.77611363452226328E-002
  -3.8750000000000000       5.04163274951268184E-002
  -3.6250000000000000       4.33223905438385251E-002
  -3.3750000000000000       3.73662241937199532E-002
  -3.1250000000000000       3.20661801046567968E-002
  -2.8750000000000000       2.72859221412597060E-002
  -2.6250000000000000       2.27282527405399427E-002
  -2.3750000000000000       1.81703677201159944E-002
  -2.1250000000000000       1.45320662340641445E-002
  -1.8750000000000000       1.15695647310512743E-002
  -1.6250000000000000       8.69678040826626399E-003
  -1.3750000000000000       6.64439565329476723E-003
  -1.1250000000000000       5.19977479357040979E-003
 -0.87500000000000000       4.16776963568694751E-003
 -0.62500000000000000       3.12032192052567577E-003
 -0.37500000000000000       1.63273624939547159E-003
 -0.12500000000000000       6.59649502945673281E-004
  0.12500000000000000       6.52957842798129046E-004
  0.37500000000000000       1.60429756811001733E-003
  0.62500000000000000       3.04148928656960884E-003
  0.87500000000000000       3.98202945033572682E-003
   1.1250000000000000       4.81985792931597951E-003
   1.3750000000000000       5.96387295354479027E-003
   1.6250000000000000       7.60497450181131778E-003
   1.8750000000000000       9.91485008790787305E-003
   2.1250000000000000       1.19973039056765034E-002
   2.3750000000000000       1.41692385200105058E-002
   2.6250000000000000       1.66095777501218400E-002
   2.8750000000000000       1.87791933003950556E-002
   3.1250000000000000       2.12554814583720587E-002
   3.3750000000000000       2.41113705821584361E-002
   3.6250000000000000       2.67928753716392513E-002
   3.8750000000000000       2.96580255446116554E-002
   4.1250000000000000       3.27753153816811929E-002
   4.3750000000000000       3.54589116682998487E-002
   4.6250000000000000       3.85726510042585999E-002
   4.8750000000000000       4.16750509506235642E-002
   5.1250000000000000       4.43730497142209718E-002
   5.3750000000000000       4.76724999378593944E-002
   5.6250000000000000       5.06120398384914127E-002
   5.8750000000000000       5.36846089313964617E-002
   6.1250000000000000       5.70906223191841936E-002
   6.3750000000000000       5.98886467096189576E-002
   6.6250000000000000       6.28192371983936210E-002
   6.8750000000000000       6.55017328734235488E-002
   7.1250000000000000       6.81974034112436400E-002
   7.3750000000000000       7.12940245581737547E-002
   7.6250000000000000       7.42566629603459288E-002
   7.8750000000000000       7.69876685271594918E-002
   8.1250000000000000       7.92293927510746981E-002
   8.3750000000000000       8.13613567155927475E-002
   8.6250000000000000       8.34264964651142416E-002
   8.8750000000000000       8.58876583484807499E-002
   9.1250000000000000       8.82174009568962164E-002
   9.3750000000000000       9.01717262517019169E-002
   9.6250000000000000       9.15841363124763885E-002
   9.8750000000000000       9.25663251785154989E-002
   10.125000000000000       9.37648069822803604E-002
   10.375000000000000       9.52866734270725046E-002
   10.625000000000000       9.64047249415627833E-002
   10.875000000000000       9.69523638229260465E-002
   11.125000000000000       9.67492551556734526E-002
   11.375000000000000       9.65893629472002885E-002
   11.625000000000000       9.68014583448372073E-002
   11.875000000000000       9.64744609481202470E-002
   12.125000000000000       9.58022042117939177E-002
   12.375000000000000       9.41857073587678700E-002
   12.625000000000000       9.26262890008836548E-002
   12.875000000000000       9.10695592860416847E-002
   13.125000000000000       8.89745926356375061E-002
   13.375000000000000       8.65903124044598849E-002
   13.625000000000000       8.35619577899285315E-002
   13.875000000000000       8.03998565534538162E-002
   14.125000000000000       7.68928380990984567E-002
   14.375000000000000       7.30666108404046666E-002
   14.625000000000000       6.93088342781709305E-002
   14.875000000000000       6.49911312717223605E-002
   15.125000000000000       6.01936123750574856E-002
   15.375000000000000       5.54799818097053699E-002
   15.625000000000000       5.09694102345803826E-002
   15.875000000000000       4.64842664057951230E-002
   16.125000000000000       4.15578915154577525E-002
   16.375000000000000       3.63916107075793055E-002
   16.625000000000000       3.18905597893310022E-002
   16.875000000000000       2.80789672690910687E-002
   17.125000000000000       2.40953353529306247E-002
   17.375000000000000       1.97924122972770143E-002
   17.625000000000000       1.59616923680915741E-002
   17.875000000000000       1.30486038214812621E-002
   18.125000000000000       1.06374661937061240E-002
   18.375000000000000       8.21959371745699385E-003
   18.625000000000000       5.84356170752776960E-003
   18.875000000000000       3.88068733767688067E-003
   19.125000000000000       2.52026512363779254E-003
   19.375000000000000       1.65739177418655777E-003
   19.625000000000000       1.09090832373384596E-003
   19.875000000000000       6.87724145186185249E-004
   20.125000000000000       3.98871895870000061E-004
   20.375000000000000       2.08174345998735430E-004
   20.625000000000000       9.69930157549348979E-005
   20.875000000000000       4.03259618336276952E-005
   21.125000000000000       1.50027989189675482E-005
   21.375000000000000       5.01405415752724458E-006
   21.625000000000000       1.51141643108045144E-006
   21.875000000000000       4.12479131698216163E-007
   22.125000000000000       1.02263450310613148E-007
   22.375000000000000       2.31012415581264436E-008
   22.625000000000000       4.76720684754302910E-009
   22.875000000000000       9.00650938329749087E-010
   23.125000000000000       1.56066115663687922E-010
   23.375000000000000       2.48413045986210400E-011
   23.625000000000000       3.63644611014960233E-012
   23.875000000000000       4.90025245395999718E-013
   24.125000000000000       6.08254110109705978E-014
   24.375000000000000       6.95750958077662390E-015
   24.625000000000000       7.33490809712514597E-016
   24.875000000000000       7.12642485955484649E-017
   25.125000000000000       6.37884783538130977E-018
   25.375000000000000       5.25719400662238434E-019
   25.625000000000000       3.98602597571468704E-020
   25.875000000000000       2.77722920343346720E-021
   26.125000000000000       1.77561056183580979E-022
   26.375000000000000       1.03987540537367882E-023
   26.625000000000000       5.56650132049687546E-025
   26.875000000000000       2.71665435745558638E-026
   27.125000000000000       1.20505087777737301E-027
   27.375000000000000       4.84070800733035535E-029
   27.625000000000000       1.75328902684131633E-030
   27.875000000000000       5.69607016790128669E-032
   28.125000000000000       1.64947612811868546E-033
   28.375000000000000       4.22518239623290818E-035
   28.625000000000000       9.48373898977963877E-037
   28.875000000000000       1.84336754146791539E-038
   29.125000000000000       3.05597782542625848E-040
   29.375000000000000       4.23522048728157912E-042
   29.625000000000000       4.77289076107234642E-044
   29.875000000000000       4.20102302091598849E-046
   30.125000000000000       2.70879716343902412E-048
   30.375000000000000       1.13787230331322052E-050
   30.625000000000000       2.33646893820374828E-053
   30.875000000000000        0.0000000000000000     
   31.125000000000000        0.0000000000000000     
   31.375000000000000        0.0000000000000000     
   31.625000000000000        0.0000000000000000     
   31.875000000000000        0.0000000000000000     
   32.125000000000000        0.0000000000000000     
   32.375000000000000        0.0000000000000000     
   32.625000000000000        0.0000000000000000     
   32.875000000000000        0.0000000000000000     
   33.125000000000000        0.0000000000000000     
   33.375000000000000        0.0000000000000000     
   33.625000000000000        0.0000000000000000     
   33.875000000000000        0.0000000000000000     
   34.125000000000000        0.0000000000000000     
   34.375000000000000        0.0000000000000000     
   34.625000000000000        0.0000000000000000     
   34.875000000000000        0.0000000000000000     
   35.125000000000000        0.0000000000000000     
   35.375000000000000        0.0000000000000000     
   35.625000000000000        0.0000000000000000     
   35.875000000000000        0.0000000000000000     
   36.125000000000000        0.0000000000000000     
   36.375000000000000        0.0000000000000000     
   36.625000000000000        0.0000000000000000     
   36.875000000000000        0.0000000000000000     
   37.125000000000000        0.0000000000000000     
   37.375000000000000        0.0000000000000000     
   37.625000000000000        0.0000000000000000     
   37.875000000000000        0.0000000000000000     
   38.125000000000000        0.0000000000000000     
   38.375000000000000        0.0000000000000000     
   38.625000000000000        0.0000000000000000     
   38.875000000000000        0.0000000000000000     
   39.125000000000000        0.0000000000000000     
   39.375000000000000        0.0000000000000000     
   39.625000000000000        0.0000000000000000     
   39.875000000000000        0.0000000000000000     
   40.125000000000000        0.0000000000000000     
   40.375000000000000        0.0000000000000000     
   40.625000000000000        0.0000000000000000     
   40.875000000000000        0.0000000000000000     
   41.125000000000000        0.0000000000000000     
   41.375000000000000        0.0000000000000000     
   41.625000000000000        0.0000000000000000     
   41.875000000000000        0.0000000000000000     
   42.125000000000000        0.0000000000000000     
   42.375000000000000        0.0000000000000000     
   42.625000000000000        0.0000000000000000     
   42.875000000000000        0.0000000000000000     
   43.125000000000000        0.0000000000000000     
   43.375000000000000        0.0000000000000000     
   43.625000000000000        0.0000000000000000     
   43.875000000000000        0.0000000000000000     
   44.125000000000000        0.0000000000000000     
   44.375000000000000        0.0000000000000000     
   44.625000000000000        0.0000000000000000     
   44.875000000000000        0.0000000000000000     
   45.125000000000000        0.0000000000000000     
   45.375000000000000        0.0000000000000000     
   45.625000000000000        0.0000000000000000     
   45.875000000000000        0.0000000000000000     
   46.125000000000000        0.0000000000000000     
   46.375000000000000        0.0000000000000000     
   46.625000000000000        0.0000000000000000     
   46.875000000000000        0.0000000000000000     
   47.125000000000000        0.0000000000000000     
   47.375000000000000        0.0000000000000000     
   47.625000000000000        0.0000000000000000     
   47.875000000000000        0.0000000000000000     
   48.125000000000000        0.0000000000000000     
   48.375000000000000        0.0000000000000000     
   48.625000000000000        0.0000000000000000     
   48.875000000000000        0.0000000000000000     
   49.125000000000000        0.0000000000000000     
   49.375000000000000        0.0000000000000000     
   49.625000000000000        0.0000000000000000     
   49.875000000000000        0.0000000000000000     
   50.125000000000000        0.0000000000000000     
   50.375000000000000        0.0000000000000000     
   50.625000000000000        0.0000000000000000     
   50.875000000000000        0.0000000000000000     
   51.125000000000000        0.0000000000000000     
   51.375000000000000        0.0000000000000000     
   51.625000000000000        0.0000000000000000     
   51.875000000000000        0.0000000000000000     
   52.125000000000000        0.0000000000000000     
   52.375000000000000        0.0000000000000000     
   52.625000000000000        0.0000000000000000     
   52.875000000000000        0.0000000000000000     
   53.125000000000000        0.0000000000000000     
   53.375000000000000        0.0000000000000000     
   53.625000000000000        0.0000000000000000     
   53.875000000000000        0.0000000000000000     
   54.125000000000000        0.0000000000000000     
   54.375000000000000        0.0000000000000000     
   54.625000000000000        0.0000000000000000     
   54.875000000000000        0.0000000000000000     
   55.125000000000000        0.0000000000000000     
   55.375000000000000        0.0000000000000000     
   55.625000000000000        0.0000000000000000     
   55.875000000000000        0.0000000000000000     
   56.125000000000000        0.0000000000000000     
   56.375000000000000        0.0000000000000000     
   56.625000000000000        0.0000000000000000     
   56.875000000000000        0.0000000000000000     
   57.125000000000000        0.0000000000000000     
   57.375000000000000        0.0000000000000000     
   57.625000000000000        0.0000000000000000     
   57.875000000000000        0.0000000000000000     
   58.125000000000000        0.0000000000000000     
   58.375000000000000        0.0000000000000000     
   58.625000000000000        0.0000000000000000     
   58.875000000000000        0.0000000000000000     
   59.125000000000000        0.0000000000000000     
   59.375000000000000        0.0000000000000000     
   59.625000000000000        0.0000000000000000     
   59.875000000000000        0.0000000000000000     
   60.125000000000000        0.0000000000000000     
   60.375000000000000        0.0000000000000000     
   60.625000000000000        0.0000000000000000     
   60.875000000000000        0.0000000000000000     
   61.125000000000000        0.0000000000000000     
   61.375000000000000        0.0000000000000000     
   61.625000000000000        0.0000000000000000     
   61.875000000000000        0.0000000000000000     
   62.125000000000000        0.0000000000000000     
   62.375000000000000        0.0000000000000000     
   62.625000000000000        0.0000000000000000     
   62.875000000000000        0.0000000000000000     
   63.125000000000000        0.0000000000000000     
   63.375000000000000        0.0000000000000000     
   63.625000000000000        0.0000000000000000     
   63.875000000000000        0.0000000000000000     
   64.125000000000000        0.0000000000000000     
   64.375000000000000        0.0000000000000000     
   64.625000000000000        0.0000000000000000     
   64.875000000000000        0.0000000000000000     
   65.125000000000000        0.0000000000000000     
   65.375000000000000        0.0000000000000000     
   65.625000000000000        0.0000000000000000     
   65.875000000000000        0.0000000000000000     
   66.125000000000000        0.0000000000000000     
   66.375000000000000        0.0000000000000000     
   66.625000000000000        0.0000000000000000     
   66.875000000000000        0.0000000000000000     
   67.125000000000000        0.0000000000000000     
   67.375000000000000        0.0000000000000000     
   67.625000000000000        0.0000000000000000     
   67.875000000000000        0.0000000000000000     
   68.125000000000000        0.0000000000000000     
   68.375000000000000        0.0000000000000000     
   68.625000000000000        0.0000000000000000     
   68.875000000000000        0.0000000000000000     
   69.125000000000000        0.0000000000000000     
   69.375000000000000        0.0000000000000000     
   69.625000000000000        0.0000000000000000     
   69.875000000000000        0.0000000000000000     
   70.125000000000000        0.0000000000000000     
   70.375000000000000        0.0000000000000000     
   70.625000000000000        0.0000000000000000     
   70.875000000000000        0.0000000000000000     
   71.125000000000000        0.0000000000000000     
   71.375000000000000        0.0000000000000000     
   71.625000000000000        0.0000000000000000     
   71.875000000000000        0.0000000000000000     
   72.125000000000000        0.0000000000000000     
   72.375000000000000        0.0000000000000000     
   72.625000000000000        0.0000000000000000     
   72.875000000000000        0.0000000000000000     
   73.125000000000000        0.0000000000000000     
   73.375000000000000        0.0000000000000000     
   73.625000000000000        0.0000000000000000     
   73.875000000000000        0.0000000000000000     
   74.125000000000000        0.0000000000000000     
   74.375000000000000        0.0000000000000000     
   74.625000000000000        0.0000000000000000     
   74.875000000000000        0.0000000000000000     
   75.125000000000000        0.0000000000000000     
   75.375000000000000        0.0000000000000000     
   75.625000000000000        0.0000000000000000     
   75.875000000000000        0.0000000000000000     
   76.125000000000000        0.0000000000000000     
   76.375000000000000        0.0000000000000000     
   76.625000000000000        0.0000000000000000     
   76.875000000000000        0.0000000000000000     
   77.125000000000000        0.0000000000000000     
   77.375000000000000        0.0000000000000000     
   77.625000000000000        0.0000000000000000     
   77.875000000000000        0.0000000000000000     
   78.125000000000000        0.0000000000000000     
   78.375000000000000        0.0000000000000000     
   78.625000000000000        0.0000000000000000     
   78.875000000000000        0.0000000000000000     
   79.125000000000000        0.0000000000000000     
   79.375000000000000        0.0000000000000000     
   79.625000000000000        0.0000000000000000     
   79.875000000000000        0.0000000000000000     
   80.125000000000000        0.0000000000000000     
   80.375000000000000        0.0000000000000000     
   80.625000000000000        0.0000000000000000     
   80.875000000000000        0.0000000000000000     
   81.125000000000000        0.0000000000000000     
   81.375000000000000        0.0000000000000000     
   81.625000000000000        0.0000000000000000     
   81.875000000000000        0.0000000000000000     
   82.125000000000000        0.0000000000000000     
   82.375000000000000        0.0000000000000000     
   82.625000000000000        0.0000000000000000     
   82.875000000000000        0.0000000000000000     
   83.125000000000000        0.0000000000000000     
   83.375000000000000        0.0000000000000000     
   83.625000000000000        0.0000000000000000     
   83.875000000000000        0.0000000000000000     
   84.125000000000000        0.0000000000000000     
   84.375000000000000        0.0000000000000000     
   84.625000000000000        0.0000000000000000     
   84.875000000000000        0.0000000000000000     
   85.125000000000000        0.0000000000000000     
   85.375000000000000        0.0000000000000000     
   85.625000000000000        0.0000000000000000     
   85.875000000000000        0.0000000000000000     
   86.125000000000000        0.0000000000000000     
   86.375000000000000        0.0000000000000000     
   86.625000000000000        0.0000000000000000     
   86.875000000000000        0.0000000000000000     
   87.125000000000000        0.0000000000000000     
   87.375000000000000        0.0000000000000000     
   87.625000000000000        0.0000000000000000     
   87.875000000000000        0.0000000000000000     
   88.125000000000000        0.0000000000000000     
   88.375000000000000        0.0000000000000000     
   88.625000000000000        0.0000000000000000     
   88.875000000000000        0.0000000000000000     
   89.125000000000000        0.0000000000000000     
   89.375000000000000        0.0000000000000000     
   89.625000000000000        0.0000000000000000     
