  -10.625000000000000       5.59513821322657788E-005
  -10.375000000000000       5.59513821322657788E-005
  -10.125000000000000      -1.33298841091200523E-004
  -9.8750000000000000       1.30165729750328753E-004
  -9.6250000000000000      -5.94839997380216829E-005
  -9.3750000000000000      -2.01807054161233821E-005
  -9.1250000000000000       4.82528531452532805E-005
  -8.8750000000000000      -1.46471729738279411E-005
  -8.6250000000000000      -3.53162088624349346E-005
  -8.3750000000000000       4.14169022740721115E-005
  -8.1250000000000000       9.74802795970762570E-006
  -7.8750000000000000      -7.33749073777127268E-005
  -7.6250000000000000       9.01948225984987550E-005
  -7.3750000000000000      -5.12945398009664657E-005
  -7.1250000000000000       2.24210179704445033E-006
  -6.8750000000000000       9.29384976121382526E-006
  -6.6250000000000000       1.08238174288383116E-005
  -6.3750000000000000      -2.33335175071041846E-005
  -6.1250000000000000       1.34523919922655557E-005
  -5.8750000000000000      -1.19275863942933601E-005
  -5.6250000000000000       3.71510590054210840E-005
  -5.3750000000000000      -5.72260205448562323E-005
  -5.1250000000000000       3.31286668202182224E-005
  -4.8750000000000000       1.32551869062157726E-005
  -4.6250000000000000      -3.86094762793484891E-005
  -4.3750000000000000       5.60602232751553447E-005
  -4.1250000000000000      -9.71755277599152415E-005
  -3.8750000000000000       9.93405126275119667E-005
  -3.6250000000000000       1.03658507018366330E-005
  -3.3750000000000000      -1.19919376395230822E-004
  -3.1250000000000000       4.24003120209932855E-005
  -2.8750000000000000       1.25285550592891610E-004
  -2.6250000000000000      -1.07398532478533723E-004
  -2.3750000000000000      -4.96926562658941580E-005
  -2.1250000000000000       7.12130353929838562E-005
  -1.8750000000000000      -3.02607281448856630E-005
  -1.6250000000000000       1.00651824141815186E-004
  -1.3750000000000000      -3.54312707822808550E-005
  -1.1250000000000000      -1.91181806994795896E-004
 -0.87500000000000000       7.54057984317516635E-005
 -0.62500000000000000       1.81240835856577467E-004
 -0.37500000000000000       4.38968881483403010E-005
 -0.12500000000000000      -1.76403436127949074E-004
  0.12500000000000000      -1.65662389126571908E-004
  0.37500000000000000       5.74501275247908986E-005
  0.62500000000000000       1.27434990422685732E-004
  0.87500000000000000       2.94201122421603736E-004
   1.1250000000000000      -3.96893027923116899E-005
   1.3750000000000000      -3.74402015967136817E-004
   1.6250000000000000      -2.09912777546745799E-004
   1.8750000000000000       3.15394758506058441E-005
   2.1250000000000000       2.41744732958729878E-004
   2.3750000000000000       3.36698376331255838E-004
   2.6250000000000000       8.70480805316687875E-005
   2.8750000000000000      -2.75433783239561916E-004
   3.1250000000000000      -2.60032555482321809E-004
   3.3750000000000000      -9.41661250005708947E-005
   3.6250000000000000       3.01638138308044665E-004
   3.8750000000000000       9.35497116413088131E-004
   4.1250000000000000       1.45119959293577624E-003
   4.3750000000000000       2.09178595818706320E-003
   4.6250000000000000       2.97097120196709820E-003
   4.8750000000000000       3.75876741401430991E-003
   5.1250000000000000       5.03732272156687515E-003
   5.3750000000000000       6.31165691809641802E-003
   5.6250000000000000       7.65666275620883238E-003
   5.8750000000000000       9.21225268338913411E-003
   6.1250000000000000       1.07235947110240031E-002
   6.3750000000000000       1.21893762781840782E-002
   6.6250000000000000       1.39543358936262615E-002
   6.8750000000000000       1.55450710924036895E-002
   7.1250000000000000       1.72276445748279668E-002
   7.3750000000000000       1.92395763276706037E-002
   7.6250000000000000       2.08719373382405711E-002
   7.8750000000000000       2.28830385861729345E-002
   8.1250000000000000       2.48355332198987692E-002
   8.3750000000000000       2.66859596695477527E-002
   8.6250000000000000       2.88029349009816249E-002
   8.8750000000000000       3.08170893576161231E-002
   9.1250000000000000       3.29491582561852875E-002
   9.3750000000000000       3.49423351823928280E-002
   9.6250000000000000       3.69599158503228220E-002
   9.8750000000000000       3.89084190086010015E-002
   10.125000000000000       4.09538482596449316E-002
   10.375000000000000       4.30217363125724520E-002
   10.625000000000000       4.51965901000760326E-002
   10.875000000000000       4.74255735826429881E-002
   11.125000000000000       4.97308806545476018E-002
   11.375000000000000       5.18078617827869292E-002
   11.625000000000000       5.39072649833330572E-002
   11.875000000000000       5.58867083683492472E-002
   12.125000000000000       5.78700228533183814E-002
   12.375000000000000       5.96060271623229318E-002
   12.625000000000000       6.15735859203372440E-002
   12.875000000000000       6.41929896292891544E-002
   13.125000000000000       6.67505449547835250E-002
   13.375000000000000       6.84903754319766411E-002
   13.625000000000000       7.01090692137438382E-002
   13.875000000000000       7.22104353451606257E-002
   14.125000000000000       7.38348783681160997E-002
   14.375000000000000       7.54744129749350956E-002
   14.625000000000000       7.77561006265824056E-002
   14.875000000000000       8.04156751949566401E-002
   15.125000000000000       8.17873292823272369E-002
   15.375000000000000       8.25079567418964266E-002
   15.625000000000000       8.47566513532670429E-002
   15.875000000000000       8.69105160769534091E-002
   16.125000000000000       8.78340493577043080E-002
   16.375000000000000       8.92632027525289279E-002
   16.625000000000000       9.10290988595508083E-002
   16.875000000000000       9.22992460978934448E-002
   17.125000000000000       9.31220000694333305E-002
   17.375000000000000       9.41400969285134948E-002
   17.625000000000000       9.55743754244766375E-002
   17.875000000000000       9.59853878753330753E-002
   18.125000000000000       9.63951517934543978E-002
   18.375000000000000       9.71627431223775345E-002
   18.625000000000000       9.71873542996588846E-002
   18.875000000000000       9.69886675901920903E-002
   19.125000000000000       9.66674118851171410E-002
   19.375000000000000       9.58730100371492089E-002
   19.625000000000000       9.43802115342463194E-002
   19.875000000000000       9.24688267820908544E-002
   20.125000000000000       9.01088149063641458E-002
   20.375000000000000       8.69608587428377100E-002
   20.625000000000000       8.09989759107488244E-002
   20.875000000000000       7.01970463238534431E-002
   21.125000000000000       5.60309384439357933E-002
   21.375000000000000       4.14768999135186334E-002
   21.625000000000000       2.95505963818353881E-002
   21.875000000000000       2.07828282045095895E-002
   22.125000000000000       1.39138347627822193E-002
   22.375000000000000       8.95665406628291111E-003
   22.625000000000000       5.62878656991898721E-003
   22.875000000000000       3.48028129063885716E-003
   23.125000000000000       2.49669982527755486E-003
   23.375000000000000       1.84117875221649846E-003
   23.625000000000000       1.10097253309184343E-003
   23.875000000000000       5.30612693279501266E-004
   24.125000000000000       3.24713491828207480E-005
   24.375000000000000      -1.68427414644695172E-004
   24.625000000000000       7.42403472658988649E-005
   24.875000000000000       4.26578930197907030E-004
   25.125000000000000       8.99627407441543352E-004
   25.375000000000000       1.50662280116537319E-003
   25.625000000000000       2.10152523010882905E-003
   25.875000000000000       2.88228459227386855E-003
   26.125000000000000       3.91178984925934052E-003
   26.375000000000000       5.04067458577435283E-003
   26.625000000000000       6.34507215071611862E-003
   26.875000000000000       7.78769141817880258E-003
   27.125000000000000       9.22208982988211197E-003
   27.375000000000000       1.07360267107130744E-002
   27.625000000000000       1.23342759446320761E-002
   27.875000000000000       1.39226761290902040E-002
   28.125000000000000       1.56067698828767972E-002
   28.375000000000000       1.74045545606633621E-002
   28.625000000000000       1.91918263707034284E-002
   28.875000000000000       2.10306997285191338E-002
   29.125000000000000       2.29599256835287709E-002
   29.375000000000000       2.48626482786633747E-002
   29.625000000000000       2.68059726540326032E-002
   29.875000000000000       2.89018479994671319E-002
   30.125000000000000       3.10035726067920646E-002
   30.375000000000000       3.30163246061565274E-002
   30.625000000000000       3.50344800958653085E-002
   30.875000000000000       3.70375441696866523E-002
   31.125000000000000       3.89896626681120947E-002
   31.375000000000000       4.10239338403674478E-002
   31.625000000000000       4.31754626199995217E-002
   31.875000000000000       4.53612340026929711E-002
   32.125000000000000       4.76127579429867498E-002
   32.375000000000000       4.98772250535808870E-002
   32.625000000000000       5.19776798615734087E-002
   32.875000000000000       5.39918705463138179E-002
   33.125000000000000       5.60117234207138520E-002
   33.375000000000000       5.78187638232532525E-002
   33.625000000000000       5.95878216578927256E-002
   33.875000000000000       6.19633893589122894E-002
   34.125000000000000       6.47050360545675246E-002
   34.375000000000000       6.68089797577514216E-002
   34.625000000000000       6.83786569256885912E-002
   34.875000000000000       7.02974913745446073E-002
   35.125000000000000       7.23056073346386996E-002
   35.375000000000000       7.38367156359306387E-002
   35.625000000000000       7.56899703272740643E-002
   35.875000000000000       7.83482739711024584E-002
   36.125000000000000       8.04862246458138281E-002
   36.375000000000000       8.14756246239460996E-002
   36.625000000000000       8.27928008477494676E-002
   36.875000000000000       8.50732351982186469E-002
   37.125000000000000       8.69455006486792026E-002
   37.375000000000000       8.79789480205851043E-002
   37.625000000000000       8.93713517908342331E-002
   37.875000000000000       9.12018198137631853E-002
   38.125000000000000       9.23895514661321887E-002
   38.375000000000000       9.31350176947133845E-002
   38.625000000000000       9.43469116585406997E-002
   38.875000000000000       9.55828926535601392E-002
   39.125000000000000       9.60960169693966387E-002
   39.375000000000000       9.64358674310812070E-002
   39.625000000000000       9.70847396595889839E-002
   39.875000000000000       9.73583844822174804E-002
   40.125000000000000       9.69376390779077002E-002
   40.375000000000000       9.64568864551425126E-002
   40.625000000000000       9.58772715976500406E-002
   40.875000000000000       9.43714091852526360E-002
   41.125000000000000       9.20798677885078243E-002
   41.375000000000000       8.98196412535353927E-002
   41.625000000000000       8.67474433852730570E-002
   41.875000000000000       8.02746112284211250E-002
   42.125000000000000       6.91009353445000279E-002
   42.375000000000000       5.50001417847778354E-002
   42.625000000000000       4.10220280539677837E-002
   42.875000000000000       2.91898177975836969E-002
   43.125000000000000       2.00899815451302706E-002
   43.375000000000000       1.34970428228840828E-002
   43.625000000000000       8.90869816107593866E-003
   43.875000000000000       5.80211555781864376E-003
   44.125000000000000       3.73518232485217866E-003
   44.375000000000000       2.37421703557657085E-003
   44.625000000000000       1.48501683068400468E-003
   44.875000000000000       9.09693559494747670E-004
   45.125000000000000       5.43067413110919655E-004
   45.375000000000000       3.14536919255918969E-004
   45.625000000000000       1.76116314245187657E-004
   45.875000000000000       9.50844300671537369E-005
   46.125000000000000       4.94145324644564357E-005
   46.375000000000000       2.46946109239111650E-005
   46.625000000000000       1.18620423996776656E-005
   46.875000000000000       5.47659697958202975E-006
   47.125000000000000       2.43088716034116952E-006
   47.375000000000000       1.03780138465428507E-006
   47.625000000000000       4.26388729775050490E-007
   47.875000000000000       1.68701042931117977E-007
   48.125000000000000       6.43199010073958362E-008
   48.375000000000000       2.36477123152121893E-008
   48.625000000000000       8.38973122203768602E-009
   48.875000000000000       2.87418471792243128E-009
   49.125000000000000       9.51419711808805936E-010
   49.375000000000000       3.04503540002005742E-010
   49.625000000000000       9.42833429506590841E-011
   49.875000000000000       2.82583714241965367E-011
   50.125000000000000       8.20282244696816554E-012
   50.375000000000000       2.30730832731806546E-012
   50.625000000000000       6.29193473921762453E-013
   50.875000000000000       1.66416974290650677E-013
   51.125000000000000       4.27103805195509136E-014
   51.375000000000000       1.06406648192510503E-014
   51.625000000000000       2.57436871771701632E-015
   51.875000000000000       6.05058198953191088E-016
   52.125000000000000       1.38196426144395866E-016
   52.375000000000000       3.06838716968911937E-017
   52.625000000000000       6.62475227429284619E-018
   52.875000000000000       1.39123398375622645E-018
   53.125000000000000       2.84262471604503372E-019
   53.375000000000000       5.65247543098130363E-020
   53.625000000000000       1.09411306001128324E-020
   53.875000000000000       2.06199937037114574E-021
   54.125000000000000       3.78451549107809565E-022
   54.375000000000000       6.76572835940710639E-023
   54.625000000000000       1.17837391555711041E-023
   54.875000000000000       1.99982823554094413E-024
   55.125000000000000       3.30761651575926885E-025
   55.375000000000000       5.33233839964455711E-026
   55.625000000000000       8.38036800750333306E-027
   55.875000000000000       1.28413223880531608E-027
   56.125000000000000       1.91872158199767222E-028
   56.375000000000000       2.79588941786172924E-029
   56.625000000000000       3.97356405430330182E-030
   56.875000000000000       5.50852410641262433E-031
   57.125000000000000       7.44944717572063547E-032
   57.375000000000000       9.82838067865087184E-033
   57.625000000000000       1.26514681918631729E-033
   57.875000000000000       1.58902020364236223E-034
   58.125000000000000       1.94747822811126404E-035
   58.375000000000000       2.32912289386915419E-036
   58.625000000000000       2.71836322006331162E-037
   58.875000000000000       3.09623115931126347E-038
   59.125000000000000       3.44177500768987580E-039
   59.375000000000000       3.73391212947062938E-040
   59.625000000000000       3.95352486606156432E-041
   59.875000000000000       4.08551517912134554E-042
   60.125000000000000       4.12051347830700432E-043
   60.375000000000000       4.05597414147591202E-044
   60.625000000000000       3.89648048052515673E-045
   60.875000000000000       3.65320859889811470E-046
   61.125000000000000       3.34263693034856689E-047
   61.375000000000000       2.98470773472750695E-048
   61.625000000000000       2.60072438736961805E-049
   61.875000000000000       2.21129016750456380E-050
   62.125000000000000       1.83455986492203554E-051
   62.375000000000000       1.48499676778590325E-052
   62.625000000000000       1.17272484519897941E-053
   62.875000000000000       9.03462299158691281E-055
   63.125000000000000       6.78938181091031408E-056
   63.375000000000000       4.97641239005827025E-057
   63.625000000000000       3.55733397400242431E-058
   63.875000000000000       2.47974929209634254E-059
   64.125000000000000       1.68544617302610764E-060
   64.375000000000000       1.11684116503768443E-061
   64.625000000000000       7.21404756477340869E-063
   64.875000000000000       4.54166821244971330E-064
   65.125000000000000       2.78634156019574689E-065
   65.375000000000000       1.66557973683230501E-066
   65.625000000000000       9.69915542149249851E-068
   65.875000000000000       5.50124087476080510E-069
   66.125000000000000       3.03851845700021280E-070
   66.375000000000000       1.63398850336856076E-071
   66.625000000000000       8.55319644247839468E-073
   66.875000000000000       4.35713941287239666E-074
   67.125000000000000       2.15955275249595010E-075
   67.375000000000000       1.04113162910195779E-076
   67.625000000000000       4.88102558652985423E-078
   67.875000000000000       2.22463141518549553E-079
   68.125000000000000       9.85412222036398994E-081
   68.375000000000000       4.24087215245046973E-082
   68.625000000000000       1.77266619080017186E-083
   68.875000000000000       7.19420490118942545E-085
   69.125000000000000       2.83376677274417387E-086
   69.375000000000000       1.08293819179473110E-087
   69.625000000000000       4.01351779663295971E-089
   69.875000000000000       1.44192501465109327E-090
   70.125000000000000       5.01949251623018462E-092
   70.375000000000000       1.69226858561821228E-093
   70.625000000000000       5.52270778562575602E-095
   70.875000000000000       1.74371897274885742E-096
   71.125000000000000       5.32350234589268421E-098
   71.375000000000000       1.57056279138953937E-099
   71.625000000000000       4.47481208923439101E-101
   71.875000000000000       1.23044958773581962E-102
   72.125000000000000       3.26296187897014349E-104
   72.375000000000000       8.33852350997091447E-106
   72.625000000000000       2.05184049478382642E-107
   72.875000000000000       4.85735826914315833E-109
   73.125000000000000       1.10524338438454745E-110
   73.375000000000000       2.41483766122396450E-112
   73.625000000000000       5.06092830323022049E-114
   73.875000000000000       1.01622634309488872E-115
   74.125000000000000       1.95270493675741385E-117
   74.375000000000000       3.58586927917222629E-119
   74.625000000000000       6.28409308421609105E-121
   74.875000000000000       1.04931763368892699E-122
   75.125000000000000       1.66668652373293494E-124
   75.375000000000000       2.51352069153534529E-126
   75.625000000000000       3.59182226472720645E-128
   75.875000000000000       4.85272119884159241E-130
   76.125000000000000       6.18339265222272672E-132
   76.375000000000000       7.41061558111166325E-134
   76.625000000000000       8.32807591425516896E-136
   76.875000000000000       8.74604764870105001E-138
   77.125000000000000       8.55017393103787957E-140
   77.375000000000000       7.74672659454180507E-142
   77.625000000000000       6.47200296813967153E-144
   77.875000000000000       4.95652416699874512E-146
   78.125000000000000       3.45561520813878337E-148
   78.375000000000000       2.17518827185205013E-150
   78.625000000000000       1.22389584688990251E-152
   78.875000000000000       6.07981785616433100E-155
   79.125000000000000       2.62490109517372897E-157
   79.375000000000000       9.64880958437771718E-160
   79.625000000000000       2.93599478322972316E-162
   79.875000000000000       7.09978839992461125E-165
   80.125000000000000       1.27918039569490322E-167
   80.375000000000000       1.52643439452029948E-170
   80.625000000000000       9.04819071938440702E-174
   80.875000000000000        0.0000000000000000     
   81.125000000000000        0.0000000000000000     
   81.375000000000000        0.0000000000000000     
   81.625000000000000        0.0000000000000000     
   81.875000000000000        0.0000000000000000     
   82.125000000000000        0.0000000000000000     
   82.375000000000000        0.0000000000000000     
   82.625000000000000        0.0000000000000000     
   82.875000000000000        0.0000000000000000     
   83.125000000000000        0.0000000000000000     
   83.375000000000000        0.0000000000000000     
   83.625000000000000        0.0000000000000000     
   83.875000000000000        0.0000000000000000     
   84.125000000000000        0.0000000000000000     
   84.375000000000000        0.0000000000000000     
   84.625000000000000        0.0000000000000000     
   84.875000000000000        0.0000000000000000     
   85.125000000000000        0.0000000000000000     
   85.375000000000000        0.0000000000000000     
   85.625000000000000        0.0000000000000000     
   85.875000000000000        0.0000000000000000     
   86.125000000000000        0.0000000000000000     
   86.375000000000000        0.0000000000000000     
   86.625000000000000        0.0000000000000000     
   86.875000000000000        0.0000000000000000     
   87.125000000000000        0.0000000000000000     
   87.375000000000000        0.0000000000000000     
   87.625000000000000        0.0000000000000000     
   87.875000000000000        0.0000000000000000     
   88.125000000000000        0.0000000000000000     
   88.375000000000000        0.0000000000000000     
   88.625000000000000        0.0000000000000000     
   88.875000000000000        0.0000000000000000     
   89.125000000000000        0.0000000000000000     
   89.375000000000000        0.0000000000000000     
   89.625000000000000        0.0000000000000000     
