  -10.625000000000000       4.60026703862302311E-006
  -10.375000000000000       4.60026703862302311E-006
  -10.125000000000000      -1.45289178297399402E-005
  -9.8750000000000000       1.99988877543518866E-005
  -9.6250000000000000      -2.35252915456086008E-005
  -9.3750000000000000       2.16612591753707313E-005
  -9.1250000000000000      -1.87484898342526923E-005
  -8.8750000000000000       1.25982831393423962E-005
  -8.6250000000000000      -7.85549632119387748E-006
  -8.3750000000000000       1.60875900544965697E-006
  -8.1250000000000000       2.80820572022078513E-006
  -7.8750000000000000      -9.57369204148377329E-006
  -7.6250000000000000       1.57930982280866036E-005
  -7.3750000000000000      -2.48923365111856210E-005
  -7.1250000000000000       3.20589446795048458E-005
  -6.8750000000000000      -3.84331182942235474E-005
  -6.6250000000000000       3.75814873244084658E-005
  -6.3750000000000000      -3.09097514994229850E-005
  -6.1250000000000000       1.46071999177525160E-005
  -5.8750000000000000       5.19675316739709328E-006
  -5.6250000000000000      -2.70380781558650273E-005
  -5.3750000000000000       4.09234245673716239E-005
  -5.1250000000000000      -4.50709728163248987E-005
  -4.8750000000000000       3.35156623628717990E-005
  -4.6250000000000000      -1.22364854040639904E-005
  -4.3750000000000000      -1.59383497009022237E-005
  -4.1250000000000000       3.85237112608248042E-005
  -3.8750000000000000      -5.16873889346491710E-005
  -3.6250000000000000       4.82912179602816276E-005
  -3.3750000000000000      -3.46054990422486718E-005
  -3.1250000000000000       1.39241530331954679E-005
  -2.8750000000000000       1.40254590593189368E-006
  -2.6250000000000000      -9.74023908620045972E-006
  -2.3750000000000000       7.38577995305742554E-006
  -2.1250000000000000      -4.13826854877207189E-006
  -1.8750000000000000       3.82461793720876560E-006
  -1.6250000000000000      -1.51500525339594491E-005
  -1.3750000000000000       3.16572544848455352E-005
  -1.1250000000000000      -4.82516529680236412E-005
 -0.87500000000000000       4.95700747358186365E-005
 -0.62500000000000000      -3.38602727020050927E-005
 -0.37500000000000000       1.46771430541787360E-006
 -0.12500000000000000       2.88144918619011897E-005
  0.12500000000000000      -4.42691246934782661E-005
  0.37500000000000000       3.15247574657186120E-005
  0.62500000000000000      -1.35843003312982451E-006
  0.87500000000000000      -3.06009242156392530E-005
   1.1250000000000000       3.71699361355366453E-005
   1.3750000000000000      -1.25711351194736361E-005
   1.6250000000000000      -3.68313055723422237E-005
   1.8750000000000000       7.81370285932461391E-005
   2.1250000000000000      -8.71185205213356441E-005
   2.3750000000000000       4.85291974740978266E-005
   2.6250000000000000       1.58469324385263107E-005
   2.8750000000000000      -7.56029663376052977E-005
   3.1250000000000000       9.44613157037194084E-005
   3.3750000000000000      -7.11122622218795787E-005
   3.6250000000000000       2.32085398839562313E-005
   3.8750000000000000       9.00919137714646176E-006
   4.1250000000000000      -9.43660552297360922E-006
   4.3750000000000000      -1.91999092261480461E-005
   4.6250000000000000       4.16536714573095151E-005
   4.8750000000000000      -3.69613420263120853E-005
   5.1250000000000000      -7.29921004531117772E-007
   5.3750000000000000       3.93913914629775421E-005
   5.6250000000000000      -5.40823475959339306E-005
   5.8750000000000000       3.07792246806872340E-005
   6.1250000000000000       3.65556828720768575E-006
   6.3750000000000000      -2.44205621906925620E-005
   6.6250000000000000       1.33413509554866331E-005
   6.8750000000000000       6.59683970741710468E-006
   7.1250000000000000      -1.36213588127019309E-005
   7.3750000000000000      -8.66660280401276369E-006
   7.6250000000000000       3.50323972931517456E-005
   7.8750000000000000      -4.31025903073352278E-005
   8.1250000000000000       1.73233747134281363E-005
   8.3750000000000000       1.48163551188150576E-005
   8.6250000000000000      -3.09621535244726208E-005
   8.8750000000000000       1.63577202518564909E-005
   9.1250000000000000       2.89842741401511889E-006
   9.3750000000000000      -1.27006139086366529E-005
   9.6250000000000000       7.82014939805533469E-006
   9.8750000000000000      -1.56032138977939670E-005
   10.125000000000000       3.50250488009921213E-005
   10.375000000000000      -4.91729802026561396E-005
   10.625000000000000       1.87851128778999496E-005
   10.875000000000000       4.32655975636528364E-005
   11.125000000000000      -9.39387559811484573E-005
   11.375000000000000       7.29272904684348560E-005
   11.625000000000000       7.91858168776792096E-006
   11.875000000000000      -9.35483229294463870E-005
   12.125000000000000       1.10192882614053598E-004
   12.375000000000000      -6.11175295106840429E-005
   12.625000000000000      -8.08495922337673451E-006
   12.875000000000000       3.05930043945154082E-005
   13.125000000000000      -5.55668571389549577E-006
   13.375000000000000      -4.02813599878468331E-005
   13.625000000000000       5.40880572784930460E-005
   13.875000000000000      -2.81325719948857361E-005
   14.125000000000000      -3.07610378143700764E-005
   14.375000000000000       7.23094306160501437E-005
   14.625000000000000      -7.04159137053903428E-005
   14.875000000000000       1.97948554726516718E-005
   15.125000000000000       1.46469504102052361E-005
   15.375000000000000       3.98859083650477872E-006
   15.625000000000000      -5.78252264591037305E-005
   15.875000000000000       5.22050147836008088E-005
   16.125000000000000       2.41348152065762781E-005
   16.375000000000000      -8.98758075906907350E-005
   16.625000000000000       4.10332213848780183E-005
   16.875000000000000       5.76520313280555092E-005
   17.125000000000000      -7.47792548617804125E-005
   17.375000000000000      -3.09955668106668469E-005
   17.625000000000000       1.08912572772819588E-004
   17.875000000000000      -6.15754796615132597E-005
   18.125000000000000      -5.41290366927978103E-005
   18.375000000000000       9.19570494395478610E-005
   18.625000000000000      -4.60024937737312916E-005
   18.875000000000000      -3.26335656191629000E-005
   19.125000000000000       9.30643587486916713E-005
   19.375000000000000      -1.14608988088122334E-004
   19.625000000000000       2.74672897902349331E-005
   19.875000000000000       1.05996459417151572E-004
   20.125000000000000      -1.40904005046416997E-004
   20.375000000000000       3.66525123703589573E-005
   20.625000000000000       2.29422257287214727E-005
   20.875000000000000       4.65918853324503723E-007
   21.125000000000000       2.22829082955355839E-005
   21.375000000000000      -1.02201797060027754E-004
   21.625000000000000       4.02729547403217643E-005
   21.875000000000000       8.61968018797416299E-005
   22.125000000000000      -5.41127157678279828E-005
   22.375000000000000      -6.74013161233051594E-005
   22.625000000000000       2.89020357371258292E-005
   22.875000000000000       2.19801282753348050E-005
   23.125000000000000       4.05413783728700809E-005
   23.375000000000000      -9.75882860988735126E-006
   23.625000000000000      -1.31221412705578286E-004
   23.875000000000000       3.18645584631254943E-005
   24.125000000000000       1.24480711582695139E-004
   24.375000000000000      -3.11318482850076516E-006
   24.625000000000000      -8.53236159524901807E-005
   24.875000000000000      -7.74282909937610881E-005
   25.125000000000000       1.24449582093441052E-005
   25.375000000000000       1.28713103543252476E-004
   25.625000000000000       7.76803000534061682E-005
   25.875000000000000      -1.30601078577881525E-004
   26.125000000000000      -1.50721480767288782E-004
   26.375000000000000       8.07189764843958776E-006
   26.625000000000000       1.63705346487468049E-004
   26.875000000000000       1.28472379306180404E-004
   27.125000000000000      -6.33030686406769371E-005
   27.375000000000000      -1.73314492940077579E-004
   27.625000000000000      -1.88004052405479286E-004
   27.875000000000000       1.04384680244368140E-004
   28.125000000000000       2.86335024924585753E-004
   28.375000000000000       6.12781891704329448E-005
   28.625000000000000      -5.30336859591789905E-005
   28.875000000000000      -2.54984023682036784E-004
   29.125000000000000      -2.50501343074725942E-004
   29.375000000000000       1.46484852126412213E-004
   29.625000000000000       2.02190220746550664E-004
   29.875000000000000       2.10665988917744720E-004
   30.125000000000000       1.17710336933800585E-004
   30.375000000000000      -2.86232255497063535E-004
   30.625000000000000      -2.77537058088616934E-004
   30.875000000000000      -8.90202154272276634E-005
   31.125000000000000      -1.16180045456965951E-006
   31.375000000000000       2.28549865632239266E-004
   31.625000000000000       2.81783417325242257E-004
   31.875000000000000       9.56209270937206500E-005
   32.125000000000000      -9.41789256997337912E-005
   32.375000000000000      -2.11447624515514603E-004
   32.625000000000000      -2.97579811079062492E-004
   32.875000000000000      -3.16535191379951116E-004
   33.125000000000000      -9.11464188209259904E-005
   33.375000000000000       1.01955230608268560E-004
   33.625000000000000       2.84471761314578119E-004
   33.875000000000000       8.03379913879978319E-004
   34.125000000000000       1.22923242842479588E-003
   34.375000000000000       1.68575269055686603E-003
   34.625000000000000       2.60229652940871612E-003
   34.875000000000000       3.35756795837425723E-003
   35.125000000000000       4.05241152966705903E-003
   35.375000000000000       5.21670620923199695E-003
   35.625000000000000       6.34053118319715010E-003
   35.875000000000000       7.33071557059613351E-003
   36.125000000000000       8.40655897241448027E-003
   36.375000000000000       9.44302658068002856E-003
   36.625000000000000       1.07791651837024736E-002
   36.875000000000000       1.22517604734842921E-002
   37.125000000000000       1.32429310913253964E-002
   37.375000000000000       1.42492224964665785E-002
   37.625000000000000       1.58134400331923324E-002
   37.875000000000000       1.74863338172163985E-002
   38.125000000000000       1.87446934756708393E-002
   38.375000000000000       1.96498895387498332E-002
   38.625000000000000       2.09052609245724587E-002
   38.875000000000000       2.28183637441035647E-002
   39.125000000000000       2.45643055880055972E-002
   39.375000000000000       2.56751804459880821E-002
   39.625000000000000       2.67979503041504176E-002
   39.875000000000000       2.84567956111234852E-002
   40.125000000000000       3.03661956181252926E-002
   40.375000000000000       3.18724617369205293E-002
   40.625000000000000       3.29498390284428053E-002
   40.875000000000000       3.43054266306666231E-002
   41.125000000000000       3.60530382128027779E-002
   41.375000000000000       3.76309322037259586E-002
   41.625000000000000       3.89506199909323350E-002
   41.875000000000000       4.03007305966640306E-002
   42.125000000000000       4.18351156284871850E-002
   42.375000000000000       4.35881686268002819E-002
   42.625000000000000       4.54280105617062488E-002
   42.875000000000000       4.71897802824759738E-002
   43.125000000000000       4.87169173749239445E-002
   43.375000000000000       4.99068631729408588E-002
   43.625000000000000       5.11189469676390507E-002
   43.875000000000000       5.26841456301310324E-002
   44.125000000000000       5.42418972508930675E-002
   44.375000000000000       5.56181153335476575E-002
   44.625000000000000       5.72806408841130474E-002
   44.875000000000000       5.92873121934547470E-002
   45.125000000000000       6.10200356139450201E-002
   45.375000000000000       6.21796009000888661E-002
   45.625000000000000       6.33183382772823239E-002
   45.875000000000000       6.50090492390244801E-002
   46.125000000000000       6.68405241979785902E-002
   46.375000000000000       6.81979112960160311E-002
   46.625000000000000       6.93892441775737084E-002
   46.875000000000000       7.07633090045119567E-002
   47.125000000000000       7.21851490666246126E-002
   47.375000000000000       7.40310771233822634E-002
   47.625000000000000       7.63965825068541604E-002
   47.875000000000000       7.76376626406796583E-002
   48.125000000000000       7.67980759965722626E-002
   48.375000000000000       7.68606409240775168E-002
   48.625000000000000       8.15094418642021007E-002
   48.875000000000000       8.75647692344450751E-002
   49.125000000000000       8.63418555194439552E-002
   49.375000000000000       7.83158158024425816E-002
   49.625000000000000       7.68362670314030882E-002
   49.875000000000000       9.03330108149104222E-002
   50.125000000000000       0.10479138450810270     
   50.375000000000000       9.67574124751104242E-002
   50.625000000000000       7.38707893523920939E-002
   50.875000000000000       6.70471733563921951E-002
   51.125000000000000       9.32707177284415045E-002
   51.375000000000000       0.12872042157181893     
   51.625000000000000       0.11766209216762119     
   51.875000000000000       7.06017450962029419E-002
   52.125000000000000       4.44905367156942511E-002
   52.375000000000000       6.56794831982100979E-002
   52.625000000000000       0.13287855345730545     
   52.875000000000000       0.16326064078336588     
   53.125000000000000       9.99115669329133371E-002
   53.375000000000000       3.48943307846461617E-002
   53.625000000000000       9.29715615592004510E-003
   53.875000000000000       2.38830531185178774E-003
   54.125000000000000       6.32520457292111318E-004
   54.375000000000000       2.38333375613134396E-004
   54.625000000000000       2.86745299871114031E-004
   54.875000000000000       4.74924868559993454E-004
   55.125000000000000       7.58452951116246371E-004
   55.375000000000000       1.22360403317700551E-003
   55.625000000000000       1.86106692030676914E-003
   55.875000000000000       2.55409170275957545E-003
   56.125000000000000       3.29562962937206489E-003
   56.375000000000000       4.21050068646015851E-003
   56.625000000000000       5.29784216051512949E-003
   56.875000000000000       6.36093283341785439E-003
   57.125000000000000       7.31139553368043930E-003
   57.375000000000000       8.34231902754996139E-003
   57.625000000000000       9.61704951719990868E-003
   57.875000000000000       1.09593043963762023E-002
   58.125000000000000       1.21063536695324419E-002
   58.375000000000000       1.31615785495859811E-002
   58.625000000000000       1.44694727304904274E-002
   58.875000000000000       1.60434416999997026E-002
   59.125000000000000       1.74733014980456812E-002
   59.375000000000000       1.85469155131191138E-002
   59.625000000000000       1.96385483190571128E-002
   59.875000000000000       2.11858653685720426E-002
   60.125000000000000       2.30075321265487513E-002
   60.375000000000000       2.45302641192781147E-002
   60.625000000000000       2.56427631210888289E-002
   60.875000000000000       2.68794984396264099E-002
   61.125000000000000       2.86170124641505381E-002
   61.375000000000000       3.04936110954380571E-002
   61.625000000000000       3.19372753045498170E-002
   61.875000000000000       3.30153866934208007E-002
   62.125000000000000       3.43119211598637702E-002
   62.375000000000000       3.60375616847885619E-002
   62.625000000000000       3.77444092955574392E-002
   62.875000000000000       3.90542802249541354E-002
   63.125000000000000       4.02642638201147623E-002
   63.375000000000000       4.19028265801688893E-002
   63.625000000000000       4.39367482598585005E-002
   63.875000000000000       4.58160912247103716E-002
   64.125000000000000       4.72407178121288726E-002
   64.375000000000000       4.84825267037779506E-002
   64.625000000000000       4.98665669305895509E-002
   64.875000000000000       5.13303047542818941E-002
   65.125000000000000       5.27113701085034012E-002
   65.375000000000000       5.41504692184867770E-002
   65.625000000000000       5.58750833049456094E-002
   65.875000000000000       5.77552520472444722E-002
   66.125000000000000       5.94321275546419517E-002
   66.375000000000000       6.08305084144710323E-002
   66.625000000000000       6.21981460358574656E-002
   66.875000000000000       6.36621207396949329E-002
   67.125000000000000       6.51328193265167249E-002
   67.375000000000000       6.66423009877415012E-002
   67.625000000000000       6.82927222626240893E-002
   67.875000000000000       6.98212186949491859E-002
   68.125000000000000       7.08956145738241644E-002
   68.375000000000000       7.20299667690875306E-002
   68.625000000000000       7.41807571441920471E-002
   68.875000000000000       7.67931083721694052E-002
   69.125000000000000       7.76694670648084284E-002
   69.375000000000000       7.65267692643873954E-002
   69.625000000000000       7.70516310946327415E-002
   69.875000000000000       8.21946389475281675E-002
   70.125000000000000       8.76989910576616988E-002
   70.375000000000000       8.56975283388392850E-002
   70.625000000000000       7.81041854790207740E-002
   70.875000000000000       7.76628320745095524E-002
   71.125000000000000       9.13237411938095794E-002
   71.375000000000000       0.10466218078857337     
   71.625000000000000       9.56240415256845722E-002
   71.875000000000000       7.31750278146067051E-002
   72.125000000000000       6.78691981636684177E-002
   72.375000000000000       9.55059776879848693E-002
   72.625000000000000       0.12963204117258978     
   72.875000000000000       0.11532451327289957     
   73.125000000000000       6.80003873344747906E-002
   73.375000000000000       4.42758762680992707E-002
   73.625000000000000       6.91499576723666187E-002
   73.875000000000000       0.13756613870016188     
   74.125000000000000       0.16120006747448731     
   74.375000000000000       9.43691739273620767E-002
   74.625000000000000       3.23007518540403063E-002
   74.875000000000000       8.80268017573464234E-003
   75.125000000000000       2.52224996581749874E-003
   75.375000000000000       8.88234095286258817E-004
   75.625000000000000       3.89236870115105562E-004
   75.875000000000000       1.95841797404487476E-004
   76.125000000000000       1.04543303989066915E-004
   76.375000000000000       5.66272657180048487E-005
   76.625000000000000       3.04908359760557589E-005
   76.875000000000000       1.61726527496838273E-005
   77.125000000000000       8.41512072980470696E-006
   77.375000000000000       4.28686991615226870E-006
   77.625000000000000       2.13594400695071944E-006
   77.875000000000000       1.04039776101527735E-006
   78.125000000000000       4.95316870245047101E-007
   78.375000000000000       2.30478180089451284E-007
   78.625000000000000       1.04827635314507718E-007
   78.875000000000000       4.66110046155216780E-008
   79.125000000000000       2.02654330421093452E-008
   79.375000000000000       8.61746760283208493E-009
   79.625000000000000       3.58484179753757591E-009
   79.875000000000000       1.45929214143471981E-009
   80.125000000000000       5.81452688413567449E-010
   80.375000000000000       2.26832462933719220E-010
   80.625000000000000       8.66628632794251194E-011
   80.875000000000000       3.24350636613170572E-011
   81.125000000000000       1.18950202322248209E-011
   81.375000000000000       4.27559532959414235E-012
   81.625000000000000       1.50667087362415245E-012
   81.875000000000000       5.20639283294166030E-013
   82.125000000000000       1.76463704128205828E-013
   82.375000000000000       5.86777846247531018E-014
   82.625000000000000       1.91464643054873969E-014
   82.875000000000000       6.13187802154925509E-015
   83.125000000000000       1.92787461431860351E-015
   83.375000000000000       5.95157117329359740E-016
   83.625000000000000       1.80441420346034891E-016
   83.875000000000000       5.37370541252570276E-017
   84.125000000000000       1.57225467587483542E-017
   84.375000000000000       4.52021425240447925E-018
   84.625000000000000       1.27718920997064820E-018
   84.875000000000000       3.54717006431691062E-019
   85.125000000000000       9.68517164586612535E-020
   85.375000000000000       2.60014039060008854E-020
   85.625000000000000       6.86457700953789236E-021
   85.875000000000000       1.78245848954292528E-021
   86.125000000000000       4.55273917278694560E-022
   86.375000000000000       1.14401266805138745E-022
   86.625000000000000       2.82845113410311294E-023
   86.875000000000000       6.88144271393140813E-024
   87.125000000000000       1.64768684438518865E-024
   87.375000000000000       3.88314718975048969E-025
   87.625000000000000       9.00855237942666081E-026
   87.875000000000000       2.05747469701348230E-026
   88.125000000000000       4.62665543396495918E-027
   88.375000000000000       1.02446359437468929E-027
   88.625000000000000       2.23393408572902672E-028
   88.875000000000000       4.79919282595279419E-029
   89.125000000000000       1.02356209411457043E-029
   89.375000000000000       2.54844988364003438E-030
   89.625000000000000       2.54844988364003438E-030
