  -10.625000000000000      -4.43095640611492972E-006
  -10.375000000000000      -4.43095640611492972E-006
  -10.125000000000000       8.05221474343275461E-006
  -9.8750000000000000      -1.46269278988011863E-005
  -9.6250000000000000       1.41453026368874548E-005
  -9.3750000000000000      -1.56756633023441094E-005
  -9.1250000000000000       1.02453331539598038E-005
  -8.8750000000000000      -7.98779714798201264E-006
  -8.6250000000000000       6.77473960126777495E-007
  -8.3750000000000000       1.15313194165346956E-006
  -8.1250000000000000      -5.94893942132614122E-006
  -7.8750000000000000       3.78513251265205165E-006
  -7.6250000000000000      -4.20002415133084224E-006
  -7.3750000000000000      -1.65212061342344675E-006
  -7.1250000000000000       3.15504971772665104E-006
  -6.8750000000000000      -8.66505995134444038E-006
  -6.6250000000000000       7.49223227882057038E-006
  -6.3750000000000000      -8.75120000624741026E-006
  -6.1250000000000000       2.80418438648472359E-006
  -5.8750000000000000      -2.64670008871525146E-007
  -5.6250000000000000      -7.39892554513318346E-006
  -5.3750000000000000       8.73585499928245881E-006
  -5.1250000000000000      -1.24881663062531075E-005
  -4.8750000000000000       7.95941140566975250E-006
  -4.6250000000000000      -5.56936860099412870E-006
  -4.3750000000000000      -3.81274624293973834E-006
  -4.1250000000000000       8.21036108761545347E-006
  -3.8750000000000000      -1.63683252963811266E-005
  -3.6250000000000000       1.66573115000158043E-005
  -3.3750000000000000      -1.95466459650523347E-005
  -3.1250000000000000       1.52767042770373854E-005
  -2.8750000000000000      -1.63857245673841527E-005
  -2.6250000000000000       1.37791164664873770E-005
  -2.3750000000000000      -1.95846532887427817E-005
  -2.1250000000000000       2.23224306689946723E-005
  -1.8750000000000000      -3.12748618521109176E-005
  -1.6250000000000000       3.18213976060766361E-005
  -1.3750000000000000      -3.20468069779066824E-005
  -1.1250000000000000       1.80273262841108633E-005
 -0.87500000000000000      -1.63920158849626851E-006
 -0.62500000000000000      -2.60394787779837295E-005
 -0.37500000000000000       4.75386668082431748E-005
 -0.12500000000000000      -6.87401759872234607E-005
  0.12500000000000000       7.21547536748540263E-005
  0.37500000000000000      -6.82405878744842649E-005
  0.62500000000000000       4.63701112872061603E-005
  0.87500000000000000      -2.49119050945313213E-005
   1.1250000000000000      -1.93594785402996476E-006
   1.3750000000000000       1.49631586696922318E-005
   1.6250000000000000      -2.47688705927206092E-005
   1.8750000000000000       1.94879287539026947E-005
   2.1250000000000000      -1.75896438286711799E-005
   2.3750000000000000       1.07690596540591376E-005
   2.6250000000000000      -1.62058142057048056E-005
   2.8750000000000000       1.88213131241339264E-005
   3.1250000000000000      -2.83126063429047109E-005
   3.3750000000000000       2.43639160828387205E-005
   3.6250000000000000      -1.83253344392240002E-005
   3.8750000000000000      -3.11422903326328616E-006
   4.1250000000000000       1.83855226735307525E-005
   4.3750000000000000      -3.45893344485719969E-005
   4.6250000000000000       3.09621441931518299E-005
   4.8750000000000000      -2.45215153670940335E-005
   5.1250000000000000       7.30591523142009159E-006
   5.3750000000000000      -5.88245325284349007E-006
   5.6250000000000000       1.03247796019735024E-005
   5.8750000000000000      -3.44098329900588765E-005
   6.1250000000000000       4.92871545434298629E-005
   6.3750000000000000      -5.65035187667347062E-005
   6.6250000000000000       2.95211719286478669E-005
   6.8750000000000000       1.00077151665751566E-005
   7.1250000000000000      -6.16403904574033883E-005
   7.3750000000000000       8.39774173966710314E-005
   7.6250000000000000      -7.93956667699010867E-005
   7.8750000000000000       3.20304949900379547E-005
   8.1250000000000000       1.84882672456542222E-005
   8.3750000000000000      -6.23446076076524224E-005
   8.6250000000000000       6.11678184947577348E-005
   8.8750000000000000      -3.62437929525418224E-005
   9.1250000000000000      -9.43826427097951494E-006
   9.3750000000000000       2.76560724853632698E-005
   9.6250000000000000      -2.29028908840379091E-005
   9.8750000000000000      -1.67012958626333817E-005
   10.125000000000000       4.41897290892053637E-005
   10.375000000000000      -5.44233846264913931E-005
   10.625000000000000       2.04192767721990099E-005
   10.875000000000000       1.77430215003047369E-005
   11.125000000000000      -5.10323606512118455E-005
   11.375000000000000       3.82926935151487089E-005
   11.625000000000000      -7.73791044405969236E-006
   11.875000000000000      -3.56707496071912090E-005
   12.125000000000000       4.26610978881954373E-005
   12.375000000000000      -3.03349746368151371E-005
   12.625000000000000      -5.16359797656858385E-006
   12.875000000000000       1.38182232929915905E-005
   13.125000000000000      -7.92374150275268114E-006
   13.375000000000000      -2.25480480187971277E-005
   13.625000000000000       2.81494453064011260E-005
   13.875000000000000      -2.02908372756536388E-005
   14.125000000000000      -1.27536179213545276E-005
   14.375000000000000       1.85865562162115317E-005
   14.625000000000000      -5.94226144648537694E-006
   14.875000000000000      -3.85498767560239828E-005
   15.125000000000000       5.74368615020603944E-005
   15.375000000000000      -5.22710691573707563E-005
   15.625000000000000       1.06512354461942274E-006
   15.875000000000000       4.15953824208147255E-005
   16.125000000000000      -7.54074947763126447E-005
   16.375000000000000       6.80116963677130423E-005
   16.625000000000000      -6.00529557094728512E-005
   16.875000000000000       3.60818691418940846E-005
   17.125000000000000      -2.23240158980464072E-005
   17.375000000000000      -1.50373793303721892E-005
   17.625000000000000       3.90106594123142497E-005
   17.875000000000000      -5.48459567422845731E-005
   18.125000000000000       1.98322690191281402E-005
   18.375000000000000       1.71574751450752779E-005
   18.625000000000000      -4.21679381372291534E-005
   18.875000000000000      -1.20402326436102814E-007
   19.125000000000000       5.44819112539196348E-005
   19.375000000000000      -9.21823388871211572E-005
   19.625000000000000       4.62226488493187418E-005
   19.875000000000000       2.55238886947541587E-005
   20.125000000000000      -8.58524995082811908E-005
   20.375000000000000       5.91004787020381261E-005
   20.625000000000000      -3.46486618220508764E-007
   20.875000000000000      -5.69661172612072442E-005
   21.125000000000000       3.85339933579590389E-005
   21.375000000000000       3.50800109337199375E-006
   21.625000000000000      -4.82878170318903587E-005
   21.875000000000000       3.10709309502700239E-005
   22.125000000000000      -2.73782433768802067E-006
   22.375000000000000      -2.99618322778216458E-005
   22.625000000000000       1.10036364571482786E-005
   22.875000000000000       1.12987921289225133E-005
   23.125000000000000      -3.97844813189091512E-005
   23.375000000000000       1.84159381235277528E-005
   23.625000000000000       8.94760778015653121E-006
   23.875000000000000      -4.57960493003152678E-005
   24.125000000000000       2.92586725190490693E-005
   24.375000000000000      -6.83520923224180825E-006
   24.625000000000000      -1.37290575790598420E-005
   24.875000000000000      -2.82244154156843273E-005
   25.125000000000000       5.21214675691132875E-005
   25.375000000000000      -2.42377572161902886E-005
   25.625000000000000      -9.08140782606014650E-005
   25.875000000000000       1.46555051844949729E-004
   26.125000000000000      -8.30740934986137292E-005
   26.375000000000000      -8.83469176056777997E-005
   26.625000000000000       1.63023902147945826E-004
   26.875000000000000      -9.28591950048665159E-005
   27.125000000000000      -6.32936755291983537E-005
   27.375000000000000       1.07011682321354212E-004
   27.625000000000000      -5.13425646466872328E-005
   27.875000000000000      -4.01164388635045379E-005
   28.125000000000000       4.89060381322467590E-005
   28.375000000000000      -3.75557741587819496E-005
   28.625000000000000       2.43401241475334966E-006
   28.875000000000000       1.68044878547143054E-005
   29.125000000000000      -5.38530232835858215E-005
   29.375000000000000       2.97299585480609829E-005
   29.625000000000000       5.28429554494892285E-006
   29.875000000000000      -3.59018204225525065E-005
   30.125000000000000       8.47140159251499239E-006
   30.375000000000000      -1.58685058849704375E-005
   30.625000000000000       1.17934418538334073E-005
   30.875000000000000       1.06974699223354390E-005
   31.125000000000000      -5.92560212126453384E-005
   31.375000000000000      -2.00970113555057988E-006
   31.625000000000000       7.48360733988119711E-005
   31.875000000000000      -5.58399845466399396E-005
   32.125000000000000      -6.82886147132071562E-005
   32.375000000000000       7.16397847358966216E-005
   32.625000000000000      -1.22301080445843943E-006
   32.875000000000000      -2.84554365280979685E-005
   33.125000000000000      -1.83170023653953019E-005
   33.375000000000000      -3.13658535539774457E-005
   33.625000000000000       5.93689123591471259E-005
   33.875000000000000      -3.21159786121995588E-006
   34.125000000000000      -5.08877571363061749E-005
   34.375000000000000      -3.11885778771694836E-005
   34.625000000000000       9.21638028572135944E-006
   34.875000000000000       9.57898648934649258E-005
   35.125000000000000      -7.54254954107148287E-005
   35.375000000000000      -8.73995526638787128E-005
   35.625000000000000       6.75507361615832326E-005
   35.875000000000000      -1.33275705066711640E-005
   36.125000000000000       5.53110042156130063E-005
   36.375000000000000      -1.62340165385353871E-005
   36.625000000000000      -1.72006157439428620E-004
   36.875000000000000       7.94271932832008428E-005
   37.125000000000000       1.06509381868911105E-004
   37.375000000000000      -4.38079590791644709E-005
   37.625000000000000      -3.10317594959659844E-005
   37.875000000000000      -1.16490961354185065E-004
   38.125000000000000      -3.67636805668792652E-006
   38.375000000000000       1.69093558494155018E-004
   38.625000000000000       1.88107193881437184E-005
   38.875000000000000      -1.13533136324852894E-004
   39.125000000000000      -1.10096147175657848E-004
   39.375000000000000      -2.76682543609071472E-005
   39.625000000000000       1.24630721258083048E-004
   39.875000000000000       1.46311564619752119E-004
   40.125000000000000      -4.72457662376814510E-005
   40.375000000000000      -2.36566546235101948E-004
   40.625000000000000      -9.68265162047205543E-005
   40.875000000000000       1.33092915525953300E-004
   41.125000000000000       1.27165698554238861E-004
   41.375000000000000       1.12660081540886912E-004
   41.625000000000000      -5.45907184119209194E-005
   41.875000000000000      -3.19451458209414206E-004
   42.125000000000000      -1.07021767044743318E-004
   42.375000000000000       1.71450185640232672E-004
   42.625000000000000       1.43956050415047180E-004
   42.875000000000000       1.77889466959101490E-004
   43.125000000000000      -1.08209288692047004E-005
   43.375000000000000      -3.45015458037483595E-004
   43.625000000000000      -1.91675790816435730E-004
   43.875000000000000       5.02357869504593422E-005
   44.125000000000000       9.58612471815337955E-005
   44.375000000000000       2.52926697482155362E-004
   44.625000000000000       1.90974007520654162E-004
   44.875000000000000      -1.43376164126141840E-004
   45.125000000000000      -2.42907692995057901E-004
   45.375000000000000      -1.82183790288823302E-004
   45.625000000000000      -1.10020184630469733E-004
   45.875000000000000       7.27509218617528069E-005
   46.125000000000000       2.00373320480226505E-004
   46.375000000000000       2.06642215865256759E-004
   46.625000000000000       1.51312738893007425E-004
   46.875000000000000      -4.93141321830223089E-005
   47.125000000000000      -2.48613215632587862E-004
   47.375000000000000      -2.54673910268695129E-004
   47.625000000000000      -2.15360914741825335E-004
   47.875000000000000      -2.47238461439728055E-004
   48.125000000000000      -2.34419738855295664E-004
   48.375000000000000      -9.19729300062384488E-006
   48.625000000000000       4.43421906612239704E-004
   48.875000000000000       8.37612513742543355E-004
   49.125000000000000       1.04833375394683057E-003
   49.375000000000000       1.48175648713938382E-003
   49.625000000000000       2.37103983341690246E-003
   49.875000000000000       3.33717626346270984E-003
   50.125000000000000       4.03346699448747358E-003
   50.375000000000000       4.60346032198496926E-003
   50.625000000000000       5.44829452992282286E-003
   50.875000000000000       6.72701148047678051E-003
   51.125000000000000       8.00654035412528241E-003
   51.375000000000000       8.80629045033295976E-003
   51.625000000000000       9.43014638759031090E-003
   51.875000000000000       1.05057323723872428E-002
   52.125000000000000       1.20052293039745305E-002
   52.375000000000000       1.33886907865870802E-002
   52.625000000000000       1.43584811948667037E-002
   52.875000000000000       1.51608443135440550E-002
   53.125000000000000       1.62724421750004358E-002
   53.375000000000000       1.77506963618290318E-002
   53.625000000000000       1.91393221232345721E-002
   53.875000000000000       2.02236960770731042E-002
   54.125000000000000       2.13017370167073068E-002
   54.375000000000000       2.25721314214551438E-002
   54.625000000000000       2.39312626446703675E-002
   54.875000000000000       2.53011282744631666E-002
   55.125000000000000       2.66622374454307809E-002
   55.375000000000000       2.79651356391911604E-002
   55.625000000000000       2.91939791618561623E-002
   55.875000000000000       3.03995622425712771E-002
   56.125000000000000       3.17340343908402156E-002
   56.375000000000000       3.32784739789892536E-002
   56.625000000000000       3.47177271616722211E-002
   56.875000000000000       3.57269300963664674E-002
   57.125000000000000       3.66531664591322956E-002
   57.375000000000000       3.80286551084483629E-002
   57.625000000000000       3.96794013928506717E-002
   57.875000000000000       4.11095468526984087E-002
   58.125000000000000       4.23594094239634414E-002
   58.375000000000000       4.38343526562630578E-002
   58.625000000000000       4.55721357182202885E-002
   58.875000000000000       4.70924598282590756E-002
   59.125000000000000       4.80794638250599954E-002
   59.375000000000000       4.89933546479300042E-002
   59.625000000000000       5.03878872655883353E-002
   59.875000000000000       5.18832574121663795E-002
   60.125000000000000       5.29360503831793477E-002
   60.375000000000000       5.41567619828117047E-002
   60.625000000000000       5.62643797826185080E-002
   60.875000000000000       5.83039452463664856E-002
   61.125000000000000       5.88278323772842143E-002
   61.375000000000000       5.86260880214410085E-002
   61.625000000000000       6.02823845298108771E-002
   61.875000000000000       6.43588536492556429E-002
   62.125000000000000       6.72716196458052751E-002
   62.375000000000000       6.55066718025006933E-002
   62.625000000000000       6.19161912660628477E-002
   62.875000000000000       6.35547807705358486E-002
   63.125000000000000       7.23763616898054907E-002
   63.375000000000000       7.97384710451759376E-002
   63.625000000000000       7.54364892654648539E-002
   63.875000000000000       6.39289538661101248E-002
   64.125000000000000       6.06218257980321931E-002
   64.375000000000000       7.48081834806924306E-002
   64.625000000000000       9.55297821916342715E-002
   64.875000000000000       9.47932051781574109E-002
   65.125000000000000       7.00067073931543160E-002
   65.375000000000000       5.11869705972344130E-002
   65.625000000000000       6.13781271009407603E-002
   65.875000000000000       0.10085431219896461     
   66.125000000000000       0.12548215680761329     
   66.375000000000000       9.42377389817680433E-002
   66.625000000000000       4.93188143232599630E-002
   66.875000000000000       3.63568412804374727E-002
   67.125000000000000       6.90635619359668829E-002
   67.375000000000000       0.13494702870124539     
   67.625000000000000       0.14710353274033353     
   67.875000000000000       8.22979600718830723E-002
   68.125000000000000       3.09413131090451356E-002
   68.375000000000000       2.29188373822787270E-002
   68.625000000000000       6.20247501420303007E-002
   68.875000000000000       0.14813689969404767     
   69.125000000000000       0.17426363406086184     
   69.375000000000000       9.33675712958269149E-002
   69.625000000000000       2.76644073460542150E-002
   69.875000000000000       6.48352882240978493E-003
   70.125000000000000       1.90911019969480398E-003
   70.375000000000000       1.28650963026838232E-003
   70.625000000000000       1.73430189648732030E-003
   70.875000000000000       2.53118295402288531E-003
   71.125000000000000       3.28646548281390661E-003
   71.375000000000000       3.91076622456495299E-003
   71.625000000000000       4.63789294241496834E-003
   71.875000000000000       5.67283910644541308E-003
   72.125000000000000       6.87111894533714001E-003
   72.375000000000000       7.89550940689611770E-003
   72.625000000000000       8.66695601105843712E-003
   72.875000000000000       9.49690112453443688E-003
   73.125000000000000       1.06919412325629168E-002
   73.375000000000000       1.21381347174693618E-002
   73.625000000000000       1.34166777355532695E-002
   73.875000000000000       1.43281369234574199E-002
   74.125000000000000       1.51536801757420434E-002
   74.375000000000000       1.63019896113027474E-002
   74.625000000000000       1.77968285014222620E-002
   74.875000000000000       1.92545176321838665E-002
   75.125000000000000       2.03734080635881200E-002
   75.375000000000000       2.13114558556776745E-002
   75.625000000000000       2.24699004673546213E-002
   75.875000000000000       2.39789009661670466E-002
   76.125000000000000       2.55465126715790532E-002
   76.375000000000000       2.68429951560733605E-002
   76.625000000000000       2.79140944714754320E-002
   76.875000000000000       2.90923931968884754E-002
   77.125000000000000       3.05476213879722590E-002
   77.375000000000000       3.20758423511038407E-002
   77.625000000000000       3.33805399980556250E-002
   77.875000000000000       3.44527875670321906E-002
   78.125000000000000       3.55525009414341536E-002
   78.375000000000000       3.68571961837769399E-002
   78.625000000000000       3.82815197166869320E-002
   78.875000000000000       3.96817860733439595E-002
   79.125000000000000       4.10979414370392232E-002
   79.375000000000000       4.26519545138187989E-002
   79.625000000000000       4.42654663898306017E-002
   79.875000000000000       4.56773570474175578E-002
   80.125000000000000       4.68062958382316416E-002
   80.375000000000000       4.79117849073326593E-002
   80.625000000000000       4.92316182476998654E-002
   80.875000000000000       5.06069441629504943E-002
   81.125000000000000       5.17527219596860127E-002
   81.375000000000000       5.28647729263305929E-002
   81.625000000000000       5.45159531591491234E-002
   81.875000000000000       5.66815743722695123E-002
   82.125000000000000       5.83082892744105144E-002
   82.375000000000000       5.86171004144747584E-002
   82.625000000000000       5.87079243592706079E-002
   82.875000000000000       6.06892362804993743E-002
   83.125000000000000       6.45822503050797747E-002
   83.375000000000000       6.70337234489810779E-002
   83.625000000000000       6.52750652236033513E-002
   83.875000000000000       6.21690478367609434E-002
   84.125000000000000       6.40691246824185850E-002
   84.375000000000000       7.26722182485172730E-002
   84.625000000000000       7.96613184845881422E-002
   84.875000000000000       7.51234841044152168E-002
   85.125000000000000       6.36800187812193025E-002
   85.375000000000000       6.09237818752075902E-002
   85.625000000000000       7.58555662330152036E-002
   85.875000000000000       9.62658589003822646E-002
   86.125000000000000       9.39667322801292226E-002
   86.375000000000000       6.85424041795821420E-002
   86.625000000000000       5.08468474216335967E-002
   86.875000000000000       6.31678243929756633E-002
   87.125000000000000       0.10361332433841812     
   87.375000000000000       0.12516406897960430     
   87.625000000000000       9.15978023641444983E-002
   87.875000000000000       5.04897721137865449E-002
   88.125000000000000       5.40815773769285010E-002
   88.375000000000000       0.14916562169940140     
   88.625000000000000       0.31511227773629974     
   88.875000000000000       0.31054703807096667     
   89.125000000000000       0.14764910118132202     
   89.375000000000000       5.56303513734259653E-002
   89.625000000000000       5.56303513734259583E-002
