  -10.500000000000000        0.0000000000000000     
  -10.250000000000000       2.97265979420947767E-005
  -10.000000000000000      -4.62269851803429524E-005
  -9.7500000000000000       4.18573761912659732E-005
  -9.5000000000000000      -1.78434723999034274E-005
  -9.2500000000000000      -1.57497005203615174E-005
  -9.0000000000000000       4.42483601799676185E-005
  -8.7500000000000000      -5.44357323319751281E-005
  -8.5000000000000000       4.10999288707679481E-005
  -8.2500000000000000      -9.53902246811566006E-006
  -8.0000000000000000      -2.59903434653092708E-005
  -7.7500000000000000       4.96220046293854644E-005
  -7.5000000000000000      -5.15232191007535868E-005
  -7.2500000000000000       3.40901672221315553E-005
  -7.0000000000000000      -1.00368308589467136E-005
  -6.7500000000000000      -4.48412389529275740E-006
  -6.5000000000000000       1.36275341127830240E-006
  -6.2500000000000000       1.39741894038952865E-005
  -6.0000000000000000      -2.39858338288432538E-005
  -5.7500000000000000       1.17703209396717340E-005
  -5.5000000000000000       2.64321922144025099E-005
  -5.2500000000000000      -7.36651088214929615E-005
  -5.0000000000000000       1.01368444994411337E-004
  -4.7500000000000000      -8.66463168704961339E-005
  -4.5000000000000000       3.16779703049793781E-005
  -4.2500000000000000       3.47831705155066511E-005
  -4.0000000000000000      -7.24108156529420447E-005
  -3.7500000000000000       5.82342106867966817E-005
  -3.5000000000000000      -2.94305834461630405E-006
  -3.2500000000000000      -5.31734236691736104E-005
  -3.0000000000000000       7.05048368641041388E-005
  -2.7500000000000000      -3.79469056345866160E-005
  -2.5000000000000000      -1.72757922339270063E-005
  -2.2500000000000000       5.41319856204761928E-005
  -2.0000000000000000      -4.98268972610626837E-005
  -1.7500000000000000       1.92823007455237837E-005
  -1.5000000000000000       3.27052061968854526E-006
  -1.2500000000000000       4.03187424804361972E-006
  -1.0000000000000000      -2.78362798144375870E-005
 -0.75000000000000000       3.66697935760580069E-005
 -0.50000000000000000      -1.27057507132400066E-005
 -0.25000000000000000      -2.60094386587022994E-005
   0.0000000000000000       4.62110656385618010E-005
  0.25000000000000000      -3.27123155861440851E-005
  0.50000000000000000       6.96636301700295266E-006
  0.75000000000000000       6.17304616432593932E-007
   1.0000000000000000       1.57009554585865052E-005
   1.2500000000000000      -2.74598948733182546E-005
   1.5000000000000000       1.00869108357258983E-005
   1.7500000000000000       2.66780802981929582E-005
   2.0000000000000000      -4.50560661416826632E-005
   2.2500000000000000       2.88201162878478528E-005
   2.5000000000000000      -3.74292665512283249E-006
   2.7500000000000000       1.00905887019280296E-005
   3.0000000000000000      -4.63216752421074669E-005
   3.2500000000000000       6.80999300733840449E-005
   3.5000000000000000      -3.64458094444710529E-005
   3.7500000000000000      -3.07909554533672503E-005
   4.0000000000000000       8.02333863417374127E-005
   4.2500000000000000      -7.41132479147703913E-005
   4.5000000000000000       2.16070258951953559E-005
   4.7500000000000000       4.56532423984029023E-005
   5.0000000000000000      -8.88689130940690137E-005
   5.2500000000000000       7.23159165341313604E-005
   5.5000000000000000       1.41929530482315901E-005
   5.7500000000000000      -1.07187365683614915E-004
   6.0000000000000000       1.08996182671426364E-004
   6.2500000000000000      -7.09787917222158603E-006
   6.5000000000000000      -7.31640570188284129E-005
   6.7500000000000000       2.93082624907935338E-005
   7.0000000000000000       6.18143288767592826E-005
   7.2500000000000000      -4.58377518491738902E-005
   7.5000000000000000      -5.72335945456313406E-005
   7.7500000000000000       8.54438423231542891E-005
   8.0000000000000000      -2.93736783559402456E-006
   8.2500000000000000      -5.06327669164352096E-005
   8.5000000000000000       2.52852092303439026E-005
   8.7500000000000000      -7.63533544003666912E-006
   9.0000000000000000       4.49354584281811133E-006
   9.2500000000000000       3.91321593824061351E-005
   9.5000000000000000      -1.77789883327518662E-005
   9.7500000000000000      -1.28376606650581419E-004
   10.000000000000000       1.59779085690759233E-004
   10.250000000000000       4.53086195202001622E-005
   10.500000000000000      -1.48560037092460126E-004
   10.750000000000000       2.91076217135297159E-006
   11.000000000000000       4.09942392725086066E-005
   11.250000000000000       5.99761305725303505E-005
   11.500000000000000       2.19007886531761480E-005
   11.750000000000000      -7.40201228191604809E-005
   12.000000000000000      -1.53445222301941658E-004
   12.250000000000000       1.69780785790691241E-004
   12.500000000000000       8.16817261494782001E-005
   12.750000000000000       1.01114718977988000E-005
   13.000000000000000      -9.13284078944271550E-005
   13.250000000000000      -2.25702993038333707E-004
   13.500000000000000       1.18856130431189587E-004
   13.750000000000000       2.31269802169923515E-004
   14.000000000000000       4.03473339784037825E-005
   14.250000000000000      -4.82849584866158689E-005
   14.500000000000000      -2.64942724523927560E-004
   14.750000000000000      -1.83873435650930755E-004
   15.000000000000000       2.42069389476537639E-004
   15.250000000000000       2.39083725691849834E-004
   15.500000000000000       1.56547654042810081E-004
   15.750000000000000      -9.47845106090618606E-005
   16.000000000000000      -3.20724225148914474E-004
   16.250000000000000      -2.42898644782114925E-004
   16.500000000000000       3.72381796528341519E-005
   16.750000000000000       2.65360250160732319E-004
   17.000000000000000       2.37784265753821969E-004
   17.250000000000000       1.62023475030645208E-004
   17.500000000000000      -1.35255422430108937E-004
   17.750000000000000      -3.19464718580631294E-004
   18.000000000000000      -2.88553180634814276E-004
   18.250000000000000      -1.35372807540197476E-004
   18.500000000000000       1.47682565464267912E-004
   18.750000000000000       4.77820133112282755E-004
   19.000000000000000       9.55707255663803797E-004
   19.250000000000000       1.44456117420194759E-003
   19.500000000000000       2.07929789865139237E-003
   19.750000000000000       2.89000685299174286E-003
   20.000000000000000       3.77723621032695096E-003
   20.250000000000000       4.83851607027079977E-003
   20.500000000000000       5.99304577394568598E-003
   20.750000000000000       7.13272165372326201E-003
   21.000000000000000       8.43303488490635550E-003
   21.250000000000000       9.76961796743333090E-003
   21.500000000000000       1.09686779571354000E-002
   21.750000000000000       1.24579732531139940E-002
   22.000000000000000       1.38440782164186826E-002
   22.250000000000000       1.51758834328971862E-002
   22.500000000000000       1.69143865554482221E-002
   22.750000000000000       1.83207873427528034E-002
   23.000000000000000       1.97768562999240810E-002
   23.250000000000000       2.14749027995017709E-002
   23.500000000000000       2.29713100669149614E-002
   23.750000000000000       2.47400476821407894E-002
   24.000000000000000       2.63664235064973856E-002
   24.250000000000000       2.78660278337820033E-002
   24.500000000000000       2.98507367970846059E-002
   24.750000000000000       3.17425654111366806E-002
   25.000000000000000       3.30824000615450933E-002
   25.250000000000000       3.44609534960083758E-002
   25.500000000000000       3.65255428726674741E-002
   25.750000000000000       3.84777693089404099E-002
   26.000000000000000       3.97654534806235610E-002
   26.250000000000000       4.11897576136489585E-002
   26.500000000000000       4.31752196038513655E-002
   26.750000000000000       4.55484600689079824E-002
   27.000000000000000       4.72490553527134469E-002
   27.250000000000000       4.84354345281613266E-002
   27.500000000000000       5.05838336048727646E-002
   27.750000000000000       5.26257442866925815E-002
   28.000000000000000       5.36709831105732782E-002
   28.250000000000000       5.48858235499280339E-002
   28.500000000000000       5.67324925379114123E-002
   28.750000000000000       5.90771382683783278E-002
   29.000000000000000       6.11061728102624824E-002
   29.250000000000000       6.25469371236643396E-002
   29.500000000000000       6.42232003668320867E-002
   29.750000000000000       6.58187984889933297E-002
   30.000000000000000       6.71954346275080161E-002
   30.250000000000000       6.88509077667922298E-002
   30.500000000000000       7.05556943164535461E-002
   30.750000000000000       7.22591069914051143E-002
   31.000000000000000       7.39418334756283130E-002
   31.250000000000000       7.54735710928189918E-002
   31.500000000000000       7.69211401783952142E-002
   31.750000000000000       7.83446460518092830E-002
   32.000000000000000       8.00012779552347064E-002
   32.250000000000000       8.15132348581738136E-002
   32.500000000000000       8.25372300113601243E-002
   32.750000000000000       8.39557813413423504E-002
   33.000000000000000       8.58709570603690964E-002
   33.250000000000000       8.71085562652137296E-002
   33.500000000000000       8.74737049930554983E-002
   33.750000000000000       8.83986989086100183E-002
   34.000000000000000       9.07652147647076274E-002
   34.250000000000000       9.27372021023666199E-002
   34.500000000000000       9.21740753018559233E-002
   34.750000000000000       9.05111996263789770E-002
   35.000000000000000       9.17613820979814865E-002
   35.250000000000000       9.73599201821373356E-002
   35.500000000000000       0.10091754041797238     
   35.750000000000000       9.42265471088570977E-002
   36.000000000000000       8.31194648598820168E-002
   36.250000000000000       8.51667811020099530E-002
   36.500000000000000       0.10643071389541901     
   36.750000000000000       0.11946094455172779     
   37.000000000000000       9.42897143979648938E-002
   37.250000000000000       5.24138543359815162E-002
   37.500000000000000       2.43120140697748871E-002
   37.750000000000000       1.14409865471079633E-002
   38.000000000000000       5.98568179043994231E-003
   38.250000000000000       3.39365765729014333E-003
   38.500000000000000       1.87077807880032653E-003
   38.750000000000000       8.49941709917394293E-004
   39.000000000000000       2.77708463291335408E-004
   39.250000000000000       8.07308079124721331E-005
   39.500000000000000       8.36212414499615508E-005
   39.750000000000000       2.39718056390981658E-004
   40.000000000000000       5.63204026996787710E-004
   40.250000000000000       9.73103867034308834E-004
   40.500000000000000       1.44632031130819913E-003
   40.750000000000000       2.09035556882328005E-003
   41.000000000000000       2.92416195300792192E-003
   41.250000000000000       3.84785517559055974E-003
   41.500000000000000       4.85663145559287433E-003
   41.750000000000000       6.01112313907157039E-003
   42.000000000000000       7.24707285431893701E-003
   42.250000000000000       8.47083259649042755E-003
   42.500000000000000       9.73172278239708109E-003
   42.750000000000000       1.10864487400728629E-002
   43.000000000000000       1.24689271669113106E-002
   43.250000000000000       1.38606988224276341E-002
   43.500000000000000       1.53507400359989762E-002
   43.750000000000000       1.69061121511836741E-002
   44.000000000000000       1.83835073981246933E-002
   44.250000000000000       1.98394612505326980E-002
   44.500000000000000       2.14620803429033530E-002
   44.750000000000000       2.31745800150590132E-002
   45.000000000000000       2.47543206350402910E-002
   45.250000000000000       2.63216096210861089E-002
   45.500000000000000       2.81551124201309157E-002
   45.750000000000000       3.00640386274726931E-002
   46.000000000000000       3.16208990692184860E-002
   46.250000000000000       3.29932290652885998E-002
   46.500000000000000       3.47383255423205708E-002
   46.750000000000000       3.67585742889112096E-002
   47.000000000000000       3.83898127360308636E-002
   47.250000000000000       3.96423153609978401E-002
   47.500000000000000       4.13123916202498970E-002
   47.750000000000000       4.36012556900860493E-002
   48.000000000000000       4.57044864131155720E-002
   48.250000000000000       4.71928008730653284E-002
   48.500000000000000       4.87075042562914104E-002
   48.750000000000000       5.06825352542770655E-002
   49.000000000000000       5.24930394989770177E-002
   49.250000000000000       5.36665968312923097E-002
   49.500000000000000       5.49181971919725440E-002
   49.750000000000000       5.70153953585160189E-002
   50.000000000000000       5.94573680960166287E-002
   50.250000000000000       6.12914721123016884E-002
   50.500000000000000       6.26013955955411067E-002
   50.750000000000000       6.41179659572249649E-002
   51.000000000000000       6.58906635024489873E-002
   51.250000000000000       6.74526092893182883E-002
   51.500000000000000       6.88855154820560978E-002
   51.750000000000000       7.06389699978674929E-002
   52.000000000000000       7.25650912612151450E-002
   52.250000000000000       7.41341397880854458E-002
   52.500000000000000       7.54193525766304607E-002
   52.750000000000000       7.69391569267770942E-002
   53.000000000000000       7.86825234867104262E-002
   53.250000000000000       8.01685392714246992E-002
   53.500000000000000       8.13579250089901257E-002
   53.750000000000000       8.27036994790724261E-002
   54.000000000000000       8.43459868787958811E-002
   54.250000000000000       8.58882051077456826E-002
   54.500000000000000       8.69571697407199445E-002
   54.750000000000000       8.76889961931577727E-002
   55.000000000000000       8.87681842659151510E-002
   55.250000000000000       9.07259717023436302E-002
   55.500000000000000       9.26025279630964676E-002
   55.750000000000000       9.23835426036058449E-002
   56.000000000000000       9.06271754991954392E-002
   56.250000000000000       9.17714364123811410E-002
   56.500000000000000       9.77073681034184294E-002
   56.750000000000000       0.10099320604783840     
   57.000000000000000       9.34469271727378648E-002
   57.250000000000000       8.26192224803009023E-002
   57.500000000000000       8.63176920769989364E-002
   57.750000000000000       0.10807748204834065     
   58.000000000000000       0.11849038715871200     
   58.250000000000000       9.13410746798109241E-002
   58.500000000000000       5.04385809332173751E-002
   58.750000000000000       2.35456115049759440E-002
   59.000000000000000       1.10320387885200263E-002
   59.250000000000000       5.61171587316580504E-003
   59.500000000000000       3.08560524733692823E-003
   59.750000000000000       1.77705373638556994E-003
   60.000000000000000       1.04284346424454374E-003
   60.250000000000000       6.12449177594958424E-004
   60.500000000000000       3.55997020607315374E-004
   60.750000000000000       2.03399422511326349E-004
   61.000000000000000       1.13723096051468938E-004
   61.250000000000000       6.20401937717516102E-005
   61.500000000000000       3.29601223822418015E-005
   61.750000000000000       1.70318769085303782E-005
   62.000000000000000       8.55411548120832745E-006
   62.250000000000000       4.17408701269811215E-006
   62.500000000000000       1.97864293557568636E-006
   62.750000000000000       9.11208726825386123E-007
   63.000000000000000       4.07749655448055072E-007
   63.250000000000000       1.77342938800830836E-007
   63.500000000000000       7.49935266705113646E-008
   63.750000000000000       3.08449901913154798E-008
   64.000000000000000       1.23443288027822784E-008
   64.250000000000000       4.80892508314520359E-009
   64.500000000000000       1.82432884410324499E-009
   64.750000000000000       6.74230577009592320E-010
   65.000000000000000       2.42849158295889987E-010
   65.250000000000000       8.52817444929192409E-011
   65.500000000000000       2.92099234192025871E-011
   65.750000000000000       9.76152772038643185E-012
   66.000000000000000       3.18398270353173716E-012
   66.250000000000000       1.01399514758586626E-012
   66.500000000000000       3.15394621985696369E-013
   66.750000000000000       9.58431721378554960E-014
   67.000000000000000       2.84633650666697647E-014
   67.250000000000000       8.26330405505151109E-015
   67.500000000000000       2.34575508749841180E-015
   67.750000000000000       6.51308899722042028E-016
   68.000000000000000       1.76919575971030583E-016
   68.250000000000000       4.70277033008098038E-017
   68.500000000000000       1.22354704553608657E-017
   68.750000000000000       3.11653755125409465E-018
   69.000000000000000       7.77321250562851605E-019
   69.250000000000000       1.89886029008325930E-019
   69.500000000000000       4.54395346628866720E-020
   69.750000000000000       1.06537788187964804E-020
   70.000000000000000       2.44782051705159943E-021
   70.250000000000000       5.51233331377350887E-022
   70.500000000000000       1.21686439470884828E-022
   70.750000000000000       2.63370756470908046E-023
   71.000000000000000       5.58954641460702731E-024
   71.250000000000000       1.16340653654660743E-024
   71.500000000000000       2.37515525565994042E-025
   71.750000000000000       4.75680361407155135E-026
   72.000000000000000       9.34664802065594061E-027
   72.250000000000000       1.80204825747210564E-027
   72.500000000000000       3.40954943515261871E-028
   72.750000000000000       6.33134016900192083E-029
   73.000000000000000       1.15400675094646706E-029
   73.250000000000000       2.06480509054489993E-030
   73.500000000000000       3.62701892809912503E-031
   73.750000000000000       6.25548229220812638E-032
   74.000000000000000       1.05937655811588079E-032
   74.250000000000000       1.76179396523741234E-033
   74.500000000000000       2.87746466994761809E-034
   74.750000000000000       4.61581381857505383E-035
   75.000000000000000       7.27280006537204330E-036
   75.250000000000000       1.12564183660459433E-036
   75.500000000000000       1.71148317323007749E-037
   75.750000000000000       2.55650130069932106E-038
   76.000000000000000       3.75185539291992211E-039
   76.250000000000000       5.40999874452359082E-040
   76.500000000000000       7.66517688051547649E-041
   76.750000000000000       1.06719245612837804E-041
   77.000000000000000       1.46008842068621497E-042
   77.250000000000000       1.96313616613915180E-043
   77.500000000000000       2.59402586367425609E-044
   77.750000000000000       3.36873856537436080E-045
   78.000000000000000       4.29976526263686966E-046
   78.250000000000000       5.39412151098209495E-047
   78.500000000000000       6.65132510596139673E-048
   78.750000000000000       8.06155590804814133E-049
   79.000000000000000       9.60424953669238047E-050
   79.250000000000000       1.12473799883693255E-050
   79.500000000000000       1.29476528470619577E-051
   79.750000000000000       1.46517582341628826E-052
   80.000000000000000       1.62987251420236860E-053
   80.250000000000000       1.78232874853019141E-054
   80.500000000000000       1.91600343229179609E-055
   80.750000000000000       2.02479931556430803E-056
   81.000000000000000       2.10352070565604565E-057
   81.250000000000000       2.14828308882310900E-058
   81.500000000000000       2.15682987945390405E-059
   81.750000000000000       2.12872044309599219E-060
   82.000000000000000       2.06536764131450612E-061
   82.250000000000000       1.96992045692997405E-062
   82.500000000000000       1.84700523869583067E-063
   82.750000000000000       1.70235509345050027E-064
   83.000000000000000       1.54236864487338928E-065
   83.250000000000000       1.37364522339839026E-066
   83.500000000000000       1.20254300877210339E-067
   83.750000000000000       1.03480022122761798E-068
   84.000000000000000       8.75248546718491032E-070
   84.250000000000000       7.27634561435192054E-071
   84.500000000000000       5.94551150481364660E-072
   84.750000000000000       4.77468751875793668E-073
   85.000000000000000       3.76847149722028842E-074
   85.250000000000000       2.92303260710616937E-075
   85.500000000000000       2.22808975294383005E-076
   85.750000000000000       1.66895102441536250E-077
   86.000000000000000       1.22841896840994301E-078
   86.250000000000000       8.88424191781470548E-080
   86.500000000000000       6.31310336300806407E-081
   86.750000000000000       4.40748232972827482E-082
   87.000000000000000       3.02300356907411121E-083
   87.250000000000000       2.03685969023537129E-084
   87.500000000000000       1.34812641612706568E-085
   87.750000000000000       8.76432619397835198E-087
   88.000000000000000       5.59622112459882083E-088
   88.250000000000000       3.50936268274635918E-089
   88.500000000000000       2.16115503067610833E-090
   88.750000000000000       1.30687378768582922E-091
   89.000000000000000       7.75945648726404686E-093
   89.250000000000000       4.50875627636737249E-094
   89.500000000000000        0.0000000000000000     
