  -10.500000000000000        0.0000000000000000     
  -10.250000000000000      -3.17248994510737917E-006
  -10.000000000000000       5.28510732776439432E-006
  -9.7500000000000000      -5.08604273405981270E-006
  -9.5000000000000000       1.49957923112162266E-006
  -9.2500000000000000       5.95073503101292166E-006
  -9.0000000000000000      -1.59819927330756369E-005
  -8.7500000000000000       2.56199048524664563E-005
  -8.5000000000000000      -3.02529112002244057E-005
  -8.2500000000000000       2.59552732469406090E-005
  -8.0000000000000000      -1.09810479371463047E-005
  -7.7500000000000000      -1.16805649042005014E-005
  -7.5000000000000000       3.51933205438506111E-005
  -7.2500000000000000      -5.00131704340135586E-005
  -7.0000000000000000       4.89046859039505782E-005
  -6.7500000000000000      -2.96360172704050959E-005
  -6.5000000000000000      -1.81192589959921609E-006
  -6.2500000000000000       3.43758683295840873E-005
  -6.0000000000000000      -5.53999039307920572E-005
  -5.7500000000000000       5.84627629385167286E-005
  -5.5000000000000000      -4.55613127714248143E-005
  -5.2500000000000000       2.79416965624288567E-005
  -5.0000000000000000      -1.79200335032518640E-005
  -4.7500000000000000       2.26434889617952710E-005
  -4.5000000000000000      -3.65616559245389246E-005
  -4.2500000000000000       4.55214229114175016E-005
  -4.0000000000000000      -3.34940666253089972E-005
  -3.7500000000000000      -3.39481895027021665E-006
  -3.5000000000000000       5.32399597531175455E-005
  -3.2500000000000000      -9.03819019183850568E-005
  -3.0000000000000000       9.28606132534276962E-005
  -2.7500000000000000      -5.55575130449221689E-005
  -2.5000000000000000      -6.71143000585904909E-007
  -2.2500000000000000       4.23318648667790626E-005
  -2.0000000000000000      -4.18870062648699846E-005
  -1.7500000000000000       5.04012155995970886E-007
  -1.5000000000000000       5.33293165583922081E-005
  -1.2500000000000000      -7.90817863917061452E-005
  -1.0000000000000000       5.59445013785540968E-005
 -0.75000000000000000       4.44978751914113717E-006
 -0.50000000000000000      -6.27174471951826072E-005
 -0.25000000000000000       8.45354735749858158E-005
   0.0000000000000000      -6.30787031271804431E-005
  0.25000000000000000       2.59909712726208809E-005
  0.50000000000000000      -6.61650981597152373E-006
  0.75000000000000000       1.81542099780467022E-005
   1.0000000000000000      -3.93349228399908325E-005
   1.2500000000000000       3.99311966369973964E-005
   1.5000000000000000      -7.33138861696082421E-006
   1.7500000000000000      -3.61867255298725719E-005
   2.0000000000000000       5.89332993338611983E-005
   2.2500000000000000      -4.71125732566884554E-005
   2.5000000000000000       2.22465256862526832E-005
   2.7500000000000000      -1.31278113653575940E-005
   3.0000000000000000       2.86403368748928225E-005
   3.2500000000000000      -4.40671809034420914E-005
   3.5000000000000000       3.47376857974414214E-005
   3.7500000000000000      -1.50271107120322783E-006
   4.0000000000000000      -2.40926995505380404E-005
   4.2500000000000000       2.14374047601085797E-005
   4.5000000000000000      -1.26072145972576036E-006
   4.7500000000000000      -2.85304162800538232E-006
   5.0000000000000000      -1.61156616774385491E-005
   5.2500000000000000       3.01021090986765150E-005
   5.5000000000000000      -3.85617199357883518E-006
   5.7500000000000000      -4.99494544003895816E-005
   6.0000000000000000       8.02796045926130292E-005
   6.2500000000000000      -4.55906026782728767E-005
   6.5000000000000000      -3.06937266908213202E-005
   6.7500000000000000       8.64727404955943212E-005
   7.0000000000000000      -7.47189434489702183E-005
   7.2500000000000000       9.16928052703465954E-006
   7.5000000000000000       6.42850655175222329E-005
   7.7500000000000000      -9.83017259704648612E-005
   8.0000000000000000       7.46109715952374163E-005
   8.2500000000000000      -3.17518636557036498E-006
   8.5000000000000000      -6.22941505121005012E-005
   8.7500000000000000       6.28965032056635415E-005
   9.0000000000000000       5.48906127492959623E-006
   9.2500000000000000      -5.54031440016118887E-005
   9.5000000000000000       1.36157468001605410E-005
   9.7500000000000000       7.23922498610268008E-005
   10.000000000000000      -7.28150027634556155E-005
   10.250000000000000      -2.65130070375600507E-005
   10.500000000000000       9.17906821813794334E-005
   10.750000000000000      -3.15176429032362865E-005
   11.000000000000000      -4.72745649334254878E-005
   11.250000000000000       1.54427724987444146E-005
   11.500000000000000       8.07913201097504264E-005
   11.750000000000000      -1.05295591484665921E-004
   12.000000000000000       5.86972141866487067E-005
   12.250000000000000      -1.02253556683607209E-005
   12.500000000000000      -4.05768502380064708E-005
   12.750000000000000       8.52177788398893584E-005
   13.000000000000000      -2.00920787018115372E-005
   13.250000000000000      -1.05468130123217337E-004
   13.500000000000000       6.94426729099855355E-005
   13.750000000000000       1.16092773468947337E-004
   14.000000000000000      -1.45885861649290577E-004
   14.250000000000000       8.40453080716822859E-006
   14.500000000000000       1.64731813734861115E-005
   14.750000000000000       2.59733469629667093E-005
   15.000000000000000       8.70356990636450475E-005
   15.250000000000000      -1.24779299621544527E-004
   15.500000000000000      -7.29437754676117648E-005
   15.750000000000000       1.25018581165572252E-004
   16.000000000000000       2.22406523496873141E-005
   16.250000000000000       4.71450744972449107E-005
   16.500000000000000      -9.25164732363097108E-005
   16.750000000000000      -1.75907598585122924E-004
   17.000000000000000       1.71884346787269578E-004
   17.250000000000000       1.26217421880032239E-004
   17.500000000000000       3.00765380753504176E-006
   17.750000000000000      -1.06717022990971921E-004
   18.000000000000000      -1.82111586485302101E-004
   18.250000000000000       6.70539283062870071E-006
   18.500000000000000       2.30633512116528951E-004
   18.750000000000000       1.85317007387794479E-004
   19.000000000000000      -1.10791701052119951E-004
   19.250000000000000      -2.08968974818251208E-004
   19.500000000000000      -1.95108345816315352E-004
   19.750000000000000       3.76555959435152300E-005
   20.000000000000000       3.05363781309511836E-004
   20.250000000000000       2.28944137718602658E-004
   20.500000000000000      -1.96496849414979702E-005
   20.750000000000000      -2.47527479433915410E-004
   21.000000000000000      -2.63448470231794911E-004
   21.250000000000000      -1.17917320351795549E-004
   21.500000000000000       1.32329436100936518E-004
   21.750000000000000       3.08624389376102126E-004
   22.000000000000000       2.19023513920121350E-004
   22.250000000000000      -3.39241037034370145E-006
   22.500000000000000      -1.79479589856187840E-004
   22.750000000000000      -3.07944865778248347E-004
   23.000000000000000      -3.01533824392659160E-004
   23.250000000000000      -6.55312341600593098E-005
   23.500000000000000       1.14944453861209075E-004
   23.750000000000000       4.79904064045277563E-004
   24.000000000000000       9.74004127437231226E-004
   24.250000000000000       1.31439789851147066E-003
   24.500000000000000       2.08004603977995309E-003
   24.750000000000000       2.87189939975978541E-003
   25.000000000000000       3.58872619631190768E-003
   25.250000000000000       4.77538354414437476E-003
   25.500000000000000       5.79353729929975650E-003
   25.750000000000000       6.84078629143202582E-003
   26.000000000000000       8.19945762773047378E-003
   26.250000000000000       9.35189052599360443E-003
   26.500000000000000       1.05845493691605896E-002
   26.750000000000000       1.19285521916672761E-002
   27.000000000000000       1.32192014963173309E-002
   27.250000000000000       1.46530311584909100E-002
   27.500000000000000       1.61597589408960032E-002
   27.750000000000000       1.75224336634477659E-002
   28.000000000000000       1.88007397050045100E-002
   28.250000000000000       2.05017739074442318E-002
   28.500000000000000       2.22053243305359374E-002
   28.750000000000000       2.33636306424609870E-002
   29.000000000000000       2.48527513197371111E-002
   29.250000000000000       2.67722709476913012E-002
   29.500000000000000       2.85745756026091514E-002
   29.750000000000000       3.01090905415043776E-002
   30.000000000000000       3.12239737703464346E-002
   30.250000000000000       3.28892424480487638E-002
   30.500000000000000       3.51615790228169897E-002
   30.750000000000000       3.65421266189995195E-002
   31.000000000000000       3.75259202716399232E-002
   31.250000000000000       3.92271461259592891E-002
   31.500000000000000       4.12788955492348481E-002
   31.750000000000000       4.30909370597435601E-002
   32.000000000000000       4.44420367385615078E-002
   32.250000000000000       4.60555319159148407E-002
   32.500000000000000       4.83075674150779608E-002
   32.750000000000000       5.01268927003588882E-002
   33.000000000000000       5.12635294815983536E-002
   33.250000000000000       5.24641813419201297E-002
   33.500000000000000       5.40009253136621431E-002
   33.750000000000000       5.58108162321555371E-002
   34.000000000000000       5.76591067224410739E-002
   34.250000000000000       5.94912204348512219E-002
   34.500000000000000       6.12726371850788529E-002
   34.750000000000000       6.27762961040713025E-002
   35.000000000000000       6.42461862352755597E-002
   35.250000000000000       6.57847824082959942E-002
   35.500000000000000       6.71584599546572597E-002
   35.750000000000000       6.86940648428483458E-002
   36.000000000000000       7.05384395397525982E-002
   36.250000000000000       7.21866641156544558E-002
   36.500000000000000       7.34363935527518330E-002
   36.750000000000000       7.47843175970718949E-002
   37.000000000000000       7.66553802673404505E-002
   37.250000000000000       7.83514518305280655E-002
   37.500000000000000       7.91967470187774358E-002
   37.750000000000000       8.01598571621868067E-002
   38.000000000000000       8.21072339193630735E-002
   38.250000000000000       8.42323886184678100E-002
   38.500000000000000       8.53610432688096110E-002
   38.750000000000000       8.53266318355010156E-002
   39.000000000000000       8.55887325679729749E-002
   39.250000000000000       8.82597526026103613E-002
   39.500000000000000       9.25132056533084363E-002
   39.750000000000000       9.31928460074489678E-002
   40.000000000000000       8.79446823087268736E-002
   40.250000000000000       8.47422592396505914E-002
   40.500000000000000       9.35900818467444856E-002
   40.750000000000000       0.10725007468505952     
   41.000000000000000       0.10289291535845246     
   41.250000000000000       8.04144371302999011E-002
   41.500000000000000       6.91260249082160522E-002
   41.750000000000000       9.15775236827216232E-002
   42.000000000000000       0.13028275750245991     
   42.250000000000000       0.12453593163709029     
   42.500000000000000       7.24605552621710447E-002
   42.750000000000000       3.01748405182250684E-002
   43.000000000000000       1.16974616311343906E-002
   43.250000000000000       4.95196583028793998E-003
   43.500000000000000       2.26763364579669023E-003
   43.750000000000000       1.02164387709487115E-003
   44.000000000000000       3.73575652357802665E-004
   44.250000000000000       1.00767447151512275E-004
   44.500000000000000       1.26854537363691822E-004
   44.750000000000000       3.01107133206110207E-004
   45.000000000000000       5.35817319224405871E-004
   45.250000000000000       9.02498247461731504E-004
   45.500000000000000       1.44320199286676718E-003
   45.750000000000000       2.08723210704084630E-003
   46.000000000000000       2.82261366054696681E-003
   46.250000000000000       3.72263140933524724E-003
   46.500000000000000       4.76394583698092067E-003
   46.750000000000000       5.83965196362343838E-003
   47.000000000000000       6.95091592535782531E-003
   47.250000000000000       8.16344819696997528E-003
   47.500000000000000       9.41912322010645710E-003
   47.750000000000000       1.06328641818244432E-002
   48.000000000000000       1.18992248364477270E-002
   48.250000000000000       1.33319560694081692E-002
   48.500000000000000       1.47996708676302897E-002
   48.750000000000000       1.61307509377172434E-002
   49.000000000000000       1.74618771014168339E-002
   49.250000000000000       1.90128748000414974E-002
   49.500000000000000       2.06370815123588305E-002
   49.750000000000000       2.20459919932814233E-002
   50.000000000000000       2.33916189783318143E-002
   50.250000000000000       2.50788772824127142E-002
   50.500000000000000       2.70089137079037207E-002
   50.750000000000000       2.86332102236480958E-002
   51.000000000000000       2.98812788264745076E-002
   51.250000000000000       3.13511412396670353E-002
   51.500000000000000       3.32999452630197215E-002
   51.750000000000000       3.51395366266008327E-002
   52.000000000000000       3.64011443902003407E-002
   52.250000000000000       3.75773421234084012E-002
   52.500000000000000       3.93448692207483061E-002
   52.750000000000000       4.14573169804040298E-002
   53.000000000000000       4.31929251294647099E-002
   53.250000000000000       4.45878748623117840E-002
   53.500000000000000       4.63153370586521160E-002
   53.750000000000000       4.84233353023840046E-002
   54.000000000000000       5.01560606752183141E-002
   54.250000000000000       5.12161195800470981E-002
   54.500000000000000       5.23146235305764554E-002
   54.750000000000000       5.40791017572784041E-002
   55.000000000000000       5.61762626593713399E-002
   55.250000000000000       5.79918359933882174E-002
   55.500000000000000       5.95661909627351049E-002
   55.750000000000000       6.12587758608532026E-002
   56.000000000000000       6.29653970334334012E-002
   56.250000000000000       6.43676093752314910E-002
   56.500000000000000       6.56443674847704689E-002
   56.750000000000000       6.72359949291405912E-002
   57.000000000000000       6.90802121881884251E-002
   57.250000000000000       7.07223554672641308E-002
   57.500000000000000       7.20827036372618385E-002
   57.750000000000000       7.35162119427389404E-002
   58.000000000000000       7.51611713758915528E-002
   58.250000000000000       7.67713596965710204E-002
   58.500000000000000       7.81548572721634388E-002
   58.750000000000000       7.93583070271465518E-002
   59.000000000000000       8.05717075631128404E-002
   59.250000000000000       8.21363494736849498E-002
   59.500000000000000       8.41154888170166509E-002
   59.750000000000000       8.55746422493340181E-002
   60.000000000000000       8.55734424850898706E-002
   60.250000000000000       8.55441359629402209E-002
   60.500000000000000       8.83435964434128862E-002
   60.750000000000000       9.29176376267778353E-002
   61.000000000000000       9.31384660723409558E-002
   61.250000000000000       8.73853521622909579E-002
   61.500000000000000       8.49801282526412710E-002
   61.750000000000000       9.47998130861092275E-002
   62.000000000000000       0.10751514285129056     
   62.250000000000000       0.10144257201392315     
   62.500000000000000       7.92840068818413818E-002
   62.750000000000000       7.00185510586495280E-002
   63.000000000000000       9.41306631547941253E-002
   63.250000000000000       0.13127353470694816     
   63.500000000000000       0.12189224311097722     
   63.750000000000000       6.93214407064496885E-002
   64.000000000000000       2.84307058714796182E-002
   64.250000000000000       1.08623842421588356E-002
   64.500000000000000       4.61797911643692729E-003
   64.750000000000000       2.26220669636713681E-003
   65.000000000000000       1.22076743238413109E-003
   65.250000000000000       6.89733806995928731E-004
   65.500000000000000       3.94916002495288628E-004
   65.750000000000000       2.25103792462828583E-004
   66.000000000000000       1.26526133194756427E-004
   66.250000000000000       6.97566973195041964E-005
   66.500000000000000       3.76046371708953247E-005
   66.750000000000000       1.97843974311694756E-005
   67.000000000000000       1.01468438418312706E-005
   67.250000000000000       5.06963842436994521E-006
   67.500000000000000       2.46668810966327210E-006
   67.750000000000000       1.16867732165607459E-006
   68.000000000000000       5.39186221925609814E-007
   68.250000000000000       2.42278771162118359E-007
   68.500000000000000       1.06053735972621208E-007
   68.750000000000000       4.52370694230361155E-008
   69.000000000000000       1.88087125641381711E-008
   69.250000000000000       7.62547209638748594E-009
   69.500000000000000       3.01556710414806889E-009
   69.750000000000000       1.16364099952737654E-009
   70.000000000000000       4.38297969891109045E-010
   70.250000000000000       1.61202216155841483E-010
   70.500000000000000       5.79123653697836727E-011
   70.750000000000000       2.03289170600008035E-011
   71.000000000000000       6.97492468127854218E-012
   71.250000000000000       2.33981944316614893E-012
   71.500000000000000       7.67667733197499416E-013
   71.750000000000000       2.46398597655637252E-013
   72.000000000000000       7.73924147438543771E-014
   72.250000000000000       2.37941610348905802E-014
   72.500000000000000       7.16252810275154565E-015
   72.750000000000000       2.11151395411786413E-015
   73.000000000000000       6.09756920546337092E-016
   73.250000000000000       1.72525813862393134E-016
   73.500000000000000       4.78389297783336352E-017
   73.750000000000000       1.30026096026362238E-017
   74.000000000000000       3.46488901813909763E-018
   74.250000000000000       9.05404038004676409E-019
   74.500000000000000       2.32044370110499133E-019
   74.750000000000000       5.83382200092637901E-020
   75.000000000000000       1.43900994833697695E-020
   75.250000000000000       3.48317202866576925E-021
   75.500000000000000       8.27476687788697257E-022
   75.750000000000000       1.92962466893961124E-022
   76.000000000000000       4.41763758773618033E-023
   76.250000000000000       9.93045051476672512E-024
   76.500000000000000       2.19214121129994462E-024
   76.750000000000000       4.75275702148223463E-025
   77.000000000000000       1.01217316612726851E-025
   77.250000000000000       2.11762304622656527E-026
   77.500000000000000       4.35288906222189286E-027
   77.750000000000000       8.79205069360260463E-028
   78.000000000000000       1.74515121175292227E-028
   78.250000000000000       3.40448231809568039E-029
   78.500000000000000       6.52810817994004472E-030
   78.750000000000000       1.23050464559169968E-030
   79.000000000000000       2.28022979275962581E-031
   79.250000000000000       4.15443177680563953E-032
   79.500000000000000       7.44250263883564857E-033
   79.750000000000000       1.31110034525735657E-033
   80.000000000000000       2.27141361735473127E-034
   80.250000000000000       3.87018996435077464E-035
   80.500000000000000       6.48597341895171812E-036
   80.750000000000000       1.06918935447583239E-036
   81.000000000000000       1.73380061264236121E-037
   81.250000000000000       2.76589693209787525E-038
   81.500000000000000       4.34101408124227316E-039
   81.750000000000000       6.70331507295642385E-040
   82.000000000000000       1.01848594166647807E-040
   82.250000000000000       1.52268485334750877E-041
   82.500000000000000       2.24014497126674386E-042
   82.750000000000000       3.24320042716988508E-043
   83.000000000000000       4.62085600154029089E-044
   83.250000000000000       6.47948453454481815E-045
   83.500000000000000       8.94221791017248921E-046
   83.750000000000000       1.21465577222382342E-046
   84.000000000000000       1.62397676419070339E-047
   84.250000000000000       2.13717223813366253E-048
   84.500000000000000       2.76850888713492832E-049
   84.750000000000000       3.53030031762161125E-050
   85.000000000000000       4.43147655902698123E-051
   85.250000000000000       5.47604725689813804E-052
   85.500000000000000       6.66158872460449551E-053
   85.750000000000000       7.97791578026565346E-054
   86.000000000000000       9.40611586627885113E-055
   86.250000000000000       1.09181194696539098E-055
   86.500000000000000       1.24769534686273848E-056
   86.750000000000000       1.40377720042433668E-057
   87.000000000000000       1.55496859928404289E-058
   87.250000000000000       1.69583246714752843E-059
   87.500000000000000       1.82089712355834581E-060
   87.750000000000000       1.92500323656468065E-061
   88.000000000000000       2.00365410240418006E-062
   88.250000000000000       2.05333640056841949E-063
   88.500000000000000       2.07177967610963721E-064
   88.750000000000000       2.05812658804038175E-065
   89.000000000000000       2.01284796591914386E-066
   89.250000000000000       1.92131446463454642E-067
   89.500000000000000        0.0000000000000000     
