 -0.25000000000000000       1.48863809705008998E-006
  0.25000000000000000       1.48863809705008998E-006
  0.75000000000000000       1.86438869709203338E-006
   1.2500000000000000      -1.73319636742711407E-006
   1.7500000000000000      -3.19914349183361627E-007
   2.2500000000000000      -5.88508979944945002E-007
   2.7500000000000000      -2.49456569974851793E-006
   3.2500000000000000       1.40130667779928147E-006
   3.7500000000000000       8.16872890436968399E-007
   4.2500000000000000      -2.04661675447872399E-006
   4.7500000000000000       3.60827282092951936E-007
   5.2500000000000000       2.39747421225553033E-006
   5.7500000000000000       5.91919919610343559E-008
   6.2500000000000000      -1.18898579933581639E-006
   6.7500000000000000       9.02229899679209731E-007
   7.2500000000000000       1.78087846510373664E-006
   7.7500000000000000      -3.89602396554431084E-007
   8.2500000000000000      -1.86378763605326809E-006
   8.7500000000000000      -2.20362322713450003E-007
   9.2500000000000000       1.91858110636760384E-006
   9.7500000000000000       1.29715599958966452E-006
   10.250000000000000      -9.96705788190590410E-007
   10.750000000000000      -1.45468560487512723E-006
   11.250000000000000       1.47818476986342881E-007
   11.750000000000000       1.04613961798818152E-006
   12.250000000000000      -9.29981813707003345E-009
   12.750000000000000      -2.36844514284513699E-006
   13.250000000000000      -3.75953745839683991E-006
   13.750000000000000      -2.26191193075284306E-006
   14.250000000000000       8.66691867178931406E-007
   14.750000000000000       3.38544177099679803E-006
   15.250000000000000       4.43775269214240573E-006
   15.750000000000000       3.43258817942559718E-006
   16.250000000000000       2.11289335420595898E-006
   16.750000000000000       1.47734592594016599E-006
   17.250000000000000       2.26686389428984208E-007
   17.750000000000000      -1.31791144316561211E-006
   18.250000000000000      -3.12744257792956369E-006
   18.750000000000000      -5.09894770004303883E-006
   19.250000000000000      -5.94486867484347552E-006
   19.750000000000000      -4.67912512817573933E-006
   20.250000000000000      -1.53420774801188769E-006
   20.750000000000000       2.62096029990171238E-006
   21.250000000000000       6.65271185158807185E-006
   21.750000000000000       9.59061522916453890E-006
   22.250000000000000       1.09794669423944770E-005
   22.750000000000000       1.01177442986354400E-005
   23.250000000000000       6.60466813364957090E-006
   23.750000000000000       2.27543241533533464E-006
   24.250000000000000      -2.13420207538933472E-006
   24.750000000000000      -6.17316698918789482E-006
   25.250000000000000      -9.65924544071535603E-006
   25.750000000000000      -1.28400031726476617E-005
   26.250000000000000      -1.58130203385525678E-005
   26.750000000000000      -1.69011478263112807E-005
   27.250000000000000      -1.54791710094374478E-005
   27.750000000000000      -1.00923909222423184E-005
   28.250000000000000      -1.91829634973828970E-006
   28.750000000000000       5.99154843936448018E-006
   29.250000000000000       1.29053913612263183E-005
   29.750000000000000       1.89458018207342787E-005
   30.250000000000000       2.44315257415992731E-005
   30.750000000000000       2.87880227520857577E-005
   31.250000000000000       2.94138403951555902E-005
   31.750000000000000       2.56608702011513699E-005
   32.250000000000000       2.13313834338392919E-005
   32.750000000000000       1.89885549148091158E-005
   33.250000000000000       1.55142607166382343E-005
   33.750000000000000       8.55352737638169139E-006
   34.250000000000000       2.27977378112140252E-006
   34.750000000000000      -1.48610816636471357E-006
   35.250000000000000      -8.88798482652191722E-006
   35.750000000000000      -1.79911721662686897E-005
   36.250000000000000      -1.84479549939075703E-005
   36.750000000000000      -1.94449432459241087E-005
   37.250000000000000      -2.58440945893129196E-005
   37.750000000000000      -2.06859276285485558E-005
   38.250000000000000      -2.77538416209648687E-005
   38.750000000000000      -2.42533927910289842E-005
   39.250000000000000      -2.49526368879976433E-005
   39.750000000000000      -1.47733682202644100E-005
   40.250000000000000      -1.45328694158152903E-005
   40.750000000000000      -1.54904141614379253E-006
   41.250000000000000      -5.48925630524679015E-006
   41.750000000000000      -7.16490519986923931E-006
   42.250000000000000      -4.27645277948600756E-006
   42.750000000000000      -8.71437573328628942E-006
   43.250000000000000      -5.95050938580088372E-006
   43.750000000000000       5.61732871988761184E-006
   44.250000000000000       1.08844888469445571E-005
   44.750000000000000       9.08343302006671577E-006
   45.250000000000000       7.44103985660201950E-006
   45.750000000000000       3.77380696173962952E-006
   46.250000000000000      -4.78535022626659730E-006
   46.750000000000000      -1.10097343576998981E-005
   47.250000000000000      -6.63588648848679023E-006
   47.750000000000000       6.11261740985588579E-006
   48.250000000000000       1.81365475959774200E-005
   48.750000000000000       2.36692346368878745E-005
   49.250000000000000       2.26286751106459088E-005
   49.750000000000000       1.60033075060523963E-005
   50.250000000000000       3.80611478254280446E-006
   50.750000000000000      -1.18895490723544650E-005
   51.250000000000000      -2.47374073514811365E-005
   51.750000000000000      -2.71678793432489791E-005
   52.250000000000000      -1.60777895215150012E-005
   52.750000000000000       4.47544454678436265E-006
   53.250000000000000       2.57425042483714059E-005
   53.750000000000000       3.92279659495903366E-005
   54.250000000000000       4.01935150639080345E-005
   54.750000000000000       2.82183659583830667E-005
   55.250000000000000       6.05820098495144166E-006
   55.750000000000000      -2.13999868294624652E-005
   56.250000000000000      -4.76127045810926860E-005
   56.750000000000000      -6.51019516021453075E-005
   57.250000000000000      -6.72064965155346942E-005
   57.750000000000000      -5.05606751450893207E-005
   58.250000000000000      -1.70417155989684364E-005
   58.750000000000000       2.60508761575678870E-005
   59.250000000000000       6.78961575855697714E-005
   59.750000000000000       9.73530675954739920E-005
   60.250000000000000       1.06135269220210062E-004
   60.750000000000000       9.08483535896341025E-005
   61.250000000000000       5.34670983519293583E-005
   61.750000000000000       5.08061651475250988E-007
   62.250000000000000      -5.85163744520975031E-005
   62.750000000000000      -1.12828100986621231E-004
   63.250000000000000      -1.52008733165887537E-004
   63.750000000000000      -1.67443198165588813E-004
   64.250000000000000      -1.53562672331026184E-004
   64.750000000000000      -1.08798489890972065E-004
   65.250000000000000      -3.60692421386533694E-005
   65.750000000000000       5.73853633949504297E-005
   66.250000000000000       1.60905095817673029E-004
   66.750000000000000       2.61946780233524696E-004
   67.250000000000000       3.47988744994452714E-004
   67.750000000000000       4.08437988770305154E-004
   68.250000000000000       4.36193605108164452E-004
   68.750000000000000       4.28634778869980667E-004
   69.250000000000000       3.87964952148504220E-004
   69.750000000000000       3.20997974402146755E-004
   70.250000000000000       2.38574103291890120E-004
   70.750000000000000       1.54827654116209562E-004
   71.250000000000000       8.65042544952573440E-005
   71.750000000000000       5.24699751016281809E-005
   72.250000000000000       7.34948971046909058E-005
   72.750000000000000       1.72349255146720591E-004
   73.250000000000000       3.74227851819497134E-004
   73.750000000000000       7.07513656104446272E-004
   74.250000000000000       1.20489367181396845E-003
   74.750000000000000       1.90483683694263176E-003
   75.250000000000000       2.85342327128285849E-003
   75.750000000000000       4.10646572845319545E-003
   76.250000000000000       5.73177510136556236E-003
   76.750000000000000       7.81127473560008171E-003
   77.250000000000000       1.04424379466376040E-002
   77.750000000000000       1.37381777391031631E-002
   78.250000000000000       1.78238289623271484E-002
   78.750000000000000       2.28292351385410118E-002
   79.250000000000000       2.88732857200231577E-002
   79.750000000000000       3.60378597189651359E-002
   80.250000000000000       4.43287167133134818E-002
   80.750000000000000       5.36236443521052666E-002
   81.250000000000000       6.36146160917103326E-002
   81.750000000000000       7.37614326741523330E-002
   82.250000000000000       8.32864090475272795E-002
   82.750000000000000       9.12439066675061194E-002
   83.250000000000000       9.66812575941092822E-002
   83.750000000000000       9.88632104382690391E-002
   84.250000000000000       9.74801503465016067E-002
   84.750000000000000       9.27438827899766949E-002
   85.250000000000000       8.53215867671607842E-002
   85.750000000000000       7.61423154263906748E-002
   86.250000000000000       6.61681938182287072E-002
   86.750000000000000       5.62173399526338796E-002
   87.250000000000000       4.68769019707672777E-002
   87.750000000000000       3.84962881558792852E-002
   88.250000000000000       3.12280773675527659E-002
   88.750000000000000       2.50852596542221612E-002
   89.250000000000000       1.99949556574333283E-002
   89.750000000000000       1.58401271504105892E-002
   90.250000000000000       1.24880677058033396E-002
   90.750000000000000       9.80781895893523270E-003
   91.250000000000000       7.67954654597248487E-003
   91.750000000000000       5.99862980363448806E-003
   92.250000000000000       4.67656282072931480E-003
   92.750000000000000       3.64010829799073232E-003
   93.250000000000000       2.82962309988309688E-003
   93.750000000000000       2.19710320587146717E-003
   94.250000000000000       1.70425090316510784E-003
   94.750000000000000       1.32071449754106863E-003
   95.250000000000000       1.02256067268597858E-003
   95.750000000000000       7.90989471042400694E-004
   96.250000000000000       6.11276223535816491E-004
   96.750000000000000       4.71913509464811937E-004
   97.250000000000000       3.63923037022818342E-004
   97.750000000000000       2.80308355089682105E-004
   98.250000000000000       2.15622287694832018E-004
   98.750000000000000       1.65626658494666580E-004
   99.250000000000000       1.27025570305571686E-004
   99.750000000000000       9.72568966516849264E-005
   100.25000000000000       7.43295963675783260E-005
   100.75000000000000       5.66969521106103918E-005
   101.25000000000000       4.31578859296065178E-005
   101.75000000000000       3.27801699311637258E-005
   102.25000000000000       2.48406847734807807E-005
   102.75000000000000       1.87789390042868243E-005
   103.25000000000000       1.41608985949027584E-005
   103.75000000000000       1.06508320250740563E-005
   104.25000000000000       7.98938857126859865E-006
   104.75000000000000       5.97652617848644781E-006
   105.25000000000000       4.45821486608745221E-006
   105.75000000000000       3.31608157532170277E-006
   106.25000000000000       2.45934820359152922E-006
   106.75000000000000       1.81855847193696801E-006
   107.25000000000000       1.34070075484989795E-006
   107.75000000000000       9.85420457760138705E-007
   108.25000000000000       7.22082673834175278E-007
   108.75000000000000       5.27498093394257517E-007
   109.25000000000000       3.84165863352607858E-007
   109.75000000000000       2.78918901615255718E-007
   110.25000000000000       2.01882059773847722E-007
   110.75000000000000       1.45673031898001213E-007
   111.25000000000000       1.04791210471486685E-007
   111.75000000000000       7.51517060559150296E-008
   112.25000000000000       5.37311833811690634E-008
   112.75000000000000       3.82995745341457217E-008
   113.25000000000000       2.72175405992556186E-008
   113.75000000000000       1.92841045547372322E-008
   114.25000000000000       1.36224366335451332E-008
   114.75000000000000       9.59454891538374392E-009
   115.25000000000000       6.73781496671606477E-009
   115.75000000000000       4.71790468419636684E-009
   116.25000000000000       3.29401858758190156E-009
   116.75000000000000       2.29330240826434193E-009
   117.25000000000000       1.59208740436540104E-009
   117.75000000000000       1.10218609901771795E-009
   118.25000000000000       7.60917792596588364E-010
   118.75000000000000       5.23875194096699697E-010
   119.25000000000000       3.59697839254032603E-010
   119.75000000000000       2.46309076533393521E-010
   120.25000000000000       1.68216401796097464E-010
   120.75000000000000       1.14581463027884341E-010
   121.25000000000000       7.78450945910042429E-011
   121.75000000000000       5.27511265846505939E-011
   122.25000000000000       3.56556634957356032E-011
   122.75000000000000       2.40399872943311803E-011
   123.25000000000000       1.61681910058740036E-011
   123.75000000000000       1.08473232893138340E-011
   124.25000000000000       7.25989035600626332E-012
   124.75000000000000       4.84725787539414194E-012
   125.25000000000000       3.22873882324104239E-012
   125.75000000000000       2.14561823579642849E-012
   126.25000000000000       1.42254698119778413E-012
   126.75000000000000       9.40994674536411598E-013
   127.25000000000000       6.21048764586114625E-013
   127.75000000000000       4.08972110721887154E-013
   128.25000000000000       2.68721524974558957E-013
   128.75000000000000       1.76182658214883187E-013
   129.25000000000000       1.15262177292397756E-013
   129.75000000000000       7.52461534131305578E-014
   130.25000000000000       4.90192119397846620E-014
   130.75000000000000       3.18671660344381581E-014
   131.25000000000000       2.06740739350687046E-014
   131.75000000000000       1.33851870696502276E-014
   132.25000000000000       8.64865724308804503E-015
   132.75000000000000       5.57710393323348714E-015
   133.25000000000000       3.58933837657435057E-015
   133.75000000000000       2.30555417127308680E-015
   134.25000000000000       1.47809050606372256E-015
   134.75000000000000       9.45803354860017119E-016
   135.25000000000000       6.04065471732026849E-016
   135.75000000000000       3.85087644187491699E-016
   136.25000000000000       2.45039724441724009E-016
   136.75000000000000       1.55640829265029979E-016
   137.25000000000000       9.86800496000032452E-017
   137.75000000000000       6.24543196975264545E-017
   138.25000000000000       3.94576566253040710E-017
   138.75000000000000       2.48853660441311868E-017
   139.25000000000000       1.56678295502173839E-017
   139.75000000000000       9.84767485023776955E-018
   140.25000000000000       6.17911805012120379E-018
   140.75000000000000       3.87074857704930721E-018
   141.25000000000000       2.42073217441870030E-018
   141.75000000000000       1.51143455979360166E-018
   142.25000000000000       9.42172002724916693E-019
   142.75000000000000       5.86376584643562304E-019
   143.25000000000000       3.64364411718136176E-019
   143.75000000000000       2.26055817987455650E-019
   144.25000000000000       1.40030929726034665E-019
   144.75000000000000       8.66105639246587863E-020
   145.25000000000000       5.34899021535816019E-020
   145.75000000000000       3.29880672495103193E-020
   146.25000000000000       2.03186964284731279E-020
   146.75000000000000       1.25044772647075894E-020
   147.25000000000000       7.69715912562752007E-021
   147.75000000000000       4.75249563669176990E-021
   148.25000000000000       2.96530751165949756E-021
   148.75000000000000       1.90513862163888593E-021
   149.25000000000000       1.31532023735490465E-021
   149.75000000000000       1.05245473799345655E-021
   150.25000000000000       1.05245473799345655E-021
