 -0.25000000000000000       3.85685415234264007E-007
  0.25000000000000000       3.85685415234264007E-007
  0.75000000000000000      -3.37161401668752718E-007
   1.2500000000000000      -2.61133106383036134E-007
   1.7500000000000000      -2.33899015975455088E-006
   2.2500000000000000       1.70682525724295948E-006
   2.7500000000000000       3.73397419246652291E-007
   3.2500000000000000       3.44135181500697532E-007
   3.7500000000000000       3.14521699624634281E-006
   4.2500000000000000       1.95731730575358507E-007
   4.7500000000000000      -2.16203473335804708E-006
   5.2500000000000000       2.78556128550962703E-007
   5.7500000000000000       5.27836955201605659E-007
   6.2500000000000000      -2.19071888950865669E-006
   6.7500000000000000      -1.75477408282707041E-006
   7.2500000000000000       1.45952407691445386E-006
   7.7500000000000000       2.03130075803658413E-006
   8.2500000000000000      -1.83569495370694854E-007
   8.7500000000000000      -8.68006827907888856E-007
   9.2500000000000000       6.60527889467967616E-007
   9.7500000000000000       1.13563632600442176E-006
   10.250000000000000      -4.29180897048847921E-007
   10.750000000000000      -1.70929509944154493E-006
   11.250000000000000      -9.73068587271356878E-007
   11.750000000000000       1.25639096393809247E-006
   12.250000000000000       2.37512013691823720E-006
   12.750000000000000       8.84765920741661543E-007
   13.250000000000000      -9.21461400450674511E-007
   13.750000000000000      -1.06743412983106232E-006
   14.250000000000000       4.00439574594266028E-007
   14.750000000000000       1.88597238261205098E-006
   15.250000000000000       1.28484943047028446E-006
   15.750000000000000      -4.15253930141449557E-007
   16.250000000000000      -2.71681809952370743E-006
   16.750000000000000      -3.13229466021877820E-006
   17.250000000000000      -2.27586949168408590E-006
   17.750000000000000      -1.29188241895778021E-006
   18.250000000000000       1.44617625126681766E-007
   18.750000000000000       1.44491885558733225E-006
   19.250000000000000       2.16277611028848441E-006
   19.750000000000000       2.97599867490132821E-006
   20.250000000000000       4.07195737255786193E-006
   20.750000000000000       4.21603958826504252E-006
   21.250000000000000       2.48622023787306698E-006
   21.750000000000000      -2.13270067526294321E-007
   22.250000000000000      -2.84763032913064749E-006
   22.750000000000000      -5.54355998304147323E-006
   23.250000000000000      -7.34705722905386377E-006
   23.750000000000000      -6.92901547440733569E-006
   24.250000000000000      -4.41308951182936798E-006
   24.750000000000000       3.95856958595173446E-007
   25.250000000000000       5.14146776704494642E-006
   25.750000000000000       8.36775472282052635E-006
   26.250000000000000       9.28260273883596927E-006
   26.750000000000000       8.98635631834519916E-006
   27.250000000000000       8.79834177971923615E-006
   27.750000000000000       7.96742412224965300E-006
   28.250000000000000       5.87233683042610380E-006
   28.750000000000000       8.42924662889853855E-007
   29.250000000000000      -5.98430231761966248E-006
   29.750000000000000      -1.11912459431072971E-005
   30.250000000000000      -1.43213559152993542E-005
   30.750000000000000      -1.68129365225922147E-005
   31.250000000000000      -1.84446951198434961E-005
   31.750000000000000      -1.69211637155942898E-005
   32.250000000000000      -1.09034190363911188E-005
   32.750000000000000      -3.13178991777520792E-006
   33.250000000000000       3.09716680599640206E-006
   33.750000000000000       9.85404941517010562E-006
   34.250000000000000       1.90025057895532848E-005
   34.750000000000000       2.41531068266007107E-005
   35.250000000000000       2.28517019681596916E-005
   35.750000000000000       2.50293338769848468E-005
   36.250000000000000       2.83319844396881304E-005
   36.750000000000000       2.27219759491002432E-005
   37.250000000000000       2.33687667299108684E-005
   37.750000000000000       2.02219575729714455E-005
   38.250000000000000       8.83178996882846589E-006
   38.750000000000000       8.74907944099819675E-006
   39.250000000000000      -4.99429843189894983E-006
   39.750000000000000      -2.48686369829774234E-006
   40.250000000000000      -1.02637630092794953E-005
   40.750000000000000      -1.42748676327499738E-005
   41.250000000000000      -1.52426624645838547E-005
   41.750000000000000      -2.76878142114165753E-005
   42.250000000000000      -2.82757147907746784E-005
   42.750000000000000      -2.55313189166614813E-005
   43.250000000000000      -2.62491616528094607E-005
   43.750000000000000      -1.86122911338657985E-005
   44.250000000000000      -9.17110427787122538E-006
   44.750000000000000      -9.94086439722707799E-006
   45.250000000000000      -1.45829241731333256E-005
   45.750000000000000      -1.45143748885614785E-005
   46.250000000000000      -1.25852712806545926E-005
   46.750000000000000      -1.12221140467944153E-005
   47.250000000000000      -5.80699090002693657E-006
   47.750000000000000       4.91285129768254661E-006
   48.250000000000000       1.33559990616218818E-005
   48.750000000000000       1.22526882821692457E-005
   49.250000000000000       3.27182686450715356E-006
   49.750000000000000      -6.20391016702644367E-006
   50.250000000000000      -1.10885898568542984E-005
   50.750000000000000      -1.07540463279784043E-005
   51.250000000000000      -5.70803241165604413E-006
   51.750000000000000       4.14594602216717366E-006
   52.250000000000000       1.72493400402840268E-005
   52.750000000000000       2.83747456082062354E-005
   53.250000000000000       3.08105379203587874E-005
   53.750000000000000       2.12830989328790698E-005
   54.250000000000000       2.91420855396410432E-006
   54.750000000000000      -1.64014274533774063E-005
   55.250000000000000      -2.85428559188529362E-005
   55.750000000000000      -2.90250906244315066E-005
   56.250000000000000      -1.80551379600790457E-005
   56.750000000000000       6.93341455253914773E-007
   57.250000000000000       2.18256040209307372E-005
   57.750000000000000       3.94156995013996149E-005
   58.250000000000000       4.78525601078518451E-005
   58.750000000000000       4.30243820579431573E-005
   59.250000000000000       2.39196445515769192E-005
   59.750000000000000      -6.14743034241453195E-006
   60.250000000000000      -3.97050758231738574E-005
   60.750000000000000      -6.70603238261032597E-005
   61.250000000000000      -7.93756594574831869E-005
   61.750000000000000      -7.16168256399799956E-005
   62.250000000000000      -4.41947667642589762E-005
   62.750000000000000      -2.79719533477824910E-006
   63.250000000000000       4.33041200199471709E-005
   63.750000000000000       8.36936897302561448E-005
   64.250000000000000       1.09181241604073374E-004
   64.750000000000000       1.13561521393572664E-004
   65.250000000000000       9.45865628530409954E-005
   65.750000000000000       5.42144201245153698E-005
   66.250000000000000      -1.73151404545178840E-006
   66.750000000000000      -6.43939977376007820E-005
   67.250000000000000      -1.23140413982147543E-004
   67.750000000000000      -1.67152339148438962E-004
   68.250000000000000      -1.87157942764141030E-004
   68.750000000000000      -1.77025307479432330E-004
   69.250000000000000      -1.34904893022526134E-004
   69.750000000000000      -6.36748264946902602E-005
   70.250000000000000       2.94117041294169401E-005
   70.750000000000000       1.33801074426354499E-004
   71.250000000000000       2.37209841641034506E-004
   71.750000000000000       3.27383844616077754E-004
   72.250000000000000       3.93739815753964804E-004
   72.750000000000000       4.28654856455644895E-004
   73.250000000000000       4.28278993758018185E-004
   73.750000000000000       3.92858793460269600E-004
   74.250000000000000       3.26647653844271265E-004
   74.750000000000000       2.37527417538974117E-004
   75.250000000000000       1.36477629856032566E-004
   75.750000000000000       3.70145787135673103E-005
   76.250000000000000      -4.53030868064629880E-005
   76.750000000000000      -9.32296994716077349E-005
   77.250000000000000      -8.79933053728367275E-005
   77.750000000000000      -9.21497577743912515E-006
   78.250000000000000       1.65456274911163058E-004
   78.750000000000000       4.61032426014458682E-004
   79.250000000000000       9.06231229703519841E-004
   79.750000000000000       1.53489389386455362E-003
   80.250000000000000       2.38776680021583320E-003
   80.750000000000000       3.51459602845473774E-003
   81.250000000000000       4.97641502357280569E-003
   81.750000000000000       6.84779498624027948E-003
   82.250000000000000       9.21864987592349409E-003
   82.750000000000000       1.21949107336242063E-002
   83.250000000000000       1.58969729053832012E-002
   83.750000000000000       2.04542573621501016E-002
   84.250000000000000       2.59935586894231366E-002
   84.750000000000000       3.26182748942432446E-002
   85.250000000000000       4.03756249400509040E-002
   85.750000000000000       4.92105216112296226E-002
   86.250000000000000       5.89093040708656632E-002
   86.750000000000000       6.90452873325699407E-002
   87.250000000000000       7.89501850196246968E-002
   87.750000000000000       8.77448771384553849E-002
   88.250000000000000       9.44574088266747630E-002
   88.750000000000000       9.82239778178359418E-002
   89.250000000000000       9.85161675141789511E-002
   89.750000000000000       9.52992681812803721E-002
   90.250000000000000       8.90431329044081149E-002
   90.750000000000000       8.05798944291868935E-002
   91.250000000000000       7.08800560040739602E-002
   91.750000000000000       6.08436546123470659E-002
   92.250000000000000       5.11700560716061292E-002
   92.750000000000000       4.23168178027356345E-002
   93.250000000000000       3.45223333198846905E-002
   93.750000000000000       2.78583846323381852E-002
   94.250000000000000       2.22869743192601229E-002
   94.750000000000000       1.77080343294941933E-002
   95.250000000000000       1.39939227006048751E-002
   95.750000000000000       1.10116558325267164E-002
   96.250000000000000       8.63568701387932083E-003
   96.750000000000000       6.75418733239414523E-003
   97.250000000000000       5.27124288260922419E-003
   97.750000000000000       4.10670186271285681E-003
   98.250000000000000       3.19481501701703073E-003
   98.750000000000000       2.48237334212873242E-003
   99.250000000000000       1.92674744241574957E-003
   99.750000000000000       1.49404130363024528E-003
   100.25000000000000       1.15745708479107019E-003
   100.75000000000000       8.95900887070652432E-004
   101.25000000000000       6.92823812193773246E-004
   101.75000000000000       5.35275566923163458E-004
   102.25000000000000       4.13141474780966828E-004
   102.75000000000000       3.18533135646412093E-004
   103.25000000000000       2.45305219318075877E-004
   103.75000000000000       1.88674321350669819E-004
   104.25000000000000       1.44919534627523648E-004
   104.75000000000000       1.11147931926123197E-004
   105.25000000000000       8.51113040619777230E-005
   105.75000000000000       6.50631880579837738E-005
   106.25000000000000       4.96474573450499885E-005
   106.75000000000000       3.78115734575593123E-005
   107.25000000000000       2.87390714852023948E-005
   107.75000000000000       2.17970267653850996E-005
   108.25000000000000       1.64951809690770080E-005
   108.75000000000000       1.24541384050909902E-005
   109.25000000000000       9.38061752427969881E-006
   109.75000000000000       7.04819094775113527E-006
   110.25000000000000       5.28229650576844072E-006
   110.75000000000000       3.94857317522952939E-006
   111.25000000000000       2.94378649883860457E-006
   111.75000000000000       2.18877153183675873E-006
   112.25000000000000       1.62294816781386343E-006
   112.75000000000000       1.20006210040256480E-006
   113.25000000000000       8.84881101409045065E-007
   113.75000000000000       6.50635711471056953E-007
   114.25000000000000       4.77039690411800661E-007
   114.75000000000000       3.48761627061880396E-007
   115.25000000000000       2.54247249393300866E-007
   115.75000000000000       1.84813968859124388E-007
   116.25000000000000       1.33956398920256537E-007
   116.75000000000000       9.68150589712765033E-008
   117.25000000000000       6.97710262867018044E-008
   117.75000000000000       5.01375632229615628E-008
   118.25000000000000       3.59262177944922412E-008
   118.75000000000000       2.56699580682278793E-008
   119.25000000000000       1.82898563246986164E-008
   119.75000000000000       1.29949245822982016E-008
   120.25000000000000       9.20710536019758912E-009
   120.75000000000000       6.50528744794446031E-009
   121.25000000000000       4.58366190807885017E-009
   121.75000000000000       3.22085005667663186E-009
   122.25000000000000       2.25709491154539245E-009
   122.75000000000000       1.57746742997336009E-009
   123.25000000000000       1.09954350662312597E-009
   123.75000000000000       7.64392277188999163E-010
   124.25000000000000       5.30008261845472637E-010
   124.75000000000000       3.66540738703638301E-010
   125.25000000000000       2.52840151166984572E-010
   125.75000000000000       1.73966260421128152E-010
   126.25000000000000       1.19396143654580691E-010
   126.75000000000000       8.17396913386428213E-011
   127.25000000000000       5.58218557606486783E-011
   127.75000000000000       3.80290342856825166E-011
   128.25000000000000       2.58450411494060247E-011
   128.75000000000000       1.75227065865192047E-011
   129.25000000000000       1.18521806703737881E-011
   129.75000000000000       7.99796463018301055E-012
   130.25000000000000       5.38462917509607349E-012
   130.75000000000000       3.61691341842984429E-012
   131.25000000000000       2.42402570573024246E-012
   131.75000000000000       1.62092842039801170E-012
   132.25000000000000       1.08150510864460013E-012
   132.75000000000000       7.20015668177440988E-013
   133.25000000000000       4.78315391762326985E-013
   133.75000000000000       3.17070687473123723E-013
   134.25000000000000       2.09738103818118373E-013
   134.75000000000000       1.38448464624873641E-013
   135.25000000000000       9.12007587771179041E-014
   135.75000000000000       5.99539879639818742E-014
   136.25000000000000       3.93329672372472576E-014
   136.75000000000000       2.57527683365136743E-014
   137.25000000000000       1.68278701006860607E-014
   137.75000000000000       1.09744235251215373E-014
   138.25000000000000       7.14316708396896057E-015
   138.75000000000000       4.64050764917945427E-015
   139.25000000000000       3.00894818425372619E-015
   139.75000000000000       1.94736460731225634E-015
   140.25000000000000       1.25797460954171694E-015
   140.75000000000000       8.11142371746553003E-016
   141.25000000000000       5.22073155757280974E-016
   141.75000000000000       3.35415433240183177E-016
   142.25000000000000       2.15109887972658810E-016
   142.75000000000000       1.37711929516671206E-016
   143.25000000000000       8.80085526207606650E-017
   143.75000000000000       5.61473086700587850E-017
   144.25000000000000       3.57596675220024143E-017
   144.75000000000000       2.27368944702007808E-017
   145.25000000000000       1.44331932219075802E-017
   145.75000000000000       9.14803581718394301E-018
   146.25000000000000       5.79054637899118129E-018
   146.75000000000000       3.66236399195810976E-018
   147.25000000000000       2.31746756674583076E-018
   147.75000000000000       1.47191460408649335E-018
   148.25000000000000       9.45920797573880246E-019
   148.75000000000000       6.26905728024901575E-019
   149.25000000000000       4.46186953612746594E-019
   149.75000000000000       3.64671748770208792E-019
   150.25000000000000       3.64671748770208792E-019
