   0.0000000000000000        0.0000000000000000     
  0.50000000000000000       4.04659460463070311E-006
   1.0000000000000000       4.48546757583854852E-006
   1.5000000000000000       1.06365298802254528E-005
   2.0000000000000000       1.63538049441148595E-005
   2.5000000000000000       1.90111786180877021E-005
   3.0000000000000000       2.20929817827537088E-005
   3.5000000000000000       2.76448045849355128E-005
   4.0000000000000000       3.40892331804144491E-005
   4.5000000000000000       3.86430051165093102E-005
   5.0000000000000000       3.97148543341522707E-005
   5.5000000000000000       3.73911560635416690E-005
   6.0000000000000000       3.26377802663021101E-005
   6.5000000000000000       2.64027224466966524E-005
   7.0000000000000000       1.92399370327567222E-005
   7.5000000000000000       1.14291164959200021E-005
   8.0000000000000000       3.27468141091175756E-006
   8.5000000000000000      -4.70115367168339058E-006
   9.0000000000000000      -1.17811133541056814E-005
   9.5000000000000000      -1.72398207260943981E-005
   10.000000000000000      -2.05718743362944799E-005
   10.500000000000000      -2.16452425641359290E-005
   11.000000000000000      -2.07080857556921107E-005
   11.500000000000000      -1.82628562778444730E-005
   12.000000000000000      -1.49493215062064762E-005
   12.500000000000000      -1.13212260091528504E-005
   13.000000000000000      -7.47879046715128995E-006
   13.500000000000000      -3.70946120714070637E-006
   14.000000000000000      -9.77673710878210857E-007
   14.500000000000000       7.71149163808046722E-007
   15.000000000000000       2.12489560867705369E-006
   15.500000000000000       2.66000972180215709E-006
   16.000000000000000       3.72350140308746347E-006
   16.500000000000000       6.18566271188174930E-006
   17.000000000000000       9.91623467618898663E-006
   17.500000000000000       1.43437273407937352E-005
   18.000000000000000       1.92251885210961979E-005
   18.500000000000000       2.50307292449999636E-005
   19.000000000000000       3.25908542261578113E-005
   19.500000000000000       4.26448488317365826E-005
   20.000000000000000       5.57605639950699473E-005
   20.500000000000000       7.25567265175285797E-005
   21.000000000000000       9.39562892448434829E-005
   21.500000000000000       1.21414024316457159E-004
   22.000000000000000       1.57104445059167883E-004
   22.500000000000000       2.03869272894242437E-004
   23.000000000000000       2.64832989863042338E-004
   23.500000000000000       3.43145176240430881E-004
   24.000000000000000       4.42842561158229842E-004
   24.500000000000000       5.70858246911770369E-004
   25.000000000000000       7.38109522113591324E-004
   25.500000000000000       9.58368653187257995E-004
   26.000000000000000       1.24865228197798919E-003
   26.500000000000000       1.62645354315484438E-003
   27.000000000000000       2.10940170721913341E-003
   27.500000000000000       2.72020331249624506E-003
   28.000000000000000       3.48987257488357757E-003
   28.500000000000000       4.46350709099553600E-003
   29.000000000000000       5.70627830951774256E-003
   29.500000000000000       7.30563203347391922E-003
   30.000000000000000       9.37042290112526793E-003
   30.500000000000000       1.20276851965481161E-002
   31.000000000000000       1.54166016534378301E-002
   31.500000000000000       1.96787172595681396E-002
   32.000000000000000       2.49427961824740772E-002
   32.500000000000000       3.13021553499032712E-002
   33.000000000000000       3.87825960018524374E-002
   33.500000000000000       4.73010543017294768E-002
   34.000000000000000       5.66196600841199701E-002
   34.500000000000000       6.63072106375464515E-002
   35.000000000000000       7.57281880678510461E-002
   35.500000000000000       8.40830418525141399E-002
   36.000000000000000       9.05148329786769346E-002
   36.500000000000000       9.42721657965186893E-002
   37.000000000000000       9.48844892124638267E-002
   37.500000000000000       9.22853310483464639E-002
   38.000000000000000       8.68321807534553347E-002
   38.500000000000000       7.92129590069200196E-002
   39.000000000000000       7.02657525309352410E-002
   39.500000000000000       6.07972253481609964E-002
   40.000000000000000       5.15048404316142613E-002
   40.500000000000000       4.28542274161704262E-002
   41.000000000000000       3.51250347049294476E-002
   41.500000000000000       2.84443344290589359E-002
   42.000000000000000       2.28109882632963716E-002
   42.500000000000000       1.81475609051709175E-002
   43.000000000000000       1.43436996388747028E-002
   43.500000000000000       1.12793270308258718E-002
   44.000000000000000       8.83556966525396795E-003
   44.500000000000000       6.90134391718736934E-003
   45.000000000000000       5.37810147914724850E-003
   45.500000000000000       4.18243655968336854E-003
   46.000000000000000       3.24628275964201039E-003
   46.500000000000000       2.51527278985301875E-003
   47.000000000000000       1.94626574521671925E-003
   47.500000000000000       1.50490244925088499E-003
   48.000000000000000       1.16363982526875107E-003
   48.500000000000000       9.00342528274868234E-004
   49.000000000000000       6.97304687603354941E-004
   49.500000000000000       5.40526556452441791E-004
   50.000000000000000       4.19112295448378512E-004
   50.500000000000000       3.24721035599896441E-004
   51.000000000000000       2.51055727513900821E-004
   51.500000000000000       1.93401223269405650E-004
   52.000000000000000       1.48228454032253232E-004
   52.500000000000000       1.12874871414553692E-004
   53.000000000000000       8.53010865960454948E-005
   53.500000000000000       6.39151562652383255E-005
   54.000000000000000       4.74512700994648992E-005
   54.500000000000000       3.48885629379077844E-005
   55.000000000000000       2.53972777673822196E-005
   55.500000000000000       1.83022529589901890E-005
   56.000000000000000       1.30566830481886565E-005
   56.500000000000000       9.22169366889858046E-006
   57.000000000000000       6.44922092851412922E-006
   57.500000000000000       4.46697877990357659E-006
   58.000000000000000       3.06504802842192578E-006
   58.500000000000000       2.08398302286700038E-006
   59.000000000000000       1.40445321536249778E-006
   59.500000000000000       9.38430639803867786E-007
   60.000000000000000       6.21877811221454654E-007
   60.500000000000000       4.08828342677631979E-007
   61.000000000000000       2.66705971712357230E-007
   61.500000000000000       1.72703000719345068E-007
   62.000000000000000       1.11034587580305884E-007
   62.500000000000000       7.08956684705931372E-008
   63.000000000000000       4.49667602262153004E-008
   63.500000000000000       2.83385122734503858E-008
   64.000000000000000       1.77490342440416567E-008
   64.500000000000000       1.10504251561575560E-008
   65.000000000000000       6.84037548549213726E-009
   65.500000000000000       4.21079020138683918E-009
   66.000000000000000       2.57817287300211117E-009
   66.500000000000000       1.57037548608392999E-009
   67.000000000000000       9.51727620583652567E-010
   67.500000000000000       5.73998468812766580E-010
   68.000000000000000       3.44560594119945755E-010
   68.500000000000000       2.05893244362220747E-010
   69.000000000000000       1.22490398959868363E-010
   69.500000000000000       7.25612089873512058E-011
   70.000000000000000       4.28061209197118678E-011
   70.500000000000000       2.51512760431917833E-011
   71.000000000000000       1.47203612008966319E-011
   71.500000000000000       8.58282902128543069E-012
   72.000000000000000       4.98589510532905373E-012
   72.500000000000000       2.88603512525035431E-012
   73.000000000000000       1.66475027835207946E-012
   73.500000000000000       9.57033176735299139E-013
   74.000000000000000       5.48371656067400144E-013
   74.500000000000000       3.13206804234064325E-013
   75.000000000000000       1.78333157918433053E-013
   75.500000000000000       1.01230834653068727E-013
   76.000000000000000       5.72937227805507290E-014
   76.500000000000000       3.23330865317499120E-014
   77.000000000000000       1.81955140397442708E-014
   77.500000000000000       1.02114754798801271E-014
   78.000000000000000       5.71542474746082559E-015
   78.500000000000000       3.19059833465576094E-015
   79.000000000000000       1.77658552643625179E-015
   79.500000000000000       9.86770710194949548E-016
   80.000000000000000       5.46748229901415543E-016
   80.500000000000000       3.02220213336884410E-016
   81.000000000000000       1.66666286807459536E-016
   81.500000000000000       9.17027766246768793E-017
   82.000000000000000       5.03441794396684085E-017
   82.500000000000000       2.75783929781012674E-017
   83.000000000000000       1.50751523630459667E-017
   83.500000000000000       8.22331681293350870E-018
   84.000000000000000       4.47655318491812466E-018
   84.500000000000000       2.43203677481829093E-018
   85.000000000000000       1.31869347015469667E-018
   85.500000000000000       7.13644645933207952E-019
   86.000000000000000       3.85479406337600423E-019
   86.500000000000000       2.07834398119307352E-019
   87.000000000000000       1.11852662125805184E-019
   87.500000000000000       6.00901066086128840E-020
   88.000000000000000       3.22256753941581225E-020
   88.500000000000000       1.72527251496637326E-020
   89.000000000000000       9.22112273662779604E-021
   89.500000000000000       4.92032428510265718E-021
   90.000000000000000       2.62120201811940842E-021
   90.500000000000000       1.39417326677969627E-021
   91.000000000000000       7.40380191666358250E-022
   91.500000000000000       3.92578547948787318E-022
   92.000000000000000       2.07846967272127917E-022
   92.500000000000000       1.09879703327507870E-022
   93.000000000000000       5.80041305610101381E-023
   93.500000000000000       3.05758631684534707E-023
   94.000000000000000       1.60948640676662999E-023
   94.500000000000000       8.46047661371867465E-024
   95.000000000000000       4.44131071995948691E-024
   95.500000000000000       2.32833747271856820E-024
   96.000000000000000       1.21901351740187498E-024
   96.500000000000000       6.37394166355977166E-025
   97.000000000000000       3.32853810210090250E-025
   97.500000000000000       1.73601535155718884E-025
   98.000000000000000       9.04308578714954563E-026
   98.500000000000000       4.70490734197297574E-026
   99.000000000000000       2.44492143024917215E-026
   99.500000000000000       1.26901287371061529E-026
   100.00000000000000       6.57903398150061641E-027
   100.50000000000000       3.40691049255786499E-027
   101.00000000000000       1.76225660286975249E-027
   101.50000000000000       9.10530637717412809E-028
   102.00000000000000       4.69941692384367023E-028
   102.50000000000000       2.42283716664277259E-028
   103.00000000000000       1.24779144203322748E-028
   103.50000000000000       6.41953898332257623E-029
   104.00000000000000       3.29925689230027061E-029
   104.50000000000000       1.69388971158604601E-029
   105.00000000000000       8.68794269236130950E-030
   105.50000000000000       4.45161468482582533E-030
   106.00000000000000       2.27872984055877888E-030
   106.50000000000000       1.16532884083722613E-030
   107.00000000000000       5.95374375632227385E-031
   107.50000000000000       3.03894794072660711E-031
   108.00000000000000       1.54971998209682504E-031
   108.50000000000000       7.89560328761852398E-032
   109.00000000000000       4.01906170364273356E-032
   109.50000000000000       2.04397860755449945E-032
   110.00000000000000       1.03859274142385667E-032
   110.50000000000000       5.27273970267869638E-033
   111.00000000000000       2.67457169691135209E-033
   111.50000000000000       1.35551296728324554E-033
   112.00000000000000       6.86418837758465681E-034
   112.50000000000000       3.47308387444787646E-034
   113.00000000000000       1.75584550353080573E-034
   113.50000000000000       8.86965204521664522E-035
   114.00000000000000       4.47693040613148449E-035
   114.50000000000000       2.25793649656856109E-035
   115.00000000000000       1.13790180775063733E-035
   115.50000000000000       5.73011744361217633E-036
   116.00000000000000       2.88331336564990738E-036
   116.50000000000000       1.44975159310906062E-036
   117.00000000000000       7.28404370666233072E-037
   117.50000000000000       3.65706258619637176E-037
   118.00000000000000       1.83474950641481230E-037
   118.50000000000000       9.19833607954174253E-038
   119.00000000000000       4.60822186941824315E-038
   119.50000000000000       2.30702630082560294E-038
   120.00000000000000       1.15417098379458175E-038
   120.50000000000000       5.77018215592542577E-039
   121.00000000000000       2.88279610598979555E-039
   121.50000000000000       1.43928424617287552E-039
   122.00000000000000       7.18109402743919450E-040
   122.50000000000000       3.58054513093449744E-040
   123.00000000000000       1.78412482681197289E-040
   123.50000000000000       8.88427235319936767E-041
   124.00000000000000       4.42121851318224955E-041
   124.50000000000000       2.19881394667799975E-041
   125.00000000000000       1.09285922478717417E-041
   125.50000000000000       5.42840199286730556E-042
   126.00000000000000       2.69472577391880703E-042
   126.50000000000000       1.33688687477708382E-042
   127.00000000000000       6.62849479270956225E-043
   127.50000000000000       3.28456591279096483E-043
   128.00000000000000       1.62662120338999602E-043
   128.50000000000000       8.05086983265823969E-044
   129.00000000000000       3.98244339324120021E-044
   129.50000000000000       1.96883495647300543E-044
   130.00000000000000       9.72801721142028681E-045
   130.50000000000000       4.80393424906570869E-045
   131.00000000000000       2.37099061484032796E-045
   131.50000000000000       1.16956667547570247E-045
   132.00000000000000       5.76613472192057700E-046
   132.50000000000000       2.84126328007213711E-046
   133.00000000000000       1.39928853701434988E-046
   133.50000000000000       6.88770211232071287E-047
   134.00000000000000       3.38855752168155366E-047
   134.50000000000000       1.66621449656208144E-047
   135.00000000000000       8.18888131992778543E-048
   135.50000000000000       4.02251728426273762E-048
   136.00000000000000       1.97493567923956939E-048
   136.50000000000000       9.69151517593812824E-049
   137.00000000000000       4.75352798755387500E-049
   137.50000000000000       2.33038682592091496E-049
   138.00000000000000       1.14190367714700110E-049
   138.50000000000000       5.59271000560525772E-050
   139.00000000000000       2.73784185431084727E-050
   139.50000000000000       1.33964421278676635E-050
   140.00000000000000       6.55190278345611442E-051
   140.50000000000000       3.20290496854295884E-051
   141.00000000000000       1.56502417371550407E-051
   141.50000000000000       7.64363894034854486E-052
   142.00000000000000       3.73149703080711395E-052
   142.50000000000000       1.82083897159627713E-052
   143.00000000000000       8.88110780420738403E-053
   143.50000000000000       4.32983693499190869E-053
   144.00000000000000       2.11001890249357841E-053
   144.50000000000000       1.02781068098153332E-053
   145.00000000000000       5.00441542790568189E-054
   145.50000000000000       2.43561227551070726E-054
   146.00000000000000       1.18488784811449960E-054
   146.50000000000000       5.76175029357222177E-055
   147.00000000000000       2.80032488843678261E-055
   147.50000000000000       1.35988168963484706E-055
   148.00000000000000       6.58929538068397330E-056
   148.50000000000000       3.16714513149468870E-056
   149.00000000000000       1.47118261502013403E-056
   149.50000000000000       5.77849746431811946E-057
   150.00000000000000        0.0000000000000000     
