   0.0000000000000000        0.0000000000000000     
  0.50000000000000000      -1.07493660243705087E-006
   1.0000000000000000      -2.40760067768887777E-006
   1.5000000000000000      -3.67520851662149090E-006
   2.0000000000000000      -1.80808575993158802E-006
   2.5000000000000000      -2.32064769917553041E-006
   3.0000000000000000      -1.19628728096747310E-006
   3.5000000000000000       2.85915863758267255E-006
   4.0000000000000000       4.86439041304034780E-006
   4.5000000000000000       4.27674509047347103E-006
   5.0000000000000000       4.11837598597018037E-006
   5.5000000000000000       4.19546785216753863E-006
   6.0000000000000000       2.02462357771431256E-006
   6.5000000000000000      -2.39148443330733708E-006
   7.0000000000000000      -6.38690800878904849E-006
   7.5000000000000000      -8.18775419500528438E-006
   8.0000000000000000      -8.52240426555918705E-006
   8.5000000000000000      -8.72310333805168214E-006
   9.0000000000000000      -8.48014030002321674E-006
   9.5000000000000000      -6.07335456412883126E-006
   10.000000000000000      -4.64771833992914021E-007
   10.500000000000000       7.39892100284297922E-006
   11.000000000000000       1.53728948473365680E-005
   11.500000000000000       2.15337326673542751E-005
   12.000000000000000       2.48934269116641148E-005
   12.500000000000000       2.59223683089031853E-005
   13.000000000000000       2.56746567263748722E-005
   13.500000000000000       2.40780331700526748E-005
   14.000000000000000       2.07780004932840092E-005
   14.500000000000000       1.54584186592059731E-005
   15.000000000000000       8.18067353458054389E-006
   15.500000000000000      -1.54619749839115446E-007
   16.000000000000000      -8.93279504401726133E-006
   16.500000000000000      -1.63435495717879658E-005
   17.000000000000000      -2.18324864086047328E-005
   17.500000000000000      -2.53160641771112262E-005
   18.000000000000000      -2.66345948228745962E-005
   18.500000000000000      -2.61944842307099935E-005
   19.000000000000000      -2.48548644480348652E-005
   19.500000000000000      -2.32465360371213310E-005
   20.000000000000000      -2.14479039168224888E-005
   20.500000000000000      -1.92453524507091780E-005
   21.000000000000000      -1.64978085230322452E-005
   21.500000000000000      -1.32876721887676433E-005
   22.000000000000000      -9.77730779650470742E-006
   22.500000000000000      -5.91798419682671917E-006
   23.000000000000000      -1.74168436973795557E-006
   23.500000000000000       2.02779284626521446E-006
   24.000000000000000       4.58057363023443509E-006
   24.500000000000000       6.05883239825790747E-006
   25.000000000000000       6.14303491211193191E-006
   25.500000000000000       5.48380948477318185E-006
   26.000000000000000       4.60414955230982079E-006
   26.500000000000000       4.31740033182585287E-006
   27.000000000000000       4.66488331913453102E-006
   27.500000000000000       4.99000923323469463E-006
   28.000000000000000       4.98779111660445063E-006
   28.500000000000000       4.17759424283408489E-006
   29.000000000000000       3.33780215530962561E-006
   29.500000000000000       3.91198704957334550E-006
   30.000000000000000       5.70087267172817685E-006
   30.500000000000000       7.00082243616968233E-006
   31.000000000000000       6.32952682901067764E-006
   31.500000000000000       3.71092199845186061E-006
   32.000000000000000       9.24928159132911543E-007
   32.500000000000000       2.05983451400193415E-007
   33.000000000000000       1.94404043098314252E-006
   33.500000000000000       3.89038769959282947E-006
   34.000000000000000       3.46149548744565713E-006
   34.500000000000000       5.82587080335576110E-007
   35.000000000000000      -3.06209681531320384E-006
   35.500000000000000      -6.96414946467563733E-006
   36.000000000000000      -1.04214772415670022E-005
   36.500000000000000      -8.79289169748056496E-006
   37.000000000000000       4.26556731344720522E-008
   37.500000000000000       6.96389158931387761E-006
   38.000000000000000       9.19294363895397320E-006
   38.500000000000000       1.07929450565759625E-005
   39.000000000000000      -2.08787014121462878E-006
   39.500000000000000      -9.45201302105901363E-006
   40.000000000000000      -2.27550397066439768E-005
   40.500000000000000      -2.31800819338822134E-005
   41.000000000000000      -1.35355242238196693E-005
   41.500000000000000       9.96531992060987765E-007
   42.000000000000000       2.46017335431268793E-005
   42.500000000000000       4.67195610652193743E-005
   43.000000000000000       5.53245205688968753E-005
   43.500000000000000       5.02254778124840921E-005
   44.000000000000000       3.41771426418945203E-005
   44.500000000000000       8.17751794936317623E-006
   45.000000000000000      -2.20109051707728231E-005
   45.500000000000000      -4.37173912182481741E-005
   46.000000000000000      -4.42761509983051216E-005
   46.500000000000000      -1.75530123628803519E-005
   47.000000000000000       3.60490697124159004E-005
   47.500000000000000       1.12837170977914231E-004
   48.000000000000000       2.07291800129107086E-004
   48.500000000000000       3.11406025485788684E-004
   49.000000000000000       4.14849646983198907E-004
   49.500000000000000       5.07689631254683803E-004
   50.000000000000000       5.84466597320504539E-004
   50.500000000000000       6.47243193160410555E-004
   51.000000000000000       7.06394466541808929E-004
   51.500000000000000       7.79721246806473842E-004
   52.000000000000000       8.91297616276237603E-004
   52.500000000000000       1.07103663205088172E-003
   53.000000000000000       1.35505019401949015E-003
   53.500000000000000       1.78632569829771551E-003
   54.000000000000000       2.41530592410304492E-003
   54.500000000000000       3.30035691815921874E-003
   55.000000000000000       4.50840610156594702E-003
   55.500000000000000       6.11597775586620457E-003
   56.000000000000000       8.21046187297230778E-003
   56.500000000000000       1.08908944425882889E-002
   57.000000000000000       1.42669674595605270E-002
   57.500000000000000       1.84545075773767699E-002
   58.000000000000000       2.35652993391954196E-002
   58.500000000000000       2.96889917819602826E-002
   59.000000000000000       3.68652434566810322E-002
   59.500000000000000       4.50458617103191364E-002
   60.000000000000000       5.40502980896387930E-002
   60.500000000000000       6.35239496351356764E-002
   61.000000000000000       7.29162981706606844E-002
   61.500000000000000       8.15011864948877729E-002
   62.000000000000000       8.84577804706643961E-002
   62.500000000000000       9.30120627111918064E-002
   63.000000000000000       9.46075715863508582E-002
   63.500000000000000       9.30469422341632935E-002
   64.000000000000000       8.85453733666030224E-002
   64.500000000000000       8.16718783405681048E-002
   65.000000000000000       7.32047925859507648E-002
   65.500000000000000       6.39612462121302849E-002
   66.000000000000000       5.46581649773296360E-002
   66.500000000000000       4.58344631416758644E-002
   67.000000000000000       3.78332964834167326E-002
   67.500000000000000       3.08253134391078196E-002
   68.000000000000000       2.48507099111989864E-002
   68.500000000000000       1.98634386996758526E-002
   69.000000000000000       1.57685409904114067E-002
   69.500000000000000       1.24495834572618674E-002
   70.000000000000000       9.78668256564070235E-003
   70.500000000000000       7.66706090602475507E-003
   71.000000000000000       5.99032479032978252E-003
   71.500000000000000       4.67033709937502827E-003
   72.000000000000000       3.63508283157579085E-003
   72.500000000000000       2.82547836849750354E-003
   73.000000000000000       2.19372590286005809E-003
   73.500000000000000       1.70156727088808342E-003
   74.000000000000000       1.31862859617713378E-003
   74.500000000000000       1.02094594777900035E-003
   75.000000000000000       7.89702763639974371E-004
   75.500000000000000       6.10177114855602943E-004
   76.000000000000000       4.70880613662019764E-004
   76.500000000000000       3.62864109472525080E-004
   77.000000000000000       2.79164014197164805E-004
   77.500000000000000       2.14364573119641598E-004
   78.000000000000000       1.64254142317538196E-004
   78.500000000000000       1.25556697136429939E-004
   79.000000000000000       9.57229213855261604E-005
   79.500000000000000       7.27680867397258538E-005
   80.000000000000000       5.51464309065471828E-005
   80.500000000000000       4.16538592296092857E-005
   81.000000000000000       3.13525444091434719E-005
   81.500000000000000       2.35124190580867758E-005
   82.000000000000000       1.75656898492151177E-005
   82.500000000000000       1.30713952823661049E-005
   83.000000000000000       9.68772443316593674E-006
   83.500000000000000       7.15034990537061592E-006
   84.000000000000000       5.25543786474459091E-006
   84.500000000000000       3.84630938168745783E-006
   85.000000000000000       2.80296314161828462E-006
   85.500000000000000       2.03384808222026631E-006
   86.000000000000000       1.46940989505784861E-006
   86.500000000000000       1.05703848079407860E-006
   87.000000000000000       7.57122586881667810E-007
   87.500000000000000       5.39979090659182298E-007
   88.000000000000000       3.83472208798985474E-007
   88.500000000000000       2.71175593369318937E-007
   89.000000000000000       1.90960202279961914E-007
   89.500000000000000       1.33914751658379455E-007
   90.000000000000000       9.35247560385545313E-008
   90.500000000000000       6.50516021169079420E-008
   91.000000000000000       4.50655182252565802E-008
   91.500000000000000       3.10962676457009896E-008
   92.000000000000000       2.13733655370764796E-008
   92.500000000000000       1.46339659344860047E-008
   93.000000000000000       9.98159001040300188E-009
   93.500000000000000       6.78281997627484781E-009
   94.000000000000000       4.59217222848021742E-009
   94.500000000000000       3.09776045095270569E-009
   95.000000000000000       2.08220605747520139E-009
   95.500000000000000       1.39466565342217912E-009
   96.000000000000000       9.30917459401584338E-010
   96.500000000000000       6.19256884617405877E-010
   97.000000000000000       4.10556357180096463E-010
   97.500000000000000       2.71294113752198594E-010
   98.000000000000000       1.78688531068668803E-010
   98.500000000000000       1.17317940853992394E-010
   99.000000000000000       7.67831635574956823E-011
   99.500000000000000       5.00983462744854060E-011
   100.00000000000000       3.25880384076896576E-011
   100.50000000000000       2.11344876441508861E-011
   101.00000000000000       1.36661047502541335E-011
   101.50000000000000       8.81125419344256128E-012
   102.00000000000000       5.66488018708669535E-012
   102.50000000000000       3.63181229990517167E-012
   103.00000000000000       2.32196136069832945E-012
   103.50000000000000       1.48048624535050839E-012
   104.00000000000000       9.41434350565628612E-013
   104.50000000000000       5.97076634821511925E-013
   105.00000000000000       3.77695841518748374E-013
   105.50000000000000       2.38310823415208777E-013
   106.00000000000000       1.49986354157871048E-013
   106.50000000000000       9.41635378309608343E-014
   107.00000000000000       5.89729821676456080E-014
   107.50000000000000       3.68450065108017037E-014
   108.00000000000000       2.29654516884715652E-014
   108.50000000000000       1.42809599528614881E-014
   109.00000000000000       8.86014421966637225E-015
   109.50000000000000       5.48453443893366909E-015
   110.00000000000000       3.38741672908356720E-015
   110.50000000000000       2.08757152611047776E-015
   111.00000000000000       1.28372404096807920E-015
   111.50000000000000       7.87721983424148526E-016
   112.00000000000000       4.82345647406992642E-016
   112.50000000000000       2.94741113102922574E-016
   113.00000000000000       1.79734982549607103E-016
   113.50000000000000       1.09382127765252052E-016
   114.00000000000000       6.64345570939438277E-017
   114.50000000000000       4.02705405585143349E-017
   115.00000000000000       2.43634162617342515E-017
   115.50000000000000       1.47115203902699572E-017
   116.00000000000000       8.86659112471957629E-018
   116.50000000000000       5.33391924636695967E-018
   117.00000000000000       3.20285650579513762E-018
   117.50000000000000       1.91973049931828052E-018
   118.00000000000000       1.14858997845226097E-018
   118.50000000000000       6.85996327046512584E-019
   119.00000000000000       4.08997265374180280E-019
   119.50000000000000       2.43427986804884690E-019
   120.00000000000000       1.44637715853883460E-019
   120.50000000000000       8.57951657107585585E-020
   121.00000000000000       5.08069807735637605E-020
   121.50000000000000       3.00380809000711676E-020
   122.00000000000000       1.77303761726024152E-020
   122.50000000000000       1.04488686590477739E-020
   123.00000000000000       6.14800996581881981E-021
   123.50000000000000       3.61178665261582482E-021
   124.00000000000000       2.11855603200119461E-021
   124.50000000000000       1.24078380829420565E-021
   125.00000000000000       7.25601858592682088E-022
   125.50000000000000       4.23696062731008186E-022
   126.00000000000000       2.47042554575531597E-022
   126.50000000000000       1.43832755519348408E-022
   127.00000000000000       8.36218514094447687E-023
   127.50000000000000       4.85472720104386306E-023
   128.00000000000000       2.81449160335915270E-023
   128.50000000000000       1.62941621726598972E-023
   129.00000000000000       9.42036689206664118E-024
   129.50000000000000       5.43893593666532428E-024
   130.00000000000000       3.13600635458222143E-024
   130.50000000000000       1.80577317852320556E-024
   131.00000000000000       1.03843432288035098E-024
   131.50000000000000       5.96390385426038261E-025
   132.00000000000000       3.42077162847963251E-025
   132.50000000000000       1.95959066291538100E-025
   133.00000000000000       1.12114131147877610E-025
   133.50000000000000       6.40641175325670087E-026
   134.00000000000000       3.65623858401674557E-026
   134.50000000000000       2.08413087497383006E-026
   135.00000000000000       1.18656553757246153E-026
   135.50000000000000       6.74745768287809710E-027
   136.00000000000000       3.83244233467419762E-027
   136.50000000000000       2.17421930478808841E-027
   137.00000000000000       1.23205041687517143E-027
   137.50000000000000       6.97358500035829047E-028
   138.00000000000000       3.94267696892679166E-028
   138.50000000000000       2.22658195197744235E-028
   139.00000000000000       1.25603979832840612E-028
   139.50000000000000       7.07766665849034317E-029
   140.00000000000000       3.98385463527264478E-029
   140.50000000000000       2.24000068490615894E-029
   141.00000000000000       1.25813907688947118E-029
   141.50000000000000       7.05910201429436761E-030
   142.00000000000000       3.95653467855212776E-030
   142.50000000000000       2.21528467921874446E-030
   143.00000000000000       1.23907451908292320E-030
   143.50000000000000       6.92345390847773520E-031
   144.00000000000000       3.86464616535020764E-031
   144.50000000000000       2.15507309883407214E-031
   145.00000000000000       1.20055660213015575E-031
   145.50000000000000       6.68147481461323254E-032
   146.00000000000000       3.71470429284229937E-032
   146.50000000000000       2.06303639764600882E-032
   147.00000000000000       1.14421561486106342E-032
   147.50000000000000       6.33210851132796426E-033
   148.00000000000000       3.48631300493871965E-033
   148.50000000000000       1.89109714443266302E-033
   149.00000000000000       9.76224144935115513E-034
   149.50000000000000       4.13430919710085827E-034
   150.00000000000000        0.0000000000000000     
