   0.0000000000000000        0.0000000000000000     
  0.50000000000000000       1.66806630927947676E-007
   1.0000000000000000       1.64102442380319350E-006
   1.5000000000000000       3.74007765806286948E-007
   2.0000000000000000       1.02610340188683223E-006
   2.5000000000000000       2.14027816676061088E-006
   3.0000000000000000       5.83631916834984705E-007
   3.5000000000000000       1.06900608410104393E-006
   4.0000000000000000       2.66416441377202714E-006
   4.5000000000000000       1.25535553694258032E-006
   5.0000000000000000      -1.55305437084014961E-006
   5.5000000000000000      -2.44166734432043847E-006
   6.0000000000000000      -2.03369601056391582E-006
   6.5000000000000000      -2.21911769898099766E-006
   7.0000000000000000      -2.27118513833726527E-006
   7.5000000000000000      -3.56980996616130519E-007
   8.0000000000000000       3.18370028997049922E-006
   8.5000000000000000       6.01295372731969420E-006
   9.0000000000000000       6.54070679244781867E-006
   9.5000000000000000       5.23530536968657185E-006
   10.000000000000000       3.38063535702986142E-006
   10.500000000000000       1.49149839991679633E-006
   11.000000000000000      -9.72767617714412343E-007
   11.500000000000000      -4.80607277274287197E-006
   12.000000000000000      -9.53557310172653104E-006
   12.500000000000000      -1.30695333647752599E-005
   13.000000000000000      -1.37886336828954405E-005
   13.500000000000000      -1.13321883381503402E-005
   14.000000000000000      -6.09618947904796475E-006
   14.500000000000000       5.48211283592351798E-007
   15.000000000000000       7.19771575305041837E-006
   15.500000000000000       1.35613445653686040E-005
   16.000000000000000       1.89095848060931333E-005
   16.500000000000000       2.31315553705194356E-005
   17.000000000000000       2.63284170031852234E-005
   17.500000000000000       2.75401600896915276E-005
   18.000000000000000       2.62606283278661595E-005
   18.500000000000000       2.27005077435452838E-005
   19.000000000000000       1.71145467897113641E-005
   19.500000000000000       9.88551685324339882E-006
   20.000000000000000       1.93786823291957419E-006
   20.500000000000000      -5.52833396472015846E-006
   21.000000000000000      -1.18143812459344793E-005
   21.500000000000000      -1.69461557501231631E-005
   22.000000000000000      -2.09832128133796358E-005
   22.500000000000000      -2.36143917384821692E-005
   23.000000000000000      -2.47947367434483158E-005
   23.500000000000000      -2.49938155029851340E-005
   24.000000000000000      -2.42658499961979646E-005
   24.500000000000000      -2.30032707270764480E-005
   25.000000000000000      -2.14091705782392518E-005
   25.500000000000000      -1.90880316920453275E-005
   26.000000000000000      -1.58086309140510293E-005
   26.500000000000000      -1.17365823081134603E-005
   27.000000000000000      -6.88089481747886986E-006
   27.500000000000000      -2.55203149772501499E-006
   28.000000000000000       4.39798033115100944E-007
   28.500000000000000       2.02630263144111305E-006
   29.000000000000000       2.53474131709591749E-006
   29.500000000000000       3.30716282473247778E-006
   30.000000000000000       4.93472267362195335E-006
   30.500000000000000       6.06599942658860432E-006
   31.000000000000000       5.34175847333952031E-006
   31.500000000000000       3.37968046805828762E-006
   32.000000000000000       2.24926693611356226E-006
   32.500000000000000       3.22672045407647674E-006
   33.000000000000000       5.34282724432555208E-006
   33.500000000000000       6.62606100636138594E-006
   34.000000000000000       6.63399116021603538E-006
   34.500000000000000       6.30730138802270229E-006
   35.000000000000000       5.14914993021416638E-006
   35.500000000000000       2.01085507885612752E-006
   36.000000000000000       6.25225178873805990E-008
   36.500000000000000       3.63513333037713097E-006
   37.000000000000000       7.68873670380067697E-006
   37.500000000000000       6.95923180269655772E-006
   38.000000000000000       7.80311617166438320E-006
   38.500000000000000       6.35493060132394126E-007
   39.000000000000000      -6.19788271812510653E-006
   39.500000000000000      -1.23895378924346367E-005
   40.000000000000000      -1.06879920628972597E-005
   40.500000000000000      -8.31303747531795368E-006
   41.000000000000000       4.25133752003484948E-006
   41.500000000000000       1.26795258620309136E-005
   42.000000000000000       1.39964602116503040E-005
   42.500000000000000       1.18519284293428379E-005
   43.000000000000000       1.20684580386159371E-006
   43.500000000000000      -1.64265989999503945E-005
   44.000000000000000      -2.99294685139748535E-005
   44.500000000000000      -3.24046027428824302E-005
   45.000000000000000      -2.45486874879985258E-005
   45.500000000000000      -7.92235760833159658E-006
   46.000000000000000       1.62411007170845807E-005
   46.500000000000000       4.25333658448687706E-005
   47.000000000000000       6.10562322770022312E-005
   47.500000000000000       6.32266946404923377E-005
   48.000000000000000       4.70192072075126751E-005
   48.500000000000000       1.69843206787420229E-005
   49.000000000000000      -1.90471913197323641E-005
   49.500000000000000      -5.25089803196167833E-005
   50.000000000000000      -7.46825202152126100E-005
   50.500000000000000      -7.70286323151369451E-005
   51.000000000000000      -5.28496460292171636E-005
   51.500000000000000       1.84194673622616989E-007
   52.000000000000000       7.84339394059774855E-005
   52.500000000000000       1.72877186396906663E-004
   53.000000000000000       2.71628503258310020E-004
   53.500000000000000       3.63090230267266404E-004
   54.000000000000000       4.38480707305808368E-004
   54.500000000000000       4.93272778115372268E-004
   55.000000000000000       5.27828972844823188E-004
   55.500000000000000       5.47762318681653147E-004
   56.000000000000000       5.64321856795132679E-004
   56.500000000000000       5.94746719678807055E-004
   57.000000000000000       6.62367031374454761E-004
   57.500000000000000       7.96338265534836474E-004
   58.000000000000000       1.03115038042307498E-003
   58.500000000000000       1.40625924979228558E-003
   59.000000000000000       1.96622045980935798E-003
   59.500000000000000       2.76155879552539806E-003
   60.000000000000000       3.85035910621630466E-003
   60.500000000000000       5.30030683354958121E-003
   61.000000000000000       7.19068653264807837E-003
   61.500000000000000       9.61365010972491801E-003
   62.000000000000000       1.26738371455031740E-002
   62.500000000000000       1.64851112810306608E-002
   63.000000000000000       2.11627660653230451E-002
   63.500000000000000       2.68091644582803823E-002
   64.000000000000000       3.34907134948738694E-002
   64.500000000000000       4.12049020971751168E-002
   65.000000000000000       4.98386397745132215E-002
   65.500000000000000       5.91240506280973632E-002
   66.000000000000000       6.86050389438676578E-002
   66.500000000000000       7.76349851927948392E-002
   67.000000000000000       8.54273597106892518E-002
   67.500000000000000       9.11698517861879859E-002
   68.000000000000000       9.41863308435049035E-002
   68.500000000000000       9.40993202327697759E-002
   69.000000000000000       9.09302787715970673E-002
   69.500000000000000       8.50936567111612446E-002
   70.000000000000000       7.72874020609299606E-002
   70.500000000000000       6.83275261688612717E-002
   71.000000000000000       5.89892614678671282E-002
   71.500000000000000       4.98992130213848709E-002
   72.000000000000000       4.14909593886915659E-002
   72.500000000000000       3.40116386886229957E-002
   73.000000000000000       2.75574168016143595E-002
   73.500000000000000       2.21180546258799467E-002
   74.000000000000000       1.76180313008045854E-002
   74.500000000000000       1.39486688225526449E-002
   75.000000000000000       1.09903702373585991E-002
   75.500000000000000       8.62640865592769271E-003
   76.000000000000000       6.75043225894828448E-003
   76.500000000000000       5.26973986204263764E-003
   77.000000000000000       4.10595076756208738E-003
   77.500000000000000       3.19422008274533641E-003
   78.000000000000000       2.48175298151406213E-003
   78.500000000000000       1.92607734132667092E-003
   79.000000000000000       1.49333405465134055E-003
   79.500000000000000       1.15671642490179898E-003
   80.000000000000000       8.95112836887179773E-004
   80.500000000000000       6.91963044297684744E-004
   81.000000000000000       5.34315485898725494E-004
   81.500000000000000       4.12062640863221472E-004
   82.000000000000000       3.17328179920921662E-004
   82.500000000000000       2.43980240961564428E-004
   83.000000000000000       1.87247577493551546E-004
   83.500000000000000       1.43418462550838182E-004
   84.000000000000000       1.09605460606577543E-004
   84.500000000000000       8.35621922373875454E-005
   85.000000000000000       6.35408728153529157E-005
   85.500000000000000       4.81816671883836812E-005
   86.000000000000000       3.64267785572031701E-005
   86.500000000000000       2.74537179267494144E-005
   87.000000000000000       2.06234267968594259E-005
   87.500000000000000       1.54398978886814788E-005
   88.000000000000000       1.15187015901061074E-005
   88.500000000000000       8.56241948185901530E-006
   89.000000000000000       6.34144519132743763E-006
   89.500000000000000       4.67896570239695511E-006
   90.000000000000000       3.43920668330101500E-006
   90.500000000000000       2.51823229788479329E-006
   91.000000000000000       1.83674828223564895E-006
   91.500000000000000       1.33447843234400613E-006
   92.000000000000000       9.65778002101491026E-007
   92.500000000000000       6.96219654540313144E-007
   93.000000000000000       4.99943668848375792E-007
   93.500000000000000       3.57607921878917874E-007
   94.000000000000000       2.54807603665101206E-007
   94.500000000000000       1.80861833705868287E-007
   95.000000000000000       1.27885923601547390E-007
   95.500000000000000       9.00851930930036627E-008
   96.000000000000000       6.32199134968088797E-008
   96.500000000000000       4.42018364247519258E-008
   97.000000000000000       3.07914221238571973E-008
   97.500000000000000       2.13717500063622042E-008
   98.000000000000000       1.47805249600561092E-008
   98.500000000000000       1.01858696988519966E-008
   99.000000000000000       6.99494496514296941E-009
   99.500000000000000       4.78705212658476864E-009
   100.00000000000000       3.26489805990019591E-009
   100.50000000000000       2.21926304747030983E-009
   101.00000000000000       1.50350804158951178E-009
   101.50000000000000       1.01526794835145191E-009
   102.00000000000000       6.83366399957679040E-010
   102.50000000000000       4.58505525427305966E-010
   103.00000000000000       3.06671474143873537E-010
   103.50000000000000       2.04484185052530034E-010
   104.00000000000000       1.35932434632720750E-010
   104.50000000000000       9.00912816526699750E-011
   105.00000000000000       5.95330006129114949E-011
   105.50000000000000       3.92253569731070124E-011
   106.00000000000000       2.57708465266939708E-011
   106.50000000000000       1.68834564486783730E-011
   107.00000000000000       1.10301877198311202E-011
   107.50000000000000       7.18639341413930475E-012
   108.00000000000000       4.66942068712348146E-012
   108.50000000000000       3.02591021288053226E-012
   109.00000000000000       1.95572093177024733E-012
   109.50000000000000       1.26075888790943677E-012
   110.00000000000000       8.10676713190391228E-013
   110.50000000000000       5.19959794669732167E-013
   111.00000000000000       3.32670155763268757E-013
   111.50000000000000       2.12322122123778872E-013
   112.00000000000000       1.35185154886715937E-013
   112.50000000000000       8.58677041546540863E-014
   113.00000000000000       5.44142000657853889E-014
   113.50000000000000       3.44025295156071265E-014
   114.00000000000000       2.17009196500634513E-014
   114.50000000000000       1.36580649905651857E-014
   115.00000000000000       8.57702857956453135E-015
   115.50000000000000       5.37445337035537531E-015
   116.00000000000000       3.36042618248406378E-015
   116.50000000000000       2.09666790849430966E-015
   117.00000000000000       1.30542681012858608E-015
   117.50000000000000       8.11101348501631344E-016
   118.00000000000000       5.02932063704168160E-016
   118.50000000000000       3.11219492141366329E-016
   119.00000000000000       1.92202465238319758E-016
   119.50000000000000       1.18466901731939134E-016
   120.00000000000000       7.28772570817321442E-017
   120.50000000000000       4.47460502215693678E-017
   121.00000000000000       2.74217820131023382E-017
   121.50000000000000       1.67735622320697526E-017
   122.00000000000000       1.02412691530576441E-017
   122.50000000000000       6.24153043942206455E-018
   123.00000000000000       3.79705638361302056E-018
   123.50000000000000       2.30585110178704176E-018
   124.00000000000000       1.39782619167556038E-018
   124.50000000000000       8.45905898486009899E-019
   125.00000000000000       5.11030700929000247E-019
   125.50000000000000       3.08203038092123517E-019
   126.00000000000000       1.85566931651752196E-019
   126.50000000000000       1.11544101232562729E-019
   127.00000000000000       6.69396484652052663E-020
   127.50000000000000       4.01069223568167597E-020
   128.00000000000000       2.39917807147924676E-020
   128.50000000000000       1.43291643813793671E-020
   129.00000000000000       8.54480859495679378E-021
   129.50000000000000       5.08761950251161818E-021
   130.00000000000000       3.02458156337218464E-021
   130.50000000000000       1.79540247464621041E-021
   131.00000000000000       1.06417119579019917E-021
   131.50000000000000       6.29827375716675111E-022
   132.00000000000000       3.72219387168320798E-022
   132.50000000000000       2.19659917229486095E-022
   133.00000000000000       1.29444570804243708E-022
   133.50000000000000       7.61736516282869337E-023
   134.00000000000000       4.47631068512719967E-023
   134.50000000000000       2.62685842951553691E-023
   135.00000000000000       1.53943194301282133E-023
   135.50000000000000       9.00944367439781551E-024
   136.00000000000000       5.26568990982548630E-024
   136.50000000000000       3.07353725138487657E-024
   137.00000000000000       1.79165153860385594E-024
   137.50000000000000       1.04305293807725201E-024
   138.00000000000000       6.06460711408164416E-025
   138.50000000000000       3.52166623208382656E-025
   139.00000000000000       2.04243625632015174E-025
   139.50000000000000       1.18306642916134150E-025
   140.00000000000000       6.84440138385558109E-026
   140.50000000000000       3.95487592139370969E-026
   141.00000000000000       2.28247777306657376E-026
   141.50000000000000       1.31571468134481020E-026
   142.00000000000000       7.57536285311206151E-027
   142.50000000000000       4.35648997417353594E-027
   143.00000000000000       2.50245613772901666E-027
   143.50000000000000       1.43581178140317520E-027
   144.00000000000000       8.22876124018044524E-028
   144.50000000000000       4.71065763806476078E-028
   145.00000000000000       2.69365432687400883E-028
   145.50000000000000       1.53856272967683109E-028
   146.00000000000000       8.77790983635765264E-029
   146.50000000000000       5.00181043573807152E-029
   147.00000000000000       2.84565012551307175E-029
   147.50000000000000       1.61472761058293832E-029
   148.00000000000000       9.10831124213877354E-030
   148.50000000000000       5.05310782595464908E-030
   149.00000000000000       2.65883628875412275E-030
   149.50000000000000       1.14099763611225142E-030
   150.00000000000000        0.0000000000000000     
