   0.0000000000000000        0.0000000000000000     
  0.50000000000000000      -2.74403431470498644E-006
   1.0000000000000000       2.12264584179713420E-006
   1.5000000000000000       2.40228412102648096E-006
   2.0000000000000000      -4.00392987282867589E-007
   2.5000000000000000      -3.55119860584315428E-006
   3.0000000000000000      -5.56583345291491495E-006
   3.5000000000000000      -6.15709314467279870E-006
   4.0000000000000000      -5.63324740266232759E-006
   4.5000000000000000      -4.42990135552543622E-006
   5.0000000000000000      -2.87884613099354902E-006
   5.5000000000000000      -1.14040440479857166E-006
   6.0000000000000000       7.87639912835867176E-007
   6.5000000000000000       3.04101022321247070E-006
   7.0000000000000000       5.86706672571943973E-006
   7.5000000000000000       9.61816190949090756E-006
   8.0000000000000000       1.47590062632437185E-005
   8.5000000000000000       2.18852824521732917E-005
   9.0000000000000000       3.17480131029260334E-005
   9.5000000000000000       4.52767163777287898E-005
   10.000000000000000       6.36013808291723725E-005
   10.500000000000000       8.80748929535844446E-005
   11.000000000000000       1.20289359719598767E-004
   11.500000000000000       1.62083913290789850E-004
   12.000000000000000       2.15632494906047403E-004
   12.500000000000000       2.83593456482549575E-004
   13.000000000000000       3.69099315717277799E-004
   13.500000000000000       4.76437530658570328E-004
   14.000000000000000       6.11984706780941594E-004
   14.500000000000000       7.83193665051308790E-004
   15.000000000000000       1.00029281070105084E-003
   15.500000000000000       1.27915358825423579E-003
   16.000000000000000       1.63896875400759787E-003
   16.500000000000000       2.10440714916222465E-003
   17.000000000000000       2.70634484335487537E-003
   17.500000000000000       3.48348493110145572E-003
   18.000000000000000       4.48440071373136344E-003
   18.500000000000000       5.76966344007149613E-003
   19.000000000000000       7.41377837413498015E-003
   19.500000000000000       9.50643259645791473E-003
   20.000000000000000       1.21529906633452492E-002
   20.500000000000000       1.54739150784933138E-002
   21.000000000000000       1.96014177368503961E-002
   21.500000000000000       2.46697320376620781E-002
   22.000000000000000       3.07944428453116523E-002
   22.500000000000000       3.80376440015000455E-002
   23.000000000000000       4.63596206352274443E-002
   23.500000000000000       5.55639583991854383E-002
   24.000000000000000       6.52500223211662650E-002
   24.500000000000000       7.47945417365218773E-002
   25.000000000000000       8.33871381564466052E-002
   25.500000000000000       9.01375924969007036E-002
   26.000000000000000       9.42430902145618005E-002
   26.500000000000000       9.51790744733496535E-002
   27.000000000000000       9.28364029755271158E-002
   27.500000000000000       8.75467350013111323E-002
   28.000000000000000       7.99900659169436729E-002
   28.500000000000000       7.10205887816522385E-002
   29.000000000000000       6.14838441882242445E-002
   29.500000000000000       5.20839792801936069E-002
   30.000000000000000       4.33214839813923572E-002
   30.500000000000000       3.54916579250351694E-002
   31.000000000000000       2.87196980813469900E-002
   31.500000000000000       2.30089731214352909E-002
   32.000000000000000       1.82870078384902122E-002
   32.500000000000000       1.44419659254838954E-002
   33.000000000000000       1.13481167670978680E-002
   33.500000000000000       8.88170556492258456E-003
   34.000000000000000       6.92963783354980361E-003
   34.500000000000000       5.39332116381420739E-003
   35.000000000000000       4.18952639023871531E-003
   35.500000000000000       3.24958746425951231E-003
   36.000000000000000       2.51779065616020495E-003
   36.500000000000000       1.94944993430518163E-003
   37.000000000000000       1.50892612301090447E-003
   37.500000000000000       1.16772348084524498E-003
   38.000000000000000       9.02836583404601823E-004
   38.500000000000000       6.95846528699319532E-004
   39.000000000000000       5.34051299276069435E-004
   39.500000000000000       4.20646810539535389E-004
   40.000000000000000       3.19524747191689393E-004
   40.500000000000000       2.43500443703243184E-004
   41.000000000000000       1.89635971405508207E-004
   41.500000000000000       1.49834142812172572E-004
   42.000000000000000       1.18136565729560185E-004
   42.500000000000000       9.16467943659671257E-005
   43.000000000000000       6.93804821497052688E-005
   43.500000000000000       5.10847277239481667E-005
   44.000000000000000       3.65702800242416592E-005
   44.500000000000000       2.54842940622296433E-005
   45.000000000000000       1.73197018365027105E-005
   45.500000000000000       1.15036351028640709E-005
   46.000000000000000       7.48247275007153064E-006
   46.500000000000000       4.77527564446863283E-006
   47.000000000000000       2.99533727754162289E-006
   47.500000000000000       1.84951696202142331E-006
   48.000000000000000       1.12572541596370628E-006
   48.500000000000000       6.76233075309178459E-007
   49.000000000000000       4.01345125046051568E-007
   49.500000000000000       2.35565759528868399E-007
   50.000000000000000       1.36850925488508152E-007
   50.500000000000000       7.87505171664667860E-008
   51.000000000000000       4.49182689254838071E-008
   51.500000000000000       2.54108964507231371E-008
   52.000000000000000       1.42653134585332255E-008
   52.500000000000000       7.95098314108065368E-009
   53.000000000000000       4.40181765660000388E-009
   53.500000000000000       2.42153433153187115E-009
   54.000000000000000       1.32420887044549823E-009
   54.500000000000000       7.20071474816527340E-010
   55.000000000000000       3.89476781164470963E-010
   55.500000000000000       2.09602747105234481E-010
   56.000000000000000       1.12262457816273330E-010
   56.500000000000000       5.98546967645986367E-011
   57.000000000000000       3.17748903691325110E-011
   57.500000000000000       1.67989031165223120E-011
   58.000000000000000       8.84649630648104957E-012
   58.500000000000000       4.64121662597260684E-012
   59.000000000000000       2.42624088578672606E-012
   59.500000000000000       1.26399137323820883E-012
   60.000000000000000       6.56333576063392311E-013
   60.500000000000000       3.39729816648115690E-013
   61.000000000000000       1.75317712802386032E-013
   61.500000000000000       9.02094896049197580E-014
   62.000000000000000       4.62872187449781192E-014
   62.500000000000000       2.36863248124702219E-014
   63.000000000000000       1.20893987528058439E-014
   63.500000000000000       6.15492034776496080E-015
   64.000000000000000       3.12599976872054133E-015
   64.500000000000000       1.58394541188961618E-015
   65.000000000000000       8.00774663109802932E-016
   65.500000000000000       4.03953693527985464E-016
   66.000000000000000       2.03345534165683555E-016
   66.500000000000000       1.02152405542027454E-016
   67.000000000000000       5.12154664186961788E-017
   67.500000000000000       2.56282275147426842E-017
   68.000000000000000       1.28004721472353601E-017
   68.500000000000000       6.38186021529471126E-018
   69.000000000000000       3.17618116776196284E-018
   69.500000000000000       1.57805339419141036E-018
   70.000000000000000       7.82739710722353921E-019
   70.500000000000000       3.87625352560903453E-019
   71.000000000000000       1.91657201699901739E-019
   71.500000000000000       9.46181591135649961E-020
   72.000000000000000       4.66420560958797364E-020
   72.500000000000000       2.29589203370232621E-020
   73.000000000000000       1.12852680156830672E-020
   73.500000000000000       5.53954832670029688E-021
   74.000000000000000       2.71552437961813151E-021
   74.500000000000000       1.32942599429144053E-021
   75.000000000000000       6.50009085980132062E-022
   75.500000000000000       3.17418813645942327E-022
   76.000000000000000       1.54816256148661465E-022
   76.500000000000000       7.54194456843788948E-023
   77.000000000000000       3.66982001984409086E-023
   77.500000000000000       1.78366053734549091E-023
   78.000000000000000       8.65957554154229022E-024
   78.500000000000000       4.19960594438023819E-024
   79.000000000000000       2.03450247567458628E-024
   79.500000000000000       9.84590202650958702E-025
   80.000000000000000       4.76003268665283352E-025
   80.500000000000000       2.29895628660086512E-025
   81.000000000000000       1.10924316019127795E-025
   81.500000000000000       5.34695708873855558E-026
   82.000000000000000       2.57500977238437907E-026
   82.500000000000000       1.23894319450540051E-026
   83.000000000000000       5.95568982643287601E-027
   83.500000000000000       2.86041143265860902E-027
   84.000000000000000       1.37261283706134796E-027
   84.500000000000000       6.58109050458060577E-028
   85.000000000000000       3.15271601132031713E-028
   85.500000000000000       1.50909209673188948E-028
   86.000000000000000       7.21767072751782207E-029
   86.500000000000000       3.44933322562616295E-029
   87.000000000000000       1.64716141082717556E-029
   87.500000000000000       7.85970181136202800E-030
   88.000000000000000       3.74757814556434272E-030
   88.500000000000000       1.78556513211095293E-030
   89.000000000000000       8.50132393890189340E-031
   89.500000000000000       4.04472176958373999E-031
   90.000000000000000       1.92303489347785026E-031
   90.500000000000000       9.13665378718555907E-032
   91.000000000000000       4.33804046182281283E-032
   91.500000000000000       2.05831225258121998E-032
   92.000000000000000       9.75988796174948013E-033
   92.500000000000000       4.62486306638910546E-033
   93.000000000000000       2.19017009237670996E-033
   93.500000000000000       1.03653999290907851E-033
   94.000000000000000       4.90261468651677124E-034
   94.500000000000000       2.31743233595806982E-034
   95.000000000000000       1.09478285307917947E-034
   95.500000000000000       5.16885630166836352E-035
   96.000000000000000       2.43899162119373489E-035
   96.500000000000000       1.15021565706276454E-035
   97.000000000000000       5.42131958578576790E-036
   97.500000000000000       2.55382466893422966E-036
   98.000000000000000       1.20237783740960313E-036
   98.500000000000000       5.65793647789577922E-037
   99.000000000000000       2.66100516485573412E-037
   99.500000000000000       1.25085556145458080E-037
   100.00000000000000       5.87686323623046368E-038
   100.50000000000000       2.75971405677216858E-038
   101.00000000000000       1.29528610703975020E-038
   101.50000000000000       6.07649887419150422E-039
   102.00000000000000       2.84924724446723190E-039
   102.50000000000000       1.33536103152980090E-039
   103.00000000000000       6.25549802728475246E-040
   103.50000000000000       2.92902070627743547E-040
   104.00000000000000       1.37082816412975652E-040
   104.50000000000000       6.41277843208340270E-041
   105.00000000000000       2.99857316480079701E-041
   105.50000000000000       1.40149247703750505E-041
   106.00000000000000       6.54752330985662680E-042
   106.50000000000000       3.05756644266617130E-042
   107.00000000000000       1.42721591199666880E-042
   107.50000000000000       6.65917903812523337E-043
   108.00000000000000       3.10578369812183882E-043
   108.50000000000000       1.44791625534105727E-043
   109.00000000000000       6.74744856324208280E-044
   109.50000000000000       3.14312575947004525E-044
   110.00000000000000       1.46356516676990022E-044
   110.50000000000000       6.81228105693880719E-045
   111.00000000000000       3.16960579754047501E-045
   111.50000000000000       1.47418547510987256E-045
   112.00000000000000       6.85385835092921671E-046
   112.50000000000000       3.18534258712672427E-046
   113.00000000000000       1.47984785854186185E-046
   113.50000000000000       6.87257869778630421E-047
   114.00000000000000       3.19055261242777927E-047
   114.50000000000000       1.48066702759762239E-047
   115.00000000000000       6.86903840534483756E-048
   115.50000000000000       3.18554126896655133E-048
   116.00000000000000       1.47679752710441124E-048
   116.50000000000000       6.84401187791055266E-049
   117.00000000000000       3.17069340618165392E-049
   117.50000000000000       1.46842926863463562E-049
   118.00000000000000       6.79843057272769977E-050
   118.50000000000000       3.14646344190523975E-050
   119.00000000000000       1.45578289836486779E-050
   119.50000000000000       6.73336134660291937E-051
   120.00000000000000       3.11336526323009300E-051
   120.50000000000000       1.43910509701409290E-051
   121.00000000000000       6.64998462736098808E-052
   121.50000000000000       3.07196210877034189E-052
   122.00000000000000       1.41866389914062261E-052
   122.50000000000000       6.54957279984672878E-053
   123.00000000000000       3.02285660590405138E-053
   123.50000000000000       1.39474410892365105E-053
   124.00000000000000       6.43346914825331662E-054
   124.50000000000000       2.96668111404435514E-054
   125.00000000000000       1.36764287899293352E-054
   125.50000000000000       6.30306764722873488E-055
   126.00000000000000       2.90408850202041934E-055
   126.50000000000000       1.33766550820969476E-055
   127.00000000000000       6.15979384486462480E-056
   127.50000000000000       2.83574346486663665E-056
   128.00000000000000       1.30512150380996975E-056
   128.50000000000000       6.00508703247216668E-057
   129.00000000000000       2.76231446322749851E-057
   129.50000000000000       1.27032094321978995E-057
   130.00000000000000       5.84038384995801014E-058
   130.50000000000000       2.68446634760071774E-058
   131.00000000000000       1.23357116131777261E-058
   131.50000000000000       5.66710343238970087E-059
   132.00000000000000       2.60285371008555458E-059
   132.50000000000000       1.19517378009136766E-059
   133.00000000000000       5.48663416355785500E-060
   133.50000000000000       2.51811498841549083E-060
   134.00000000000000       1.15542208960650811E-060
   134.50000000000000       5.30032206640172432E-061
   135.00000000000000       2.43086733099535231E-061
   135.50000000000000       1.11459878205043125E-061
   136.00000000000000       5.10946082831243588E-062
   136.50000000000000       2.34170221752517341E-062
   137.00000000000000       1.07297403434707452E-062
   137.50000000000000       4.91528343167445046E-063
   138.00000000000000       2.25118181760883214E-063
   138.50000000000000       1.03080392949040504E-063
   139.00000000000000       4.71895533654522472E-064
   139.50000000000000       2.15983605949622481E-064
   140.00000000000000       9.88329202277717488E-065
   140.50000000000000       4.52156914300274818E-065
   141.00000000000000       2.06816037273184461E-065
   141.50000000000000       9.45774291516404524E-066
   142.00000000000000       4.32414064518236903E-066
   142.50000000000000       1.97661406178186371E-066
   143.00000000000000       9.03346677747057076E-067
   143.50000000000000       4.12760617210483003E-067
   144.00000000000000       1.88561925150271117E-067
   144.50000000000000       8.61236458690481555E-068
   145.00000000000000       3.93282055709709613E-068
   145.50000000000000       1.79555914431243989E-068
   146.00000000000000       8.19613481583970826E-069
   146.50000000000000       3.74049725160847484E-069
   147.00000000000000       1.70664731110052340E-069
   147.50000000000000       7.78340381587163413E-070
   148.00000000000000       3.54490607873093314E-070
   148.50000000000000       1.60508971596170502E-070
   149.00000000000000       7.06594879470892160E-071
   149.50000000000000       2.66713920524942692E-071
   150.00000000000000        0.0000000000000000     
