   0.0000000000000000        0.0000000000000000     
  0.50000000000000000       5.80971189565848785E-008
   1.0000000000000000       6.66990750138458163E-007
   1.5000000000000000      -6.11179700690130809E-007
   2.0000000000000000      -8.47076102255801866E-007
   2.5000000000000000      -2.93672609902742936E-007
   3.0000000000000000      -1.20870800683403205E-006
   3.5000000000000000       7.15022143729890512E-007
   4.0000000000000000       2.07036214787395475E-006
   4.5000000000000000       5.61354815562298193E-007
   5.0000000000000000       1.23054070448715731E-007
   5.5000000000000000       5.92649839952462822E-007
   6.0000000000000000      -6.74026089911482528E-007
   6.5000000000000000      -1.93317484334018525E-006
   7.0000000000000000      -8.91021160029547070E-007
   7.5000000000000000       6.18364609646273357E-007
   8.0000000000000000       3.14048468613393716E-007
   8.5000000000000000      -6.41350545818184991E-007
   9.0000000000000000      -1.28374770613560408E-007
   9.5000000000000000       1.29122432289207768E-006
   10.000000000000000       1.36978202558774739E-006
   10.500000000000000      -2.10860970312069512E-007
   11.000000000000000      -1.30766161789193754E-006
   11.500000000000000      -7.31947823907340082E-007
   12.000000000000000       3.59964315814109926E-007
   12.500000000000000       7.43960460163456739E-007
   13.000000000000000       2.72544839028950165E-007
   13.500000000000000      -1.03736109277313711E-007
   14.000000000000000       4.77409579933920098E-007
   14.500000000000000       1.31984014204372149E-006
   15.000000000000000       1.17551720791495277E-006
   15.500000000000000      -1.43629222008063866E-007
   16.000000000000000      -1.98845816421447718E-006
   16.500000000000000      -3.06927735662760145E-006
   17.000000000000000      -2.38893726437247742E-006
   17.500000000000000      -1.01626600818354977E-006
   18.000000000000000       1.12109312827134934E-007
   18.500000000000000       6.87964242305797750E-007
   19.000000000000000       8.41536959434755579E-007
   19.500000000000000       1.32439842498434586E-006
   20.000000000000000       2.55179031284280528E-006
   20.500000000000000       3.82546610565024202E-006
   21.000000000000000       3.96363696507226355E-006
   21.500000000000000       2.22327263910157610E-006
   22.000000000000000      -1.07872367340763286E-006
   22.500000000000000      -4.42924507358462829E-006
   23.000000000000000      -6.35472788423289790E-006
   23.500000000000000      -6.43798858676997912E-006
   24.000000000000000      -4.51509748566603584E-006
   24.500000000000000      -1.56146139834386991E-006
   25.000000000000000       1.51950064710209133E-006
   25.500000000000000       4.34935727790290425E-006
   26.000000000000000       7.00315498754831874E-006
   26.500000000000000       8.94554868377251929E-006
   27.000000000000000       9.69801101833232670E-006
   27.500000000000000       8.44528180931965566E-006
   28.000000000000000       5.71986450680645145E-006
   28.500000000000000       2.61242685145562608E-006
   29.000000000000000      -1.09226329080766808E-006
   29.500000000000000      -5.75381501192145009E-006
   30.000000000000000      -1.11168078615937477E-005
   30.500000000000000      -1.56190591613494075E-005
   31.000000000000000      -1.70739967385024245E-005
   31.500000000000000      -1.55430274026024583E-005
   32.000000000000000      -1.29675606902776909E-005
   32.500000000000000      -9.25365393312669462E-006
   33.000000000000000      -2.47212986047380092E-006
   33.500000000000000       6.22102629256095975E-006
   34.000000000000000       1.28870754785628924E-005
   34.500000000000000       1.73714991246837430E-005
   35.000000000000000       2.22221479532448552E-005
   35.500000000000000       2.49620283867602573E-005
   36.000000000000000       2.39599811918612896E-005
   36.500000000000000       2.48995167771825462E-005
   37.000000000000000       2.47231987775321002E-005
   37.500000000000000       1.93335584500266355E-005
   38.000000000000000       1.73994754055992263E-005
   38.500000000000000       8.72197181316077513E-006
   39.000000000000000       4.62798876248550244E-006
   39.500000000000000      -3.11082882570529997E-006
   40.000000000000000      -4.53908537969287029E-006
   40.500000000000000      -1.17490797364057161E-005
   41.000000000000000      -1.36719082119524400E-005
   41.500000000000000      -1.96710492200528570E-005
   42.000000000000000      -2.60505434759108367E-005
   42.500000000000000      -2.57533641633837325E-005
   43.000000000000000      -2.52662237386998508E-005
   43.500000000000000      -2.28999392965710571E-005
   44.000000000000000      -1.59286351829808864E-005
   44.500000000000000      -1.13906270374500637E-005
   45.000000000000000      -1.25052058393643705E-005
   45.500000000000000      -1.40533535339545128E-005
   46.000000000000000      -1.32245191095924029E-005
   46.500000000000000      -1.16427318406127045E-005
   47.000000000000000      -8.71815275017068025E-006
   47.500000000000000      -2.17094998417106920E-006
   48.000000000000000       6.03856449570536218E-006
   48.500000000000000       1.01880278247926236E-005
   49.000000000000000       7.31963468573097727E-006
   49.500000000000000       2.08652059436106411E-007
   50.000000000000000      -6.17847529766438795E-006
   50.500000000000000      -8.88316120092112270E-006
   51.000000000000000      -7.27157739223958932E-006
   51.500000000000000      -1.36479167309199690E-006
   52.000000000000000       8.21781546785436974E-006
   52.500000000000000       1.87952079227639456E-005
   53.000000000000000       2.55237997250346615E-005
   53.500000000000000       2.39651765343341396E-005
   54.000000000000000       1.33389903963698349E-005
   54.500000000000000      -2.45430578922100284E-006
   55.000000000000000      -1.68702146363728122E-005
   55.500000000000000      -2.41021554595733394E-005
   56.000000000000000      -2.14839824790034238E-005
   56.500000000000000      -9.91912268132353275E-006
   57.000000000000000       7.06701878677390988E-006
   57.500000000000000       2.45672195332319359E-005
   58.000000000000000       3.73202821356590213E-005
   58.500000000000000       4.07184176718096397E-005
   59.000000000000000       3.20563870604752027E-005
   59.500000000000000       1.17892803933637247E-005
   60.000000000000000      -1.58901395909707798E-005
   60.500000000000000      -4.37615691656242754E-005
   61.000000000000000      -6.35761099576181136E-005
   61.500000000000000      -6.86507099030126241E-005
   62.000000000000000      -5.60436602478279260E-005
   62.500000000000000      -2.75115641763708274E-005
   63.000000000000000       1.09872073305963507E-005
   63.500000000000000       5.09090952500782274E-005
   64.000000000000000       8.32231348804175574E-005
   64.500000000000000       1.00370395518934352E-004
   65.000000000000000       9.76927017082219773E-005
   65.500000000000000       7.41964031148610099E-005
   66.000000000000000       3.26832089634335440E-005
   66.500000000000000      -2.06670127224286273E-005
   67.000000000000000      -7.71824500700000207E-005
   67.500000000000000      -1.26970682565493505E-004
   68.000000000000000      -1.60442173958132844E-004
   68.500000000000000      -1.69876609946856570E-004
   69.000000000000000      -1.50766048679278612E-004
   69.500000000000000      -1.02674597030776976E-004
   70.000000000000000      -2.94359726386787842E-005
   70.500000000000000       6.13532967180213895E-005
   71.000000000000000       1.59439248728739552E-004
   71.500000000000000       2.53393785509675186E-004
   72.000000000000000       3.32202950946440219E-004
   72.500000000000000       3.86703615889766664E-004
   73.000000000000000       4.10681919495565714E-004
   73.500000000000000       4.01542851998220305E-004
   74.000000000000000       3.60553874123218472E-004
   74.500000000000000       2.92735576960703573E-004
   75.000000000000000       2.06510318115459566E-004
   75.500000000000000       1.13228140203491199E-004
   76.000000000000000       2.66778465644122422E-005
   76.500000000000000      -3.73285832927127065E-005
   77.000000000000000      -6.12289825531361876E-005
   77.500000000000000      -2.57858310651923561E-005
   78.000000000000000       9.00842252920748993E-005
   78.500000000000000       3.09767413668624383E-004
   79.000000000000000       6.59730294807999058E-004
   79.500000000000000       1.17063867981807780E-003
   80.000000000000000       1.87881679411813557E-003
   80.500000000000000       2.82800890788673879E-003
   81.000000000000000       4.07134726945439836E-003
   81.500000000000000       5.67333817497310197E-003
   82.000000000000000       7.71153516222865178E-003
   82.500000000000000       1.02773529631588478E-002
   83.000000000000000       1.34751675201380088E-002
   83.500000000000000       1.74184417355325964E-002
   84.000000000000000       2.22211566846921768E-002
   84.500000000000000       2.79824587374305975E-002
   85.000000000000000       3.47624780576634013E-002
   85.500000000000000       4.25483029164855919E-002
   86.000000000000000       5.12118814380916609E-002
   86.500000000000000       6.04668010629165198E-002
   87.000000000000000       6.98380869486064509E-002
   87.500000000000000       7.86656649582833795E-002
   88.000000000000000       8.61622268628490923E-002
   88.500000000000000       9.15332581051712113E-002
   89.000000000000000       9.41397379891965730E-002
   89.500000000000000       9.36538086268178666E-002
   90.000000000000000       9.01462462874835641E-002
   90.500000000000000       8.40671650917473173E-002
   91.000000000000000       7.61286881911052149E-002
   91.500000000000000       6.71398539283352136E-002
   92.000000000000000       5.78544071884915939E-002
   92.500000000000000       4.88716423638308334E-002
   93.000000000000000       4.05991426142108675E-002
   93.500000000000000       3.32634147940742975E-002
   94.000000000000000       2.69465596422212433E-002
   94.500000000000000       2.16302254443091688E-002
   95.000000000000000       1.72353308471214842E-002
   95.500000000000000       1.36526927309703269E-002
   96.000000000000000       1.07640098646328234E-002
   96.500000000000000       8.45473782668040505E-003
   97.000000000000000       6.62099464278458321E-003
   97.500000000000000       5.17248110787649294E-003
   98.000000000000000       4.03296560623739309E-003
   98.500000000000000       3.13942390367074903E-003
   99.000000000000000       2.44054322880758257E-003
   99.500000000000000       1.89502031472821384E-003
   100.00000000000000       1.46989374619929929E-003
   100.50000000000000       1.13903054410193156E-003
   101.00000000000000       8.81814619793469014E-004
   101.50000000000000       6.82044019970103619E-004
   102.00000000000000       5.27022900773958173E-004
   102.50000000000000       4.06824948273734567E-004
   103.00000000000000       3.13702392214719645E-004
   103.50000000000000       2.41615694085722528E-004
   104.00000000000000       1.85861563570341112E-004
   104.50000000000000       1.42780110374520516E-004
   105.00000000000000       1.09525103899105945E-004
   105.50000000000000       8.38842142181956438E-005
   106.00000000000000       6.41386326734982143E-005
   106.50000000000000       4.89535972733274119E-005
   107.00000000000000       3.72931004896371771E-005
   107.50000000000000       2.83534783580469376E-005
   108.00000000000000       2.15117192823453562E-005
   108.50000000000000       1.62852365558869910E-005
   109.00000000000000       1.23005635378940829E-005
   109.50000000000000       9.26899190189345443E-006
   110.00000000000000       6.96761259022717607E-006
   110.50000000000000       5.22456165505264929E-006
   111.00000000000000       3.90753973779929831E-006
   111.50000000000000       2.91488108345935520E-006
   112.00000000000000       2.16860881809424754E-006
   112.50000000000000       1.60903805787041556E-006
   113.00000000000000       1.19058534065743400E-006
   113.50000000000000       8.78518165629335284E-007
   114.00000000000000       6.46436972723011691E-007
   114.50000000000000       4.74327469320958270E-007
   115.00000000000000       3.47056734178826969E-007
   115.50000000000000       2.53214250686600977E-007
   116.00000000000000       1.84220681267622415E-007
   116.50000000000000       1.33644134493029224E-007
   117.00000000000000       9.66769344589106568E-008
   117.50000000000000       6.97362825346301635E-008
   118.00000000000000       5.01603295102062156E-008
   118.50000000000000       3.59775379898264308E-008
   119.00000000000000       2.57321905376746999E-008
   119.50000000000000       1.83527860673128450E-008
   120.00000000000000       1.30530987642399394E-008
   120.50000000000000       9.25803406848242370E-009
   121.00000000000000       6.54824954890800523E-009
   121.50000000000000       4.61892889179156041E-009
   122.00000000000000       3.24919461614859240E-009
   122.50000000000000       2.27949039791283769E-009
   123.00000000000000       1.59491285790290932E-009
   123.50000000000000       1.11296924351349149E-009
   124.00000000000000       7.74616062228138246E-010
   124.50000000000000       5.37721375580703542E-010
   125.00000000000000       3.72311186282724780E-010
   125.50000000000000       2.57124527689122225E-010
   126.00000000000000       1.77125192417001266E-010
   126.50000000000000       1.21710324712336244E-010
   127.00000000000000       8.34248962128887635E-011
   127.50000000000000       5.70421704855399202E-011
   128.00000000000000       3.89080516221160478E-011
   128.50000000000000       2.64750601710184511E-011
   129.00000000000000       1.79721236394020942E-011
   129.50000000000000       1.21713209138005279E-011
   130.00000000000000       8.22361482420773737E-012
   130.50000000000000       5.54351643961982213E-012
   131.00000000000000       3.72834577140835547E-012
   131.50000000000000       2.50187694101983656E-012
   132.00000000000000       1.67511719321450136E-012
   132.50000000000000       1.11908846115613296E-012
   133.00000000000000       7.45991693914017135E-013
   133.50000000000000       4.96208500069383818E-013
   134.00000000000000       3.29355723467658849E-013
   134.50000000000000       2.18145924043691293E-013
   135.00000000000000       1.44184911345292575E-013
   135.50000000000000       9.51027744260862534E-014
   136.00000000000000       6.26003753715109966E-014
   136.50000000000000       4.11226095210280273E-014
   137.00000000000000       2.69596252665222837E-014
   137.50000000000000       1.76394829586857383E-014
   138.00000000000000       1.15187645495096861E-014
   138.50000000000000       7.50728865596443216E-015
   139.00000000000000       4.88344705444630390E-015
   139.50000000000000       3.17062497435953618E-015
   140.00000000000000       2.05469346452586386E-015
   140.50000000000000       1.32905085217422965E-015
   141.00000000000000       8.58098323332985334E-016
   141.50000000000000       5.53021198572628414E-016
   142.00000000000000       3.55765648871431188E-016
   142.50000000000000       2.28460869043895859E-016
   143.00000000000000       1.46451239030856193E-016
   143.50000000000000       9.37162930465510979E-017
   144.00000000000000       5.98665861802439740E-017
   144.50000000000000       3.81773371755371806E-017
   145.00000000000000       2.43039985523084986E-017
   145.50000000000000       1.54449643976551339E-017
   146.00000000000000       9.79684165535226923E-018
   146.50000000000000       6.20073950851414074E-018
   147.00000000000000       3.91300644036970508E-018
   147.50000000000000       2.45685779051306249E-018
   148.00000000000000       1.52644113724095108E-018
   148.50000000000000       9.24771685555484192E-019
   149.00000000000000       5.23413419507657711E-019
   149.50000000000000       2.35955187951493354E-019
   150.00000000000000        0.0000000000000000     
