 -0.12500000000000000       9.52058528296476889E-005
  0.12500000000000000       1.04592422351241739E-004
  0.37500000000000000       1.14903450205020176E-004
  0.62500000000000000       1.26229779683865323E-004
  0.87500000000000000       1.38671131417618393E-004
   1.1250000000000000       1.52336979375039956E-004
   1.3750000000000000       1.67347491862178247E-004
   1.6250000000000000       1.83834544187327242E-004
   1.8750000000000000       2.01942855573267031E-004
   2.1250000000000000       2.21831221581102883E-004
   2.3750000000000000       2.43673860916921462E-004
   2.6250000000000000       2.67661886408219216E-004
   2.8750000000000000       2.94004909076566953E-004
   3.1250000000000000       3.22932718489046637E-004
   3.3750000000000000       3.54697430324907336E-004
   3.6250000000000000       3.89575303298075372E-004
   3.8750000000000000       4.27869096355841050E-004
   4.1250000000000000       4.69910527619597838E-004
   4.3750000000000000       5.16062944013697907E-004
   4.6250000000000000       5.66724215824887263E-004
   4.8750000000000000       6.22329870496905594E-004
   5.1250000000000000       6.83356232153467112E-004
   5.3750000000000000       7.50324694844690162E-004
   5.6250000000000000       8.23805366763603257E-004
   5.8750000000000000       9.04420991884854163E-004
   6.1250000000000000       9.92851700838273156E-004
   6.3750000000000000       1.08983985029906206E-003
   6.6250000000000000       1.19619517449895949E-003
   6.8750000000000000       1.31280024672801024E-003
   7.1250000000000000       1.44061610549228963E-003
   7.3750000000000000       1.58068624047078216E-003
   7.6250000000000000       1.73415042815434971E-003
   7.8750000000000000       1.90224281527660746E-003
   8.1250000000000000       2.08630168786017684E-003
   8.3750000000000000       2.28777626304576317E-003
   8.6250000000000000       2.50823348077217545E-003
   8.8750000000000000       2.74936467127812707E-003
   9.1250000000000000       3.01299194071278547E-003
   9.3750000000000000       3.30106456714756875E-003
   9.6250000000000000       3.61568294283451603E-003
   9.8750000000000000       3.95910699479920698E-003
   10.125000000000000       4.33373105730272112E-003
   10.375000000000000       4.74209874094029191E-003
   10.625000000000000       5.18690161580986214E-003
   10.875000000000000       5.67097506363447787E-003
   11.125000000000000       6.19729065111505623E-003
   11.375000000000000       6.76894429458404362E-003
   11.625000000000000       7.38898228992567688E-003
   11.875000000000000       8.06075522711949960E-003
   12.125000000000000       8.78773412686419814E-003
   12.375000000000000       9.57318770677768015E-003
   12.625000000000000       1.04205263446424442E-002
   12.875000000000000       1.13328966202486617E-002
   13.125000000000000       1.23133141944876002E-002
   13.375000000000000       1.33646106277203140E-002
   13.625000000000000       1.44889638391810342E-002
   13.875000000000000       1.56884160567071634E-002
   14.125000000000000       1.69642579357032405E-002
   14.375000000000000       1.83169738217633105E-002
   14.625000000000000       1.97461330820705022E-002
   14.875000000000000       2.12502029549930249E-002
   15.125000000000000       2.28263037055691266E-002
   15.375000000000000       2.44700882079570137E-002
   15.625000000000000       2.61755391749153125E-002
   15.875000000000000       2.79347784643413782E-002
   16.125000000000000       2.97379285878668943E-002
   16.375000000000000       3.15730041009718021E-002
   16.625000000000000       3.34258533145512376E-002
   16.875000000000000       3.52801678937524621E-002
   17.125000000000000       3.71175770767689234E-002
   17.375000000000000       3.89178333881475477E-002
   17.625000000000000       4.06591056303866882E-002
   17.875000000000000       4.23183867059964552E-002
   18.125000000000000       4.38720053987901454E-002
   18.375000000000000       4.52962395154302006E-002
   18.625000000000000       4.65680082072905954E-002
   18.875000000000000       4.76656152674454214E-002
   19.125000000000000       4.85695065396974934E-002
   19.375000000000000       4.92629992227555796E-002
   19.625000000000000       4.97329371759997613E-002
   19.875000000000000       4.99702287038187171E-002
   20.125000000000000       4.99702287038187171E-002
   20.375000000000000       4.97329371818552440E-002
   20.625000000000000       4.92629992399757077E-002
   20.875000000000000       4.85695065681083712E-002
   21.125000000000000       4.76656153080805209E-002
   21.375000000000000       4.65680082944366289E-002
   21.625000000000000       4.52962396555814106E-002
   21.875000000000000       4.38720056523709198E-002
   22.125000000000000       4.23183871031296913E-002
   22.375000000000000       4.06591060744464980E-002
   22.625000000000000       3.89178335513778728E-002
   22.875000000000000       3.71175767768334025E-002
   23.125000000000000       3.52801658496140272E-002
   23.375000000000000       3.34258505268496611E-002
   23.625000000000000       3.15730063021822729E-002
   23.875000000000000       2.97379308674099591E-002
   24.125000000000000       2.79347856371253388E-002
   24.375000000000000       2.61755406267270389E-002
   24.625000000000000       2.44700835677277052E-002
   24.875000000000000       2.28263148380602569E-002
   25.125000000000000       2.12502113879761804E-002
   25.375000000000000       1.97461698547029031E-002
   25.625000000000000       1.83170109686685151E-002
   25.875000000000000       1.69643001026383647E-002
   26.125000000000000       1.56884520989161863E-002
   26.375000000000000       1.44889976729267247E-002
   26.625000000000000       1.33646423002859970E-002
   26.875000000000000       1.23133437676316067E-002
   27.125000000000000       1.13329241705410616E-002
   27.375000000000000       1.04205519569521548E-002
   27.625000000000000       9.57321147251337726E-003
   27.875000000000000       8.78775614191099584E-003
   28.125000000000000       8.06077558802516074E-003
   28.375000000000000       7.38900109454236100E-003
   28.625000000000000       6.76896164015706840E-003
   28.875000000000000       6.19730662966620858E-003
   29.125000000000000       5.67098976700152000E-003
   29.375000000000000       5.18691513245405321E-003
   29.625000000000000       4.74211115552313541E-003
   29.875000000000000       4.33374245039861491E-003
   30.125000000000000       3.95911744272138717E-003
   30.375000000000000       3.61569251755403196E-003
   30.625000000000000       3.30107333628737974E-003
   30.875000000000000       3.01299996768562795E-003
   31.125000000000000       2.74937201498829352E-003
   31.375000000000000       2.50824019626954805E-003
   31.625000000000000       2.28778240148287768E-003
   31.875000000000000       2.08630729667201413E-003
   32.125000000000000       1.90224793837117929E-003
   32.375000000000000       1.73415510610904107E-003
   32.625000000000000       1.58069051073041092E-003
   32.875000000000000       1.44062000256567628E-003
   33.125000000000000       1.31280380239418557E-003
   33.375000000000000       1.19619841793922239E-003
   33.625000000000000       1.08984280834317836E-003
   33.875000000000000       9.92854398111549415E-004
   34.125000000000000       9.04423450971673318E-004
   34.375000000000000       8.23807608362014704E-004
   34.625000000000000       7.50326737911894076E-004
   34.875000000000000       6.83358094042237877E-004
   35.125000000000000       6.22331567087164935E-004
   35.375000000000000       5.66725761628788594E-004
   35.625000000000000       5.16064352300939612E-004
   35.875000000000000       4.69911810514708295E-004
   36.125000000000000       4.27870264933100856E-004
   36.375000000000000       3.89576367669262479E-004
   36.625000000000000       3.54698399720272911E-004
   36.875000000000000       3.22933601331950562E-004
   37.125000000000000       2.94005713052172878E-004
   37.375000000000000       2.67662618527459448E-004
   37.625000000000000       2.43674527571914335E-004
   37.875000000000000       2.21831828601179177E-004
   38.125000000000000       2.01943408272851346E-004
   38.375000000000000       1.83835047410702349E-004
   38.625000000000000       1.67347950024484085E-004
   38.875000000000000       1.52337396499796756E-004
   39.125000000000000       1.38671511171056371E-004
   39.375000000000000       1.26230125406511282E-004
   39.625000000000000       1.14903764939769358E-004
   39.875000000000000       1.04592708870203155E-004
   40.125000000000000       9.52061136578710883E-005
   40.375000000000000       8.66612349403086924E-005
   40.625000000000000       7.88827104315287177E-005
   40.875000000000000       7.18019054484654037E-005
   41.125000000000000       6.53563157474039739E-005
   41.375000000000000       5.94890223939034015E-005
   41.625000000000000       5.41481925997413420E-005
   41.875000000000000       4.92866351328148872E-005
   42.125000000000000       4.48613788892386511E-005
   42.375000000000000       4.08332990798437835E-005
   42.625000000000000       3.71667740554935806E-005
   42.875000000000000       3.38293725593104191E-005
   43.125000000000000       3.07915687416369333E-005
   43.375000000000000       2.80264825008748043E-005
   43.625000000000000       2.55096424151822611E-005
   43.875000000000000       2.32187713891967681E-005
   44.125000000000000       2.11335897845417875E-005
   44.375000000000000       1.92356363636131493E-005
   44.625000000000000       1.75081056572638921E-005
   44.875000000000000       1.59356996638405725E-005
   45.125000000000000       1.45044927958527682E-005
   45.375000000000000       1.32018088970026749E-005
   45.625000000000000       1.20161092181971624E-005
   45.875000000000000       1.09368904342053243E-005
   46.125000000000000       9.95459203322582889E-006
   46.375000000000000       9.06051151014930178E-006
   46.625000000000000       8.24672749754337446E-006
   46.875000000000000       7.50602969575253080E-006
   47.125000000000000       6.83185508063408068E-006
   47.375000000000000        0.0000000000000000     
   47.625000000000000        0.0000000000000000     
   47.875000000000000        0.0000000000000000     
   48.125000000000000        0.0000000000000000     
   48.375000000000000        0.0000000000000000     
   48.625000000000000        0.0000000000000000     
   48.875000000000000        0.0000000000000000     
   49.125000000000000        0.0000000000000000     
   49.375000000000000        0.0000000000000000     
   49.625000000000000        0.0000000000000000     
   49.875000000000000        0.0000000000000000     
   50.125000000000000        0.0000000000000000     
   50.375000000000000        0.0000000000000000     
   50.625000000000000        0.0000000000000000     
   50.875000000000000        0.0000000000000000     
   51.125000000000000        0.0000000000000000     
   51.375000000000000        0.0000000000000000     
   51.625000000000000        0.0000000000000000     
   51.875000000000000        0.0000000000000000     
   52.125000000000000        0.0000000000000000     
   52.375000000000000        0.0000000000000000     
   52.625000000000000        0.0000000000000000     
   52.875000000000000        0.0000000000000000     
   53.125000000000000        0.0000000000000000     
   53.375000000000000        0.0000000000000000     
   53.625000000000000        0.0000000000000000     
   53.875000000000000        0.0000000000000000     
   54.125000000000000        0.0000000000000000     
   54.375000000000000        0.0000000000000000     
   54.625000000000000        0.0000000000000000     
   54.875000000000000        0.0000000000000000     
   55.125000000000000        0.0000000000000000     
   55.375000000000000        0.0000000000000000     
   55.625000000000000        0.0000000000000000     
   55.875000000000000        0.0000000000000000     
   56.125000000000000        0.0000000000000000     
   56.375000000000000        0.0000000000000000     
   56.625000000000000        0.0000000000000000     
   56.875000000000000        0.0000000000000000     
   57.125000000000000        0.0000000000000000     
   57.375000000000000        0.0000000000000000     
   57.625000000000000        0.0000000000000000     
   57.875000000000000        0.0000000000000000     
   58.125000000000000        0.0000000000000000     
   58.375000000000000        0.0000000000000000     
   58.625000000000000        0.0000000000000000     
   58.875000000000000        0.0000000000000000     
   59.125000000000000        0.0000000000000000     
   59.375000000000000        0.0000000000000000     
   59.625000000000000        0.0000000000000000     
   59.875000000000000        0.0000000000000000     
   60.125000000000000        0.0000000000000000     
   60.375000000000000        0.0000000000000000     
   60.625000000000000        0.0000000000000000     
   60.875000000000000        0.0000000000000000     
   61.125000000000000        0.0000000000000000     
   61.375000000000000        0.0000000000000000     
   61.625000000000000        0.0000000000000000     
   61.875000000000000        0.0000000000000000     
   62.125000000000000        0.0000000000000000     
   62.375000000000000        0.0000000000000000     
   62.625000000000000        0.0000000000000000     
   62.875000000000000        0.0000000000000000     
   63.125000000000000        0.0000000000000000     
   63.375000000000000        0.0000000000000000     
   63.625000000000000        0.0000000000000000     
   63.875000000000000        0.0000000000000000     
   64.125000000000000        0.0000000000000000     
   64.375000000000000        0.0000000000000000     
   64.625000000000000        0.0000000000000000     
   64.875000000000000        0.0000000000000000     
   65.125000000000000        0.0000000000000000     
   65.375000000000000        0.0000000000000000     
   65.625000000000000        0.0000000000000000     
   65.875000000000000        0.0000000000000000     
   66.125000000000000        0.0000000000000000     
   66.375000000000000        0.0000000000000000     
   66.625000000000000        0.0000000000000000     
   66.875000000000000        0.0000000000000000     
   67.125000000000000        0.0000000000000000     
   67.375000000000000        0.0000000000000000     
   67.625000000000000        0.0000000000000000     
   67.875000000000000        0.0000000000000000     
   68.125000000000000        0.0000000000000000     
   68.375000000000000        0.0000000000000000     
   68.625000000000000        0.0000000000000000     
   68.875000000000000        0.0000000000000000     
   69.125000000000000        0.0000000000000000     
   69.375000000000000        0.0000000000000000     
   69.625000000000000        0.0000000000000000     
   69.875000000000000        0.0000000000000000     
   70.125000000000000        0.0000000000000000     
   70.375000000000000        0.0000000000000000     
   70.625000000000000        0.0000000000000000     
   70.875000000000000        0.0000000000000000     
   71.125000000000000        0.0000000000000000     
   71.375000000000000        0.0000000000000000     
   71.625000000000000        0.0000000000000000     
   71.875000000000000        0.0000000000000000     
   72.125000000000000        0.0000000000000000     
   72.375000000000000        0.0000000000000000     
   72.625000000000000        0.0000000000000000     
   72.875000000000000        0.0000000000000000     
   73.125000000000000        0.0000000000000000     
   73.375000000000000        0.0000000000000000     
   73.625000000000000        0.0000000000000000     
   73.875000000000000        0.0000000000000000     
   74.125000000000000        0.0000000000000000     
   74.375000000000000        0.0000000000000000     
   74.625000000000000        0.0000000000000000     
   74.875000000000000        0.0000000000000000     
   75.125000000000000        0.0000000000000000     
   75.375000000000000        0.0000000000000000     
   75.625000000000000        0.0000000000000000     
   75.875000000000000        0.0000000000000000     
   76.125000000000000        0.0000000000000000     
   76.375000000000000        0.0000000000000000     
   76.625000000000000        0.0000000000000000     
   76.875000000000000        0.0000000000000000     
   77.125000000000000        0.0000000000000000     
   77.375000000000000        0.0000000000000000     
   77.625000000000000        0.0000000000000000     
   77.875000000000000        0.0000000000000000     
   78.125000000000000        0.0000000000000000     
   78.375000000000000        0.0000000000000000     
   78.625000000000000        0.0000000000000000     
   78.875000000000000        0.0000000000000000     
   79.125000000000000        0.0000000000000000     
   79.375000000000000        0.0000000000000000     
   79.625000000000000        0.0000000000000000     
   79.875000000000000        0.0000000000000000     
   80.125000000000000        0.0000000000000000     
   80.375000000000000        0.0000000000000000     
   80.625000000000000        0.0000000000000000     
   80.875000000000000        0.0000000000000000     
   81.125000000000000        0.0000000000000000     
   81.375000000000000        0.0000000000000000     
   81.625000000000000        0.0000000000000000     
   81.875000000000000        0.0000000000000000     
   82.125000000000000        0.0000000000000000     
   82.375000000000000        0.0000000000000000     
   82.625000000000000        0.0000000000000000     
   82.875000000000000        0.0000000000000000     
   83.125000000000000        0.0000000000000000     
   83.375000000000000        0.0000000000000000     
   83.625000000000000        0.0000000000000000     
   83.875000000000000        0.0000000000000000     
   84.125000000000000        0.0000000000000000     
   84.375000000000000        0.0000000000000000     
   84.625000000000000        0.0000000000000000     
   84.875000000000000        0.0000000000000000     
   85.125000000000000        0.0000000000000000     
   85.375000000000000        0.0000000000000000     
   85.625000000000000        0.0000000000000000     
   85.875000000000000        0.0000000000000000     
   86.125000000000000        0.0000000000000000     
   86.375000000000000        0.0000000000000000     
   86.625000000000000        0.0000000000000000     
   86.875000000000000        0.0000000000000000     
   87.125000000000000        0.0000000000000000     
   87.375000000000000        0.0000000000000000     
   87.625000000000000        0.0000000000000000     
   87.875000000000000        0.0000000000000000     
   88.125000000000000        0.0000000000000000     
   88.375000000000000        0.0000000000000000     
   88.625000000000000        0.0000000000000000     
   88.875000000000000        0.0000000000000000     
   89.125000000000000        0.0000000000000000     
   89.375000000000000        0.0000000000000000     
   89.625000000000000        0.0000000000000000     
   89.875000000000000        0.0000000000000000     
   90.125000000000000        0.0000000000000000     
   90.375000000000000        0.0000000000000000     
   90.625000000000000        0.0000000000000000     
   90.875000000000000        0.0000000000000000     
   91.125000000000000        0.0000000000000000     
   91.375000000000000        0.0000000000000000     
   91.625000000000000        0.0000000000000000     
   91.875000000000000        0.0000000000000000     
   92.125000000000000        0.0000000000000000     
   92.375000000000000        0.0000000000000000     
   92.625000000000000        0.0000000000000000     
   92.875000000000000        0.0000000000000000     
   93.125000000000000        0.0000000000000000     
   93.375000000000000        0.0000000000000000     
   93.625000000000000        0.0000000000000000     
   93.875000000000000        0.0000000000000000     
   94.125000000000000        0.0000000000000000     
   94.375000000000000        0.0000000000000000     
   94.625000000000000        0.0000000000000000     
   94.875000000000000        0.0000000000000000     
   95.125000000000000        0.0000000000000000     
   95.375000000000000        0.0000000000000000     
   95.625000000000000        0.0000000000000000     
   95.875000000000000        0.0000000000000000     
   96.125000000000000        0.0000000000000000     
   96.375000000000000        0.0000000000000000     
   96.625000000000000        0.0000000000000000     
   96.875000000000000        0.0000000000000000     
   97.125000000000000        0.0000000000000000     
   97.375000000000000        0.0000000000000000     
   97.625000000000000        0.0000000000000000     
   97.875000000000000        0.0000000000000000     
   98.125000000000000        0.0000000000000000     
   98.375000000000000        0.0000000000000000     
   98.625000000000000        0.0000000000000000     
   98.875000000000000        0.0000000000000000     
   99.125000000000000        0.0000000000000000     
   99.375000000000000        0.0000000000000000     
   99.625000000000000        0.0000000000000000     
   99.875000000000000        0.0000000000000000     
   100.12500000000000        0.0000000000000000     
   100.37500000000000        0.0000000000000000     
   100.62500000000000        0.0000000000000000     
   100.87500000000000        0.0000000000000000     
   101.12500000000000        0.0000000000000000     
   101.37500000000000        0.0000000000000000     
   101.62500000000000        0.0000000000000000     
   101.87500000000000        0.0000000000000000     
   102.12500000000000        0.0000000000000000     
   102.37500000000000        0.0000000000000000     
   102.62500000000000        0.0000000000000000     
   102.87500000000000        0.0000000000000000     
   103.12500000000000        0.0000000000000000     
   103.37500000000000        0.0000000000000000     
   103.62500000000000        0.0000000000000000     
   103.87500000000000        0.0000000000000000     
   104.12500000000000        0.0000000000000000     
   104.37500000000000        0.0000000000000000     
   104.62500000000000        0.0000000000000000     
   104.87500000000000        0.0000000000000000     
   105.12500000000000        0.0000000000000000     
   105.37500000000000        0.0000000000000000     
   105.62500000000000        0.0000000000000000     
   105.87500000000000        0.0000000000000000     
   106.12500000000000        0.0000000000000000     
   106.37500000000000        0.0000000000000000     
   106.62500000000000        0.0000000000000000     
   106.87500000000000        0.0000000000000000     
   107.12500000000000        0.0000000000000000     
   107.37500000000000        0.0000000000000000     
   107.62500000000000        0.0000000000000000     
   107.87500000000000        0.0000000000000000     
   108.12500000000000        0.0000000000000000     
   108.37500000000000        0.0000000000000000     
   108.62500000000000        0.0000000000000000     
   108.87500000000000        0.0000000000000000     
   109.12500000000000        0.0000000000000000     
   109.37500000000000        0.0000000000000000     
   109.62500000000000        0.0000000000000000     
   109.87500000000000        0.0000000000000000     
   110.12500000000000        0.0000000000000000     
   110.37500000000000        0.0000000000000000     
   110.62500000000000        0.0000000000000000     
   110.87500000000000        0.0000000000000000     
   111.12500000000000        0.0000000000000000     
   111.37500000000000        0.0000000000000000     
   111.62500000000000        0.0000000000000000     
   111.87500000000000        0.0000000000000000     
   112.12500000000000        0.0000000000000000     
   112.37500000000000        0.0000000000000000     
   112.62500000000000        0.0000000000000000     
   112.87500000000000        0.0000000000000000     
   113.12500000000000        0.0000000000000000     
   113.37500000000000        0.0000000000000000     
   113.62500000000000        0.0000000000000000     
   113.87500000000000        0.0000000000000000     
   114.12500000000000        0.0000000000000000     
   114.37500000000000        0.0000000000000000     
   114.62500000000000        0.0000000000000000     
   114.87500000000000        0.0000000000000000     
   115.12500000000000        0.0000000000000000     
   115.37500000000000        0.0000000000000000     
   115.62500000000000        0.0000000000000000     
   115.87500000000000        0.0000000000000000     
   116.12500000000000        0.0000000000000000     
   116.37500000000000        0.0000000000000000     
   116.62500000000000        0.0000000000000000     
   116.87500000000000        0.0000000000000000     
   117.12500000000000        0.0000000000000000     
   117.37500000000000        0.0000000000000000     
   117.62500000000000        0.0000000000000000     
   117.87500000000000        0.0000000000000000     
   118.12500000000000        0.0000000000000000     
   118.37500000000000        0.0000000000000000     
   118.62500000000000        0.0000000000000000     
   118.87500000000000        0.0000000000000000     
   119.12500000000000        0.0000000000000000     
   119.37500000000000        0.0000000000000000     
   119.62500000000000        0.0000000000000000     
   119.87500000000000        0.0000000000000000     
   120.12500000000000        0.0000000000000000     
   120.37500000000000        0.0000000000000000     
   120.62500000000000        0.0000000000000000     
   120.87500000000000        0.0000000000000000     
   121.12500000000000        0.0000000000000000     
   121.37500000000000        0.0000000000000000     
   121.62500000000000        0.0000000000000000     
   121.87500000000000        0.0000000000000000     
   122.12500000000000        0.0000000000000000     
   122.37500000000000        0.0000000000000000     
   122.62500000000000        0.0000000000000000     
   122.87500000000000        0.0000000000000000     
   123.12500000000000        0.0000000000000000     
   123.37500000000000        0.0000000000000000     
   123.62500000000000        0.0000000000000000     
   123.87500000000000        0.0000000000000000     
   124.12500000000000        0.0000000000000000     
   124.37500000000000        0.0000000000000000     
   124.62500000000000        0.0000000000000000     
   124.87500000000000        0.0000000000000000     
   125.12500000000000        0.0000000000000000     
   125.37500000000000        0.0000000000000000     
   125.62500000000000        0.0000000000000000     
   125.87500000000000        0.0000000000000000     
   126.12500000000000        0.0000000000000000     
   126.37500000000000        0.0000000000000000     
   126.62500000000000        0.0000000000000000     
   126.87500000000000        0.0000000000000000     
   127.12500000000000        0.0000000000000000     
   127.37500000000000        0.0000000000000000     
   127.62500000000000        0.0000000000000000     
   127.87500000000000        0.0000000000000000     
   128.12500000000000        0.0000000000000000     
   128.37500000000000        0.0000000000000000     
   128.62500000000000        0.0000000000000000     
   128.87500000000000        0.0000000000000000     
   129.12500000000000        0.0000000000000000     
   129.37500000000000        0.0000000000000000     
   129.62500000000000        0.0000000000000000     
   129.87500000000000        0.0000000000000000     
   130.12500000000000        0.0000000000000000     
   130.37500000000000        0.0000000000000000     
   130.62500000000000        0.0000000000000000     
   130.87500000000000        0.0000000000000000     
   131.12500000000000        0.0000000000000000     
   131.37500000000000        0.0000000000000000     
   131.62500000000000        0.0000000000000000     
   131.87500000000000        0.0000000000000000     
   132.12500000000000        0.0000000000000000     
   132.37500000000000        0.0000000000000000     
   132.62500000000000        0.0000000000000000     
   132.87500000000000        0.0000000000000000     
   133.12500000000000        0.0000000000000000     
   133.37500000000000        0.0000000000000000     
   133.62500000000000        0.0000000000000000     
   133.87500000000000        0.0000000000000000     
   134.12500000000000        0.0000000000000000     
   134.37500000000000        0.0000000000000000     
   134.62500000000000        0.0000000000000000     
   134.87500000000000        0.0000000000000000     
   135.12500000000000        0.0000000000000000     
   135.37500000000000        0.0000000000000000     
   135.62500000000000        0.0000000000000000     
   135.87500000000000        0.0000000000000000     
   136.12500000000000        0.0000000000000000     
   136.37500000000000        0.0000000000000000     
   136.62500000000000        0.0000000000000000     
   136.87500000000000        0.0000000000000000     
   137.12500000000000        0.0000000000000000     
   137.37500000000000        0.0000000000000000     
   137.62500000000000        0.0000000000000000     
   137.87500000000000        0.0000000000000000     
   138.12500000000000        0.0000000000000000     
   138.37500000000000        0.0000000000000000     
   138.62500000000000        0.0000000000000000     
   138.87500000000000        0.0000000000000000     
   139.12500000000000        0.0000000000000000     
   139.37500000000000        0.0000000000000000     
   139.62500000000000        0.0000000000000000     
   139.87500000000000        0.0000000000000000     
   140.12500000000000        0.0000000000000000     
   140.37500000000000        0.0000000000000000     
   140.62500000000000        0.0000000000000000     
   140.87500000000000        0.0000000000000000     
   141.12500000000000        0.0000000000000000     
   141.37500000000000        0.0000000000000000     
   141.62500000000000        0.0000000000000000     
   141.87500000000000        0.0000000000000000     
   142.12500000000000        0.0000000000000000     
   142.37500000000000        0.0000000000000000     
   142.62500000000000        0.0000000000000000     
   142.87500000000000        0.0000000000000000     
   143.12500000000000        0.0000000000000000     
   143.37500000000000        0.0000000000000000     
   143.62500000000000        0.0000000000000000     
   143.87500000000000        0.0000000000000000     
   144.12500000000000        0.0000000000000000     
   144.37500000000000        0.0000000000000000     
   144.62500000000000        0.0000000000000000     
   144.87500000000000        0.0000000000000000     
   145.12500000000000        0.0000000000000000     
   145.37500000000000        0.0000000000000000     
   145.62500000000000        0.0000000000000000     
   145.87500000000000        0.0000000000000000     
   146.12500000000000        0.0000000000000000     
   146.37500000000000        0.0000000000000000     
   146.62500000000000        0.0000000000000000     
   146.87500000000000        0.0000000000000000     
   147.12500000000000        0.0000000000000000     
   147.37500000000000        0.0000000000000000     
   147.62500000000000        0.0000000000000000     
   147.87500000000000        0.0000000000000000     
   148.12500000000000        0.0000000000000000     
   148.37500000000000        0.0000000000000000     
   148.62500000000000        0.0000000000000000     
   148.87500000000000        0.0000000000000000     
   149.12500000000000        0.0000000000000000     
   149.37500000000000        0.0000000000000000     
   149.62500000000000        0.0000000000000000     
   149.87500000000000        0.0000000000000000     
   150.12500000000000        0.0000000000000000     
