 -0.12500000000000000       4.27441627066486255E-003
  0.12500000000000000       4.27441627066486255E-003
  0.37500000000000000       4.27228827092069642E-003
  0.62500000000000000       4.26776933564266148E-003
  0.87500000000000000       4.26436945646072128E-003
   1.1250000000000000       4.25465034325434120E-003
   1.3750000000000000       4.24862317494164449E-003
   1.6250000000000000       4.24233243177334941E-003
   1.8750000000000000       4.23060390350261072E-003
   2.1250000000000000       4.22208757792126490E-003
   2.3750000000000000       4.21590756134854628E-003
   2.6250000000000000       4.20420484865660551E-003
   2.8750000000000000       4.19000823249571566E-003
   3.1250000000000000       4.17893721205358538E-003
   3.3750000000000000       4.16678313772822669E-003
   3.6250000000000000       4.14820302873607303E-003
   3.8750000000000000       4.12658201405314250E-003
   4.1250000000000000       4.10712909178898196E-003
   4.3750000000000000       4.08794546858505872E-003
   4.6250000000000000       4.06429413563325157E-003
   4.8750000000000000       4.03706004156810516E-003
   5.1250000000000000       4.01142964163130056E-003
   5.3750000000000000       3.98908377364822625E-003
   5.6250000000000000       3.96620998236044218E-003
   5.8750000000000000       3.93934900750519956E-003
   6.1250000000000000       3.90993727737928235E-003
   6.3750000000000000       3.88162313314493286E-003
   6.6250000000000000       3.85486449431359304E-003
   6.8750000000000000       3.82615996423477404E-003
   7.1250000000000000       3.79240772264965217E-003
   7.3750000000000000       3.75449083869078184E-003
   7.6250000000000000       3.71598779093294329E-003
   7.8750000000000000       3.67901059174684068E-003
   8.1250000000000000       3.64219538693490727E-003
   8.3750000000000000       3.60275714325891065E-003
   8.6250000000000000       3.55994156489240852E-003
   8.8750000000000000       3.51598708111760172E-003
   9.1250000000000000       3.47375094097678071E-003
   9.3750000000000000       3.43363223807934773E-003
   9.6250000000000000       3.39306370673203963E-003
   9.8750000000000000       3.34924292140010736E-003
   10.125000000000000       3.30174334855203727E-003
   10.375000000000000       3.25243198998123898E-003
   10.625000000000000       3.20354617999716413E-003
   10.875000000000000       3.15596394113775661E-003
   11.125000000000000       3.10822254817644727E-003
   11.375000000000000       3.05797977355420783E-003
   11.625000000000000       3.00435931971873398E-003
   11.875000000000000       2.94893963933531844E-003
   12.125000000000000       2.89368120737851231E-003
   12.375000000000000       2.83985810517765067E-003
   12.625000000000000       2.78711578054074895E-003
   12.875000000000000       2.73342950675430464E-003
   13.125000000000000       2.67748593352433277E-003
   13.375000000000000       2.61969439371082229E-003
   13.625000000000000       2.56207477119167705E-003
   13.875000000000000       2.50617490360987650E-003
   14.125000000000000       2.45330608766781456E-003
   14.375000000000000       2.40215210571376658E-003
   14.625000000000000       2.35067956264641041E-003
   14.875000000000000       2.29708891585967681E-003
   15.125000000000000       2.24154201890759729E-003
   15.375000000000000       2.18508048683216860E-003
   15.625000000000000       2.12919074539866726E-003
   15.875000000000000       2.07487799208903347E-003
   16.125000000000000       2.02181331201772884E-003
   16.375000000000000       1.96875986515029130E-003
   16.625000000000000       1.91465435305487332E-003
   16.875000000000000       1.85952264396149107E-003
   17.125000000000000       1.80460754619149108E-003
   17.375000000000000       1.75163522613412908E-003
   17.625000000000000       1.70178636397756928E-003
   17.875000000000000       1.65503645630704372E-003
   18.125000000000000       1.61019377302672271E-003
   18.375000000000000       1.56558426219256135E-003
   18.625000000000000       1.52001932172814136E-003
   18.875000000000000       1.47344053287782120E-003
   19.125000000000000       1.42685728997595678E-003
   19.375000000000000       1.38163072373987555E-003
   19.625000000000000       1.33860272161126373E-003
   19.875000000000000       1.29760427949025337E-003
   20.125000000000000       1.25757388814958025E-003
   20.375000000000000       1.21715953447030958E-003
   20.625000000000000       1.17545952784547415E-003
   20.875000000000000       1.13252870047844440E-003
   21.125000000000000       1.08940984833900533E-003
   21.375000000000000       1.04768411899463783E-003
   21.625000000000000       1.00875909383407714E-003
   21.875000000000000       9.73227023301190741E-004
   22.125000000000000       9.40616022132549721E-004
   22.375000000000000       9.09718869712333842E-004
   22.625000000000000       8.79324808888564541E-004
   22.875000000000000       8.48796856911017590E-004
   23.125000000000000       8.18215240387962965E-004
   23.375000000000000       7.88345699893499468E-004
   23.625000000000000       7.60162181558559301E-004
   23.875000000000000       7.34187745850406145E-004
   24.125000000000000       7.10309331602805658E-004
   24.375000000000000       6.87394260426931673E-004
   24.625000000000000       6.64333033743544875E-004
   24.875000000000000       6.40228908407605604E-004
   25.125000000000000       6.14829662964338163E-004
   25.375000000000000       5.88580280299500630E-004
   25.625000000000000       5.62647642295544762E-004
   25.875000000000000       5.38627693014395075E-004
   26.125000000000000       5.16947242586614556E-004
   26.375000000000000       4.97687556282134635E-004
   26.625000000000000       4.80471104282588317E-004
   26.875000000000000       4.64053807987629681E-004
   27.125000000000000       4.47872934066813897E-004
   27.375000000000000       4.31564884787459014E-004
   27.625000000000000       4.15551174208439239E-004
   27.875000000000000       4.00534398893997827E-004
   28.125000000000000       3.87108481999912362E-004
   28.375000000000000       3.75741800856798486E-004
   28.625000000000000       3.66085596276987031E-004
   28.875000000000000       3.57379882444685149E-004
   29.125000000000000       3.48641146506986405E-004
   29.375000000000000       3.38674973038731312E-004
   29.625000000000000       3.26514620437077445E-004
   29.875000000000000       3.12375891774318334E-004
   30.125000000000000       2.96990088130351284E-004
   30.375000000000000       2.81412897949537950E-004
   30.625000000000000       2.67004461283567814E-004
   30.875000000000000       2.54508291773544531E-004
   31.125000000000000       2.43424284971787140E-004
   31.375000000000000       2.32726155405207929E-004
   31.625000000000000       2.21683875725122272E-004
   31.875000000000000       2.10191530364454889E-004
   32.125000000000000       1.98726991680471987E-004
   32.375000000000000       1.87983072535932900E-004
   32.625000000000000       1.78434171733244778E-004
   32.875000000000000       1.70165575237394076E-004
   33.125000000000000       1.63146167131137841E-004
   33.375000000000000       1.57521299892782169E-004
   33.625000000000000       1.53456699299407798E-004
   33.875000000000000       1.50555886208821006E-004
   34.125000000000000       1.47661107019843394E-004
   34.375000000000000       1.43431883982456993E-004
   34.625000000000000       1.37171138488441369E-004
   34.875000000000000       1.29059614614594135E-004
   35.125000000000000       1.19688892023930670E-004
   35.375000000000000       1.09632817706838761E-004
   35.625000000000000       9.95324464464084015E-005
   35.875000000000000       9.01645211113282961E-005
   36.125000000000000       8.19178953066391916E-005
   36.375000000000000       7.43207736148870690E-005
   36.625000000000000       6.66697001647663292E-005
   36.875000000000000       5.91120914363766104E-005
   37.125000000000000       5.22966275631644753E-005
   37.375000000000000       4.59415881720916377E-005
   37.625000000000000       3.92110879932947400E-005
   37.875000000000000       3.28726586920561126E-005
   38.125000000000000       2.88869027365761528E-005
   38.375000000000000       2.74411219019718105E-005
   38.625000000000000       2.76197443614401695E-005
   38.875000000000000       2.98215473176981663E-005
   39.125000000000000       3.31418643484274197E-005
   39.375000000000000       3.71731699424530793E-005
   39.625000000000000       4.20849154687498849E-005
   39.875000000000000       4.31741413964872484E-005
   40.125000000000000       4.50684517785426389E-005
   40.375000000000000       4.39836958234103402E-005
   40.625000000000000       4.14399843526346890E-005
   40.875000000000000       3.86701976010508046E-005
   41.125000000000000       3.49104955979643154E-005
   41.375000000000000       3.14210406712520001E-005
   41.625000000000000       2.70294133334427305E-005
   41.875000000000000       2.35223044791437236E-005
   42.125000000000000       1.86454530264775022E-005
   42.375000000000000       1.48101095181496630E-005
   42.625000000000000       9.31165709434847585E-006
   42.875000000000000       3.78872166003318722E-006
   43.125000000000000      -1.58932022299418105E-006
   43.375000000000000      -6.92272551800213647E-006
   43.625000000000000      -1.09495978962363655E-005
   43.875000000000000      -1.33534604940380862E-005
   44.125000000000000      -1.33625808293613328E-005
   44.375000000000000      -1.12746743361054750E-005
   44.625000000000000      -7.37407119651936795E-006
   44.875000000000000      -1.43275242885963731E-006
   45.125000000000000       5.69390011582307411E-006
   45.375000000000000       1.25481990199506720E-005
   45.625000000000000       1.83343096897170446E-005
   45.875000000000000       2.26460155301018217E-005
   46.125000000000000       2.48304604407521129E-005
   46.375000000000000       2.44074107047492643E-005
   46.625000000000000       2.14174577673635746E-005
   46.875000000000000       1.65589180285354601E-005
   47.125000000000000       1.04293939581362511E-005
   47.375000000000000       3.51932103692629955E-006
   47.625000000000000      -3.83140857328000362E-006
   47.875000000000000      -1.13329610982084166E-005
   48.125000000000000      -1.84990827712992482E-005
   48.375000000000000      -2.45357666878056949E-005
   48.625000000000000      -2.83943575451306583E-005
   48.875000000000000      -2.88179234180545581E-005
   49.125000000000000      -2.44335359185857080E-005
   49.375000000000000      -1.41163231956287240E-005
   49.625000000000000       2.27601667025153407E-006
   49.875000000000000       2.30889156561103584E-005
   50.125000000000000       4.42381182331579432E-005
   50.375000000000000       5.90415762411376508E-005
   50.625000000000000       6.35892646291382000E-005
   50.875000000000000       5.68125198593066348E-005
   51.125000000000000       4.00878447344419936E-005
   51.375000000000000       1.72789878523568605E-005
   51.625000000000000      -6.57512011687394622E-006
   51.875000000000000      -2.65184546286076102E-005
   52.125000000000000      -3.98323802730316315E-005
   52.375000000000000      -4.51713438817959078E-005
   52.625000000000000      -4.21390177378450987E-005
   52.875000000000000      -3.07657482346948731E-005
   53.125000000000000      -1.24054754381751496E-005
   53.375000000000000       1.03074004157009588E-005
   53.625000000000000       3.39696464288569621E-005
   53.875000000000000       5.34639296129610378E-005
   54.125000000000000       6.31411513802650372E-005
   54.375000000000000       5.76947272282191318E-005
   54.625000000000000       3.52531151165323033E-005
   54.875000000000000      -2.61620381834166738E-006
   55.125000000000000      -5.16506568118408997E-005
   55.375000000000000      -1.05281681725780791E-004
   55.625000000000000      -1.56847117565151297E-004
   55.875000000000000      -2.00342356406704633E-004
   56.125000000000000      -2.32190493469484281E-004
   56.375000000000000      -2.51342998882958220E-004
   56.625000000000000      -2.58274908688012274E-004
   56.875000000000000      -2.54007193351811879E-004
   57.125000000000000      -2.39823660499682492E-004
   57.375000000000000      -2.18465865810299340E-004
   57.625000000000000      -1.93890206622578939E-004
   57.875000000000000      -1.71827155323341964E-004
   58.125000000000000      -1.59365603393716221E-004
   58.375000000000000      -1.63393909188664526E-004
   58.625000000000000      -1.90038666953779001E-004
   58.875000000000000      -2.42261372279274590E-004
   59.125000000000000      -3.18878243320873953E-004
   59.375000000000000      -4.16105363628870939E-004
   59.625000000000000      -5.28661060112861560E-004
   59.875000000000000      -6.49563611248330950E-004
   60.125000000000000      -7.68943642139624040E-004
   60.375000000000000      -8.76355819071499963E-004
   60.625000000000000      -9.63013411366146852E-004
   60.875000000000000      -1.01916684807926150E-003
   61.125000000000000      -1.03493135264083819E-003
   61.375000000000000      -1.00434628049606554E-003
   61.625000000000000      -9.24365806392012969E-004
   61.875000000000000      -7.92633292775040159E-004
   62.125000000000000      -6.09297185723866805E-004
   62.375000000000000      -3.78295850550635303E-004
   62.625000000000000      -1.04128465194866233E-004
   62.875000000000000       2.09637109340025924E-004
   63.125000000000000       5.57025462372604126E-004
   63.375000000000000       9.31209177570239987E-004
   63.625000000000000       1.32873505751170931E-003
   63.875000000000000       1.74556743396325547E-003
   64.125000000000000       2.17550654485749138E-003
   64.375000000000000       2.61573946377309562E-003
   64.625000000000000       3.06423033905785366E-003
   64.875000000000000       3.51553106965178707E-003
   65.125000000000000       3.96621968197522108E-003
   65.375000000000000       4.41488639616138216E-003
   65.625000000000000       4.85693179019580472E-003
   65.875000000000000       5.28870833449053297E-003
   66.125000000000000       5.70972036505823597E-003
   66.375000000000000       6.11743946930128416E-003
   66.625000000000000       6.50932892761176170E-003
   66.875000000000000       6.88637982199932080E-003
   67.125000000000000       7.24885882364356259E-003
   67.375000000000000       7.59565976007245489E-003
   67.625000000000000       7.92722602406812152E-003
   67.875000000000000       8.24279444293606056E-003
   68.125000000000000       8.53926142104248324E-003
   68.375000000000000       8.81462638503609577E-003
   68.625000000000000       9.06756514346183061E-003
   68.875000000000000       9.29576438941383948E-003
   69.125000000000000       9.49748507962437129E-003
   69.375000000000000       9.67173780259180695E-003
   69.625000000000000       9.81736141911679176E-003
   69.875000000000000       9.93375179155202813E-003
   70.125000000000000       1.00206103970420773E-002
   70.375000000000000       1.00771984571444949E-002
   70.625000000000000       1.01031046707063064E-002
   70.875000000000000       1.00987469520352011E-002
   71.125000000000000       1.00663433452491263E-002
   71.375000000000000       1.00116978690794074E-002
   71.625000000000000       9.94305765990216930E-003
   71.875000000000000       9.86865372876238184E-003
   72.125000000000000       9.79643673986798150E-003
   72.375000000000000       9.73223621589893416E-003
   72.625000000000000       9.67657729775303968E-003
   72.875000000000000       9.62687268239643089E-003
   73.125000000000000       9.58181654317708659E-003
   73.375000000000000       9.54097909158559652E-003
   73.625000000000000       9.50414422858933232E-003
   73.875000000000000       9.47305499990751775E-003
   74.125000000000000       9.44846830429022649E-003
   74.375000000000000       9.42486575507469823E-003
   74.625000000000000       9.39264291448116927E-003
   74.875000000000000       9.34307982770123287E-003
   75.125000000000000       9.26702076011428136E-003
   75.375000000000000       9.15344552647161594E-003
   75.625000000000000       8.99308240694800948E-003
   75.875000000000000       8.77845329442266883E-003
   76.125000000000000       8.49932773808435849E-003
   76.375000000000000       8.14489089803145661E-003
   76.625000000000000       7.71173312883014980E-003
   76.875000000000000       7.20593163186887022E-003
   77.125000000000000       6.64037305350860096E-003
   77.375000000000000       6.03526763078560992E-003
   77.625000000000000       5.41732564806593399E-003
   77.875000000000000       4.81173658131141529E-003
   78.125000000000000       4.23516077191187553E-003
   78.375000000000000       3.69744521292595827E-003
   78.625000000000000       3.20547572734670386E-003
   78.875000000000000       2.76227370889613579E-003
   79.125000000000000       2.36613219439753882E-003
   79.375000000000000       2.01438407379952826E-003
   79.625000000000000       1.70648999713944312E-003
   79.875000000000000       1.44179897532897665E-003
   80.125000000000000       1.21670083372842465E-003
   80.375000000000000       1.02613908142698052E-003
   80.625000000000000       8.66151189665534589E-004
   80.875000000000000       7.32895839271350451E-004
   81.125000000000000       6.20692913249305551E-004
   81.375000000000000       5.23472541227907088E-004
   81.625000000000000       4.37849244310500136E-004
   81.875000000000000       3.63204194429979062E-004
   82.125000000000000       2.99171643328151370E-004
   82.375000000000000       2.44655403920119988E-004
   82.625000000000000       1.99129586106526198E-004
   82.875000000000000       1.63067622052649844E-004
   83.125000000000000       1.36299452543435197E-004
   83.375000000000000       1.16829856324752294E-004
   83.625000000000000       1.01832886910725631E-004
   83.875000000000000       8.91317472119109545E-005
   84.125000000000000       7.72687589419555790E-005
   84.375000000000000       6.49973015911173291E-005
   84.625000000000000       5.17427285663731728E-005
   84.875000000000000       3.83861132119870752E-005
   85.125000000000000       2.67348239073794977E-005
   85.375000000000000       1.80208176159183594E-005
   85.625000000000000       1.23475938033167105E-005
   85.875000000000000       9.54397276218816127E-006
   86.125000000000000       9.74218611549938120E-006
   86.375000000000000       1.25806082097529927E-005
   86.625000000000000       1.62865475719365471E-005
   86.875000000000000       1.83464170975012079E-005
   87.125000000000000       1.73002667718192283E-005
   87.375000000000000       1.35906986913659332E-005
   87.625000000000000       8.62023022634089627E-006
   87.875000000000000       3.40800518712574087E-006
   88.125000000000000      -1.56768612134934666E-006
   88.375000000000000      -5.59818770947122499E-006
   88.625000000000000      -7.48429894888949520E-006
   88.875000000000000      -6.30054720820983738E-006
   89.125000000000000      -2.20810947030437401E-006
   89.375000000000000       3.65513386211806683E-006
   89.625000000000000       9.91207799739936762E-006
   89.875000000000000       1.53600285267322513E-005
   90.125000000000000       1.88443590551053478E-005
   90.375000000000000       1.92801468014816205E-005
   90.625000000000000       1.62498350065124507E-005
   90.875000000000000       1.05898911043294653E-005
   91.125000000000000       4.09894886640461225E-006
   91.375000000000000      -1.56105879740843622E-006
   91.625000000000000      -5.71055538839547160E-006
   91.875000000000000      -8.42180956577297289E-006
   92.125000000000000      -9.60430527532302223E-006
   92.375000000000000      -8.55420864605405045E-006
   92.625000000000000      -4.54608869428211305E-006
   92.875000000000000       2.16338901867301393E-006
   93.125000000000000       1.00269782058007988E-005
   93.375000000000000       1.69695169055141123E-005
   93.625000000000000       2.15187713735810374E-005
   93.875000000000000       2.33216919856354313E-005
   94.125000000000000       2.27768822857729375E-005
   94.375000000000000       2.03726444543381348E-005
   94.625000000000000       1.64442692987945072E-005
   94.875000000000000       1.14533063198229482E-005
   95.125000000000000       6.29283999927649364E-006
   95.375000000000000       2.15232968284377358E-006
   95.625000000000000       8.84537946149638791E-009
   95.875000000000000       2.23380330895179423E-007
   96.125000000000000       2.59654357815841246E-006
   96.375000000000000       6.76324609425055618E-006
   96.625000000000000       1.24976090394968279E-005
   96.875000000000000       1.96459883638857998E-005
   97.125000000000000       2.78131513715208031E-005
   97.375000000000000       3.61672361167375862E-005
   97.625000000000000       4.35865644834056826E-005
   97.875000000000000       4.90227669717693243E-005
   98.125000000000000       5.17558406616694017E-005
   98.375000000000000       5.13448539504735883E-005
   98.625000000000000       4.73832953146026569E-005
   98.875000000000000       3.93466377267485037E-005
   99.125000000000000       2.67107252349821150E-005
   99.375000000000000       9.24107839459371896E-006
   99.625000000000000      -1.28283268594672926E-005
   99.875000000000000      -3.89284136974378016E-005
   100.12500000000000      -6.85364739817985756E-005
   100.37500000000000      -1.01523698661436807E-004
   100.62500000000000      -1.38198695052608317E-004
   100.87500000000000      -1.79004231479647268E-004
   101.12500000000000      -2.24083342644010173E-004
   101.37500000000000      -2.73025687989030528E-004
   101.62500000000000      -3.24976125618181317E-004
   101.87500000000000      -3.79040822885555950E-004
   102.12500000000000      -4.34738361331554084E-004
   102.37500000000000      -4.92228991072651508E-004
   102.62500000000000      -5.52199604206015911E-004
   102.87500000000000      -6.15473360902733650E-004
   103.12500000000000      -6.82532575474903425E-004
   103.37500000000000      -7.53140879354575609E-004
   103.62500000000000      -8.26158768936771366E-004
   103.87500000000000      -8.99541975810515086E-004
   104.12500000000000      -9.70457032691421926E-004
   104.37500000000000      -1.03545600151544481E-003
   104.62500000000000      -1.09069138687113883E-003
   104.87500000000000      -1.13217990349493347E-003
   105.12500000000000      -1.15611733816152321E-003
   105.37500000000000      -1.15921420886188459E-003
   105.62500000000000      -1.13898968049847569E-003
   105.87500000000000      -1.09395319154692106E-003
   106.12500000000000      -1.02362668522544358E-003
   106.37500000000000      -9.28404472892552127E-004
   106.62500000000000      -8.09292451125370976E-004
   106.87500000000000      -6.67595169482024112E-004
   107.12500000000000      -5.04619185315933051E-004
   107.37500000000000      -3.21437544372120616E-004
   107.62500000000000      -1.18726350085022740E-004
   107.87500000000000       1.03342289366025838E-004
   108.12500000000000       3.45171556285009667E-004
   108.37500000000000       6.07773662047461595E-004
   108.62500000000000       8.92720879974165642E-004
   108.87500000000000       1.20192190285008061E-003
   109.12500000000000       1.53710594449432236E-003
   109.37500000000000       1.89891948820025951E-003
   109.62500000000000       2.28563486813469644E-003
   109.87500000000000       2.69164837592940570E-003
   110.12500000000000       3.10619314679813456E-003
   110.37500000000000       3.51293947370702204E-003
   110.62500000000000       3.89125901667672055E-003
   110.87500000000000       4.21970335228751686E-003
   111.12500000000000       4.48159041124404460E-003
   111.37500000000000       4.67167308562729637E-003
   111.62500000000000       4.80217144980850039E-003
   111.87500000000000       4.90650402271855177E-003
   112.12500000000000       5.03987733558249138E-003
   112.37500000000000       5.27672907803773943E-003
   112.62500000000000       5.70468076556395354E-003
   112.87500000000000       6.41234733835834361E-003
   113.12500000000000       7.46472890610852882E-003
   113.37500000000000       8.85883316453150819E-003
   113.62500000000000       1.04627952065640788E-002
   113.87500000000000       1.19735706322414443E-002
   114.12500000000000       1.29645303322331856E-002
   114.37500000000000       1.30656456964575590E-002
   114.62500000000000       1.21829315703304471E-002
   114.87500000000000       1.05642417746371984E-002
   115.12500000000000       8.64696125243654030E-003
   115.37500000000000       6.84165030570863843E-003
   115.62500000000000       5.42378813194369352E-003
   115.87500000000000       4.56021671257132027E-003
   116.12500000000000       4.40617580786411504E-003
   116.37500000000000       5.21852417739765949E-003
   116.62500000000000       7.44900502136667132E-003
   116.87500000000000       1.17132103260221727E-002
   117.12500000000000       1.83159489460495879E-002
   117.37500000000000       2.59763417597355488E-002
   117.62500000000000       3.09122523692508949E-002
   117.87500000000000       2.95183534859459126E-002
   118.12500000000000       2.27733639026865102E-002
   118.37500000000000       1.49198247763581426E-002
   118.62500000000000       8.83526401850218829E-003
   118.87500000000000       4.97924146024315839E-003
   119.12500000000000       2.77644862891696315E-003
   119.37500000000000       1.60067547520204045E-003
   119.62500000000000       1.04644956643391157E-003
   119.87500000000000       9.35969220316293675E-004
   120.12500000000000       1.31361545366150438E-003
   120.37500000000000       2.52849966876068184E-003
   120.62500000000000       5.47386376075092215E-003
   120.87500000000000       1.19737001790631639E-002
   121.12500000000000       2.45771418854500018E-002
   121.37500000000000       4.26455927362108939E-002
   121.62500000000000       5.48335531039935084E-002
   121.87500000000000       4.83334094277090634E-002
   122.12500000000000       3.03936999101266717E-002
   122.37500000000000       1.54172225244587416E-002
   122.62500000000000       7.06866575974397175E-003
   122.87500000000000       3.11616113706218376E-003
   123.12500000000000       1.35703208536663237E-003
   123.37500000000000       5.93141163663407308E-004
   123.62500000000000       2.67920254353811501E-004
   123.87500000000000       1.40593908397691108E-004
   124.12500000000000       1.21166113238333829E-004
   124.37500000000000       2.09729944304991105E-004
   124.62500000000000       5.11082008724226362E-004
   124.87500000000000       1.35181079573161705E-003
   125.12500000000000       3.61994582704576592E-003
   125.37500000000000       9.60254176400557151E-003
   125.62500000000000       2.43666355868839835E-002
   125.87500000000000       5.31213916983400841E-002
   126.12500000000000       8.13705193223121515E-002
   126.37500000000000       7.48634267089670208E-002
   126.62500000000000       4.27511361586435865E-002
   126.87500000000000       1.83545579614059519E-002
   127.12500000000000       7.08310120866867052E-003
   127.37500000000000       2.65270876093979223E-003
   127.62500000000000       9.84878495128862618E-004
   127.87500000000000       3.64700873119761361E-004
   128.12500000000000       1.35105469581301173E-004
   128.37500000000000       5.05358576464772912E-005
   128.62500000000000       2.03727240393218118E-005
   128.87500000000000       1.26205502336658705E-005
   129.12500000000000       2.01673770717339868E-005
   129.37500000000000       5.48139541751972199E-005
   129.62500000000000       1.65043552635454297E-004
   129.87500000000000       5.03658472524631329E-004
   130.12500000000000       1.53920275654201430E-003
   130.37500000000000       4.69983168698924741E-003
   130.62500000000000       1.42491203792252628E-002
   130.87500000000000       4.08719286768511811E-002
   131.12500000000000       9.12407865517636668E-002
   131.37500000000000       0.11822885924318607     
   131.62500000000000       7.93057936456126461E-002
   131.87500000000000       3.27498892640754533E-002
   132.12500000000000       1.11661504114143363E-002
   132.37500000000000       3.67184717900593573E-003
   132.62500000000000       1.20201140260112497E-003
   132.87500000000000       3.93193775062859177E-004
   133.12500000000000       1.28595021894897311E-004
   133.37500000000000       4.20550417565239212E-005
   133.62500000000000       1.37532361531919386E-005
   133.87500000000000       4.49769649628051035E-006
   134.12500000000000       1.47087635883895116E-006
   134.37500000000000       4.81021854652722746E-007
   134.62500000000000       1.57310826559564208E-007
   134.87500000000000       5.14472194362552116E-008
   135.12500000000000       1.68260570778195270E-008
   135.37500000000000       5.50343183496053800E-009
   135.62500000000000       1.80027867539551073E-009
   135.87500000000000       5.89037954312334207E-010
   136.12500000000000       1.92805126006055268E-010
   136.37500000000000       6.31531353241857208E-011
   136.62500000000000       2.07107296754942218E-011
   136.87500000000000       6.80614874803252195E-012
   137.12500000000000       2.24469372067988601E-012
   137.37500000000000       7.44785307081700436E-013
   137.62500000000000       2.49603664030353614E-013
   137.87500000000000       8.50153842680441422E-014
   138.12500000000000       2.96942173067338544E-014
   138.37500000000000       1.07621391305519403E-014
   138.62500000000000       4.10097936419431737E-015
   138.87500000000000       1.66123059721001736E-015
   139.12500000000000       7.18669946061362266E-016
   139.37500000000000       3.30700265512359765E-016
   139.62500000000000       1.60100120980207456E-016
   139.87500000000000       8.04413184857227623E-017
   140.12500000000000       4.14211743469381973E-017
   140.37500000000000       2.16448727300781854E-017
   140.62500000000000       1.13994524238773164E-017
   140.87500000000000       6.02339309392241359E-018
   141.12500000000000       3.18407390792108276E-018
   141.37500000000000       1.68090606976074845E-018
   141.62500000000000       8.85233688062094728E-019
   141.87500000000000       4.64782311850436784E-019
   142.12500000000000       2.43195769240406590E-019
   142.37500000000000       1.26789869323541699E-019
   142.62500000000000       6.58544166869260913E-020
   142.87500000000000       3.40747325423434236E-020
   143.12500000000000       1.75637862528209281E-020
   143.37500000000000       9.01866654416142618E-021
   143.62500000000000       4.61329313039499894E-021
   143.87500000000000       2.35089773469925831E-021
   144.12500000000000       1.19349834766371077E-021
   144.37500000000000       6.03653722984552670E-022
   144.62500000000000       3.04190133153462622E-022
   144.87500000000000       1.52723912804635437E-022
   145.12500000000000       7.63989245044682329E-023
   145.37500000000000       3.80802083390770577E-023
   145.62500000000000       1.89128399206233192E-023
   145.87500000000000       9.35993628172084199E-024
   146.12500000000000       4.61594838462597071E-024
   146.37500000000000       2.26847457019483751E-024
   146.62500000000000       1.11097589046529764E-024
   146.87500000000000       5.42232746857266367E-025
   147.12500000000000       2.63748315797239118E-025
   147.37500000000000       1.27858257362944785E-025
   147.62500000000000       6.17753466087045909E-026
   147.87500000000000       2.97482439597711204E-026
   148.12500000000000       1.42784567687382078E-026
   148.37500000000000       6.83120356122567368E-027
   148.62500000000000       3.25813690129999597E-027
   148.87500000000000       1.54999818250748659E-027
   149.12500000000000       7.37234857336261473E-028
   149.37500000000000       3.54285615307994286E-028
   149.62500000000000       1.79869608235093451E-028
   149.87500000000000       1.12415464042374700E-028
   150.12500000000000       1.12415464042374700E-028
