 -0.12500000000000000       4.66253273165429373E-005
  0.12500000000000000       4.66253273165429373E-005
  0.37500000000000000       5.00905781667299358E-005
  0.62500000000000000       5.08717746385420471E-005
  0.87500000000000000       5.81990599382537787E-005
   1.1250000000000000       6.46376871611632417E-005
   1.3750000000000000       6.71630785900407461E-005
   1.6250000000000000       7.52987824446405425E-005
   1.8750000000000000       8.31557104658240022E-005
   2.1250000000000000       8.43621439137674756E-005
   2.3750000000000000       8.56688440225021239E-005
   2.6250000000000000       9.08559474595164790E-005
   2.8750000000000000       9.36877605089725960E-005
   3.1250000000000000       9.09848549177619172E-005
   3.3750000000000000       8.84050943866896311E-005
   3.6250000000000000       9.06878967281873996E-005
   3.8750000000000000       9.49801041486387848E-005
   4.1250000000000000       9.67957393028062816E-005
   4.3750000000000000       9.74276608968047315E-005
   4.6250000000000000       1.01978849706554756E-004
   4.8750000000000000       1.12254141785336889E-004
   5.1250000000000000       1.24724706175063948E-004
   5.3750000000000000       1.35368067375506699E-004
   5.6250000000000000       1.44357621596187378E-004
   5.8750000000000000       1.55024344175369870E-004
   6.1250000000000000       1.69180458640407855E-004
   6.3750000000000000       1.84673010076776001E-004
   6.6250000000000000       1.97621928132454014E-004
   6.8750000000000000       2.06394202806261764E-004
   7.1250000000000000       2.12961130220541906E-004
   7.3750000000000000       2.20599137031591701E-004
   7.6250000000000000       2.30655216467337239E-004
   7.8750000000000000       2.41577814416991021E-004
   8.1250000000000000       2.50873934487710936E-004
   8.3750000000000000       2.57847847834567377E-004
   8.6250000000000000       2.64434221688740630E-004
   8.8750000000000000       2.73538347054030245E-004
   9.1250000000000000       2.86610474166992151E-004
   9.3750000000000000       3.02604534150286493E-004
   9.6250000000000000       3.19115971668306332E-004
   9.8750000000000000       3.34429132020386884E-004
   10.125000000000000       3.48632139043513064E-004
   10.375000000000000       3.63480059268622084E-004
   10.625000000000000       3.81121954121198280E-004
   10.875000000000000       4.02016645884274877E-004
   11.125000000000000       4.24509998572442126E-004
   11.375000000000000       4.46487514525113673E-004
   11.625000000000000       4.66748904938676685E-004
   11.875000000000000       4.85316100595176245E-004
   12.125000000000000       5.03641502226220882E-004
   12.375000000000000       5.23506253315250149E-004
   12.625000000000000       5.45045272012326045E-004
   12.875000000000000       5.67276695867886013E-004
   13.125000000000000       5.88322739799855120E-004
   13.375000000000000       6.06312839342523563E-004
   13.625000000000000       6.21340889683345506E-004
   13.875000000000000       6.34556821257137044E-004
   14.125000000000000       6.47673733078085192E-004
   14.375000000000000       6.62311118943064120E-004
   14.625000000000000       6.79249168375448825E-004
   14.875000000000000       6.97696185752693212E-004
   15.125000000000000       7.16500000992395200E-004
   15.375000000000000       7.35173763413962786E-004
   15.625000000000000       7.53981164602202884E-004
   15.875000000000000       7.74037252319959295E-004
   16.125000000000000       7.96684795928938728E-004
   16.375000000000000       8.22703616148005596E-004
   16.625000000000000       8.51794851846599346E-004
   16.875000000000000       8.82563569410714814E-004
   17.125000000000000       9.13095596964876564E-004
   17.375000000000000       9.41801128875493208E-004
   17.625000000000000       9.68020187890773352E-004
   17.875000000000000       9.92144319914788379E-004
   18.125000000000000       1.01527992298321634E-003
   18.375000000000000       1.03862733408940076E-003
   18.625000000000000       1.06285540635353472E-003
   18.875000000000000       1.08774862818527391E-003
   19.125000000000000       1.11231047512261533E-003
   19.375000000000000       1.13526643554692926E-003
   19.625000000000000       1.15568381829097514E-003
   19.875000000000000       1.17340170527474108E-003
   20.125000000000000       1.18909885068940757E-003
   20.375000000000000       1.20401736465470133E-003
   20.625000000000000       1.21949694033336134E-003
   20.875000000000000       1.23652271434280116E-003
   21.125000000000000       1.25546112050674199E-003
   21.375000000000000       1.27607211783403816E-003
   21.625000000000000       1.29776968283900956E-003
   21.875000000000000       1.32000333001215621E-003
   22.125000000000000       1.34259219965697399E-003
   22.375000000000000       1.36585876695144025E-003
   22.625000000000000       1.39048288514078897E-003
   22.875000000000000       1.41717314449471012E-003
   23.125000000000000       1.44639607028991578E-003
   23.375000000000000       1.47815626109961784E-003
   23.625000000000000       1.51172906678725570E-003
   23.875000000000000       1.54602479941465384E-003
   24.125000000000000       1.57987225111559399E-003
   24.375000000000000       1.61242909878947602E-003
   24.625000000000000       1.64341698306023996E-003
   24.875000000000000       1.67290323579578752E-003
   25.125000000000000       1.70128033592289248E-003
   25.375000000000000       1.72901431804432879E-003
   25.625000000000000       1.75630465768766603E-003
   25.875000000000000       1.78249763198035007E-003
   26.125000000000000       1.80678200754735233E-003
   26.375000000000000       1.82870751138462535E-003
   26.625000000000000       1.84739947008551609E-003
   26.875000000000000       1.86263309049826756E-003
   27.125000000000000       1.87496364982545505E-003
   27.375000000000000       1.88512560829046279E-003
   27.625000000000000       1.89387353322312355E-003
   27.875000000000000       1.90215674782252212E-003
   28.125000000000000       1.91058440787891500E-003
   28.375000000000000       1.91948345361571990E-003
   28.625000000000000       1.92934205341294606E-003
   28.875000000000000       1.94018604016563275E-003
   29.125000000000000       1.95197271836410687E-003
   29.375000000000000       1.96498691500231887E-003
   29.625000000000000       1.97904268477114070E-003
   29.875000000000000       1.99381608393227588E-003
   30.125000000000000       2.00960700602672822E-003
   30.375000000000000       2.02681147609055185E-003
   30.625000000000000       2.04570690509239426E-003
   30.875000000000000       2.06668224624941086E-003
   31.125000000000000       2.08996825004348612E-003
   31.375000000000000       2.11522708131453704E-003
   31.625000000000000       2.14162173464207874E-003
   31.875000000000000       2.16809856602723835E-003
   32.125000000000000       2.19362802008696723E-003
   32.375000000000000       2.21724823959808855E-003
   32.625000000000000       2.23804649778764752E-003
   32.875000000000000       2.25530530379167626E-003
   33.125000000000000       2.26872352686107457E-003
   33.375000000000000       2.27852120960086568E-003
   33.625000000000000       2.28532934318387369E-003
   33.875000000000000       2.28978517204112171E-003
   34.125000000000000       2.29197261941852058E-003
   34.375000000000000       2.29115238729140237E-003
   34.625000000000000       2.28610222072903220E-003
   34.875000000000000       2.27590898767188882E-003
   35.125000000000000       2.26053738558799899E-003
   35.375000000000000       2.24062469159688402E-003
   35.625000000000000       2.21676456796595159E-003
   35.875000000000000       2.18914854235264470E-003
   36.125000000000000       2.15800376994457590E-003
   36.375000000000000       2.12420948125042379E-003
   36.625000000000000       2.08915878648133864E-003
   36.875000000000000       2.05398220436870315E-003
   37.125000000000000       2.01927261234764168E-003
   37.375000000000000       1.98566463267642107E-003
   37.625000000000000       1.95397810322785670E-003
   37.875000000000000       1.92423862768492443E-003
   38.125000000000000       1.89552910287108683E-003
   38.375000000000000       1.86803105018894743E-003
   38.625000000000000       1.84379600886606996E-003
   38.875000000000000       1.82365283468087285E-003
   39.125000000000000       1.80680248470817674E-003
   39.375000000000000       1.79528470669853136E-003
   39.625000000000000       1.78907554171797646E-003
   39.875000000000000       1.79062224414693722E-003
   40.125000000000000       1.80185348243030161E-003
   40.375000000000000       1.82023919034082445E-003
   40.625000000000000       1.84854426926087394E-003
   40.875000000000000       1.88719513658770549E-003
   41.125000000000000       1.93520119233080699E-003
   41.375000000000000       1.99417484855712911E-003
   41.625000000000000       2.06400123382249369E-003
   41.875000000000000       2.14389594339325397E-003
   42.125000000000000       2.23622018414471003E-003
   42.375000000000000       2.34063806732075523E-003
   42.625000000000000       2.45825702083005398E-003
   42.875000000000000       2.58963235547981282E-003
   43.125000000000000       2.73524779631573395E-003
   43.375000000000000       2.89532589085888473E-003
   43.625000000000000       3.06999987991198996E-003
   43.875000000000000       3.25971298506659958E-003
   44.125000000000000       3.46237821925953924E-003
   44.375000000000000       3.67905729333511998E-003
   44.625000000000000       3.90727978023330293E-003
   44.875000000000000       4.14587459119633139E-003
   45.125000000000000       4.39435502755179935E-003
   45.375000000000000       4.65135002322311208E-003
   45.625000000000000       4.91558287151873385E-003
   45.875000000000000       5.18614273298168959E-003
   46.125000000000000       5.46276322154178300E-003
   46.375000000000000       5.74428832364073765E-003
   46.625000000000000       6.02920260624015270E-003
   46.875000000000000       6.31646636126222127E-003
   47.125000000000000       6.60532056173226533E-003
   47.375000000000000       6.89391506219529365E-003
   47.625000000000000       7.18017987789472140E-003
   47.875000000000000       7.46245477427540972E-003
   48.125000000000000       7.73927729357886014E-003
   48.375000000000000       8.00912629520179366E-003
   48.625000000000000       8.27051388852850441E-003
   48.875000000000000       8.52220414734807495E-003
   49.125000000000000       8.76325188159287997E-003
   49.375000000000000       8.99246951844396951E-003
   49.625000000000000       9.20728122632511262E-003
   49.875000000000000       9.40315244066323129E-003
   50.125000000000000       9.59518673777599342E-003
   50.375000000000000       9.77350371833432888E-003
   50.625000000000000       9.91544906414967148E-003
   50.875000000000000       1.00203451524880204E-002
   51.125000000000000       1.00891486488252358E-002
   51.375000000000000       1.01252941351931292E-002
   51.625000000000000       1.01323376220675797E-002
   51.875000000000000       1.01141476966882856E-002
   52.125000000000000       1.00750512173063359E-002
   52.375000000000000       1.00197009616064363E-002
   52.625000000000000       9.95234991918934539E-003
   52.875000000000000       9.87594669573559764E-003
   53.125000000000000       9.79533708772074851E-003
   53.375000000000000       9.71584677706122980E-003
   53.625000000000000       9.64161679911388660E-003
   53.875000000000000       9.57580204858304689E-003
   54.125000000000000       9.52153599483381366E-003
   54.375000000000000       9.47892824046254849E-003
   54.625000000000000       9.44413318343564727E-003
   54.875000000000000       9.41329649101238335E-003
   55.125000000000000       9.38153070443939127E-003
   55.375000000000000       9.34205658416263802E-003
   55.625000000000000       9.28882008746652506E-003
   55.875000000000000       9.21810008300503504E-003
   56.125000000000000       9.12555675923532386E-003
   56.375000000000000       9.00634952815014371E-003
   56.625000000000000       8.85837785292672639E-003
   56.875000000000000       8.67766019088564260E-003
   57.125000000000000       8.45744799630406864E-003
   57.375000000000000       8.19394290197929427E-003
   57.625000000000000       7.88558167657799416E-003
   57.875000000000000       7.53227210798833226E-003
   58.125000000000000       7.13920673958194033E-003
   58.375000000000000       6.71575817486014508E-003
   58.625000000000000       6.26984267955275031E-003
   58.875000000000000       5.80857189889948198E-003
   59.125000000000000       5.34080254861606617E-003
   59.375000000000000       4.87267117051650486E-003
   59.625000000000000       4.40837479256063480E-003
   59.875000000000000       3.95600756813665674E-003
   60.125000000000000       3.52329657913153437E-003
   60.375000000000000       3.11497964470223467E-003
   60.625000000000000       2.73770289403997167E-003
   60.875000000000000       2.39618728348922096E-003
   61.125000000000000       2.08894066259954214E-003
   61.375000000000000       1.81401934662995027E-003
   61.625000000000000       1.56981986647214866E-003
   61.875000000000000       1.35176457093607455E-003
   62.125000000000000       1.15649512245567169E-003
   62.375000000000000       9.83844229531396271E-004
   62.625000000000000       8.32724001644074381E-004
   62.875000000000000       7.01623140642821026E-004
   63.125000000000000       5.90571684285310402E-004
   63.375000000000000       4.98494712448254622E-004
   63.625000000000000       4.22317257728982648E-004
   63.875000000000000       3.58908058796787114E-004
   64.125000000000000       3.05027019584447215E-004
   64.375000000000000       2.57419396623615674E-004
   64.625000000000000       2.14290061145652272E-004
   64.875000000000000       1.75164834268573419E-004
   65.125000000000000       1.40397258806452971E-004
   65.375000000000000       1.11351389123211258E-004
   65.625000000000000       8.89133673989093851E-005
   65.875000000000000       7.23973210974311875E-005
   66.125000000000000       6.11562727381199933E-005
   66.375000000000000       5.46851804510618849E-005
   66.625000000000000       5.05594714847806150E-005
   66.875000000000000       4.57400940055931310E-005
   67.125000000000000       3.95900247384499347E-005
   67.375000000000000       3.25052321743822059E-005
   67.625000000000000       2.37183553509313642E-005
   67.875000000000000       1.36911952407028993E-005
   68.125000000000000       5.60127052785246283E-006
   68.375000000000000       1.47319659695959481E-006
   68.625000000000000       9.25173679727507701E-008
   68.875000000000000       5.77551717531321389E-007
   69.125000000000000       3.87525690216428852E-006
   69.375000000000000       9.10062269725968782E-006
   69.625000000000000       1.26986509706639899E-005
   69.875000000000000       1.28334803306731045E-005
   70.125000000000000       1.08825592921287710E-005
   70.375000000000000       7.73317709236683837E-006
   70.625000000000000       2.55719245277022018E-006
   70.875000000000000      -3.78747856046622885E-006
   71.125000000000000      -7.94994597005618497E-006
   71.375000000000000      -8.05126245101498460E-006
   71.625000000000000      -5.51126808835261001E-006
   71.875000000000000      -1.89072729857113281E-006
   72.125000000000000       3.22595580532866974E-006
   72.375000000000000       9.85603113310650287E-006
   72.625000000000000       1.56055550305226954E-005
   72.875000000000000       1.78373170779259361E-005
   73.125000000000000       1.63720914892664243E-005
   73.375000000000000       1.26334703377587413E-005
   73.625000000000000       7.41550061739757058E-006
   73.875000000000000       1.02551784155605446E-006
   74.125000000000000      -5.26203494201189371E-006
   74.375000000000000      -9.55900778378182776E-006
   74.625000000000000      -1.09914685745401684E-005
   74.875000000000000      -9.82768192947376155E-006
   75.125000000000000      -6.18224998822528571E-006
   75.375000000000000       1.40297740240515839E-007
   75.625000000000000       8.27355760986569111E-006
   75.875000000000000       1.58786489397121130E-005
   76.125000000000000       2.08396179335769557E-005
   76.375000000000000       2.28899877323017252E-005
   76.625000000000000       2.30219052475077139E-005
   76.875000000000000       2.17364210231229846E-005
   77.125000000000000       1.86372087291985147E-005
   77.375000000000000       1.36625302288101015E-005
   77.625000000000000       7.95669638413916412E-006
   77.875000000000000       3.19675259536739178E-006
   78.125000000000000       4.76371832908997747E-007
   78.375000000000000       1.89365407732259000E-007
   78.625000000000000       2.62414396369338871E-006
   78.875000000000000       7.99525195584759264E-006
   79.125000000000000       1.57398536838767829E-005
   79.375000000000000       2.42517891404137430E-005
   79.625000000000000       3.17616319970638367E-005
   79.875000000000000       3.74683283189344388E-005
   80.125000000000000       4.15598685416988955E-005
   80.375000000000000       4.40959848260883251E-005
   80.625000000000000       4.41170905250685183E-005
   80.875000000000000       4.00363509251614079E-005
   81.125000000000000       3.08210305285401537E-005
   81.375000000000000       1.66005490209171386E-005
   81.625000000000000      -1.89831760399648652E-006
   81.875000000000000      -2.43321187088404668E-005
   82.125000000000000      -5.10251970571869677E-005
   82.375000000000000      -8.23599297161195770E-005
   82.625000000000000      -1.18082760662946570E-004
   82.875000000000000      -1.57327252978698502E-004
   83.125000000000000      -1.99282888564130458E-004
   83.375000000000000      -2.43757104045198825E-004
   83.625000000000000      -2.91078003972837529E-004
   83.875000000000000      -3.41526342071376578E-004
   84.125000000000000      -3.94924186596062497E-004
   84.375000000000000      -4.50747117227249378E-004
   84.625000000000000      -5.08541475362621277E-004
   84.875000000000000      -5.68155669338628344E-004
   85.125000000000000      -6.29555966820259877E-004
   85.375000000000000      -6.92450308334314622E-004
   85.625000000000000      -7.56110967740790982E-004
   85.875000000000000      -8.19538727206247449E-004
   86.125000000000000      -8.81736469345497731E-004
   86.375000000000000      -9.41733834081262544E-004
   86.625000000000000      -9.98230481628274062E-004
   86.875000000000000      -1.04907915962948982E-003
   87.125000000000000      -1.09099813869759999E-003
   87.375000000000000      -1.11975981520952435E-003
   87.625000000000000      -1.13078559623781957E-003
   87.875000000000000      -1.11983812244656716E-003
   88.125000000000000      -1.08349514458877354E-003
   88.375000000000000      -1.01927741479235115E-003
   88.625000000000000      -9.25522731414428284E-004
   88.875000000000000      -8.01200806752049998E-004
   89.125000000000000      -6.45809784398581580E-004
   89.375000000000000      -4.59356488186108195E-004
   89.625000000000000      -2.42312082460946661E-004
   89.875000000000000       4.57086271877845314E-006
   90.125000000000000       2.80595538212273597E-004
   90.375000000000000       5.85491114739790635E-004
   90.625000000000000       9.19603758371845205E-004
   90.875000000000000       1.28370476492305316E-003
   91.125000000000000       1.67832000922752745E-003
   91.375000000000000       2.10264879317963432E-003
   91.625000000000000       2.55330874536406540E-003
   91.875000000000000       3.02328699637613137E-003
   92.125000000000000       3.50158636121101216E-003
   92.375000000000000       3.97410298475637299E-003
   92.625000000000000       4.42618294970517460E-003
   92.875000000000000       4.84697317581476040E-003
   93.125000000000000       5.23506695980449719E-003
   93.375000000000000       5.60418315180993571E-003
   93.625000000000000       5.98699248734264975E-003
   93.875000000000000       6.43489615325185810E-003
   94.125000000000000       7.01140018950165492E-003
   94.375000000000000       7.77642475443429421E-003
   94.625000000000000       8.75909299714022933E-003
   94.875000000000000       9.92027401161796503E-003
   95.125000000000000       1.11180506689989838E-002
   95.375000000000000       1.21077744347366442E-002
   95.625000000000000       1.26121513992586681E-002
   95.875000000000000       1.24539004924067616E-002
   96.125000000000000       1.16709686576283792E-002
   96.375000000000000       1.05246931517773822E-002
   96.625000000000000       9.40701722188408071E-003
   96.875000000000000       8.74441169707534938E-003
   97.125000000000000       8.97549951434948624E-003
   97.375000000000000       1.05808513860762808E-002
   97.625000000000000       1.40267182773768911E-002
   97.875000000000000       1.93577991906512918E-002
   98.125000000000000       2.53042213819452549E-002
   98.375000000000000       2.89001382771128974E-002
   98.625000000000000       2.75542390289361082E-002
   98.875000000000000       2.19646526747597597E-002
   99.125000000000000       1.52488236384165903E-002
   99.375000000000000       9.77999026388489019E-003
   99.625000000000000       6.19988249511394061E-003
   99.875000000000000       4.29577061608032908E-003
   100.12500000000000       3.86132026477121765E-003
   100.37500000000000       5.16247354181031612E-003
   100.62500000000000       9.30354714313533053E-003
   100.87500000000000       1.84336156578693393E-002
   101.12500000000000       3.40738211625978560E-002
   101.37500000000000       5.04951178858535563E-002
   101.62500000000000       5.31527101518521131E-002
   101.87500000000000       3.89617512222784762E-002
   102.12500000000000       2.17905074245974308E-002
   102.37500000000000       1.05593122276080951E-002
   102.62500000000000       4.85580731834823164E-003
   102.87500000000000       2.24821652971058175E-003
   103.12500000000000       1.15354713051789835E-003
   103.37500000000000       8.58272239901785488E-004
   103.62500000000000       1.24131682530148721E-003
   103.87500000000000       2.79634074179335897E-003
   104.12500000000000       7.16136214728309902E-003
   104.37500000000000       1.83666043517269825E-002
   104.62500000000000       4.26639511066844099E-002
   104.87500000000000       7.47243174891894929E-002
   105.12500000000000       8.13678709052047255E-002
   105.37500000000000       5.32488882628388907E-002
   105.62500000000000       2.44795569690638634E-002
   105.87500000000000       9.66781937098056855E-003
   106.12500000000000       3.65510091573355506E-003
   106.37500000000000       1.37099670510794748E-003
   106.62500000000000       5.22462104566066322E-004
   106.87500000000000       2.22373917070372489E-004
   107.12500000000000       1.59381173548378953E-004
   107.37500000000000       2.85838368391560919E-004
   107.62500000000000       7.92575354437555159E-004
   107.87500000000000       2.38688859167549266E-003
   108.12500000000000       7.26197361874305735E-003
   108.37500000000000       2.17792316768138094E-002
   108.62500000000000       5.85863435585918940E-002
   108.87500000000000       0.10907805313483925     
   109.12500000000000       0.10901349589306940     
   109.37500000000000       5.84972305233684639E-002
   109.62500000000000       2.17364338021699133E-002
   109.87500000000000       7.24444436974671334E-003
   110.12500000000000       2.37578590709913631E-003
   110.37500000000000       7.77573127092557226E-004
   110.62500000000000       2.54444934779402259E-004
   110.87500000000000       8.32924358250639464E-005
   111.12500000000000       2.72914199718695334E-005
   111.37500000000000       8.95969157759639357E-006
   111.62500000000000       2.95287144363551145E-006
   111.87500000000000       9.80567737284789571E-007
   112.12500000000000       3.30322995602753960E-007
   112.37500000000000       1.14223726980695318E-007
   112.62500000000000       4.13033702306351418E-008
   112.87500000000000       1.60025771974606501E-008
   113.12500000000000       6.79726039335242988E-009
   113.37500000000000       3.19542643522135884E-009
   113.62500000000000       1.64504865114053049E-009
   113.87500000000000       9.05380964400404782E-010
   114.12500000000000       5.19347795298039348E-010
   114.37500000000000       3.04508286667514097E-010
   114.62500000000000       1.80218812461023568E-010
   114.87500000000000       1.06873620947119175E-010
   115.12500000000000       6.32473241800188589E-011
   115.37500000000000       3.72707012563957801E-011
   115.62500000000000       2.18450680394377199E-011
   115.87500000000000       1.27277823808347942E-011
   116.12500000000000       7.36972431235128186E-012
   116.37500000000000       4.24038845626191252E-012
   116.62500000000000       2.42443575168278111E-012
   116.87500000000000       1.37746723047373098E-012
   117.12500000000000       7.77755235557908348E-013
   117.37500000000000       4.36442039133209576E-013
   117.62500000000000       2.43425250593311236E-013
   117.87500000000000       1.34956734342359481E-013
   118.12500000000000       7.43786052368950178E-014
   118.37500000000000       4.07530774872412994E-014
   118.62500000000000       2.22006435423119181E-014
   118.87500000000000       1.20253220404622015E-014
   119.12500000000000       6.47718639248874305E-015
   119.37500000000000       3.46949616043595488E-015
   119.62500000000000       1.84828038164833991E-015
   119.87500000000000       9.79312051550420870E-016
   120.12500000000000       5.16126105098005395E-016
   120.37500000000000       2.70583327260994072E-016
   120.62500000000000       1.41118859636921218E-016
   120.87500000000000       7.32209904734502342E-017
   121.12500000000000       3.77989496401316485E-017
   121.37500000000000       1.94152921354675699E-017
   121.62500000000000       9.92325345108030144E-018
   121.87500000000000       5.04702575597819087E-018
   122.12500000000000       2.55454184303177383E-018
   122.37500000000000       1.28679935045698367E-018
   122.62500000000000       6.45138105525701304E-019
   122.87500000000000       3.21930293009898970E-019
   123.12500000000000       1.59904630963070763E-019
   123.37500000000000       7.90628698518017313E-020
   123.62500000000000       3.89151116729703238E-020
   123.87500000000000       1.90686329368940709E-020
   124.12500000000000       9.30245074246191057E-021
   124.37500000000000       4.51827124375220534E-021
   124.62500000000000       2.18506557632730557E-021
   124.87500000000000       1.05218879580393924E-021
   125.12500000000000       5.04521036980841409E-022
   125.37500000000000       2.40901949727348212E-022
   125.62500000000000       1.14550091565583974E-022
   125.87500000000000       5.42454069344475120E-023
   126.12500000000000       2.55835545295797479E-023
   126.37500000000000       1.20172979188672816E-023
   126.62500000000000       5.62235328114466151E-024
   126.87500000000000       2.62006347297730716E-024
   127.12500000000000       1.21619884993974372E-024
   127.37500000000000       5.62358003518979303E-025
   127.62500000000000       2.59031645225117747E-025
   127.87500000000000       1.18861245096401144E-025
   128.12500000000000       5.43363946959673768E-026
   128.37500000000000       2.47468413837430503E-026
   128.62500000000000       1.12290290239343942E-026
   128.87500000000000       5.07659968208946839E-027
   129.12500000000000       2.28679103757109811E-027
   129.37500000000000       1.02640136300373579E-027
   129.62500000000000       4.59049191735024543E-028
   129.87500000000000       2.04581504351591503E-028
   130.12500000000000       9.08557223904209509E-029
   130.37500000000000       4.02096606558910202E-029
   130.62500000000000       1.77342958681344728E-029
   130.87500000000000       7.79499641915018438E-030
   131.12500000000000       3.41467304512566332E-030
   131.37500000000000       1.49082332531270108E-030
   131.62500000000000       6.48723299639945136E-031
   131.87500000000000       2.81359321771471365E-031
   132.12500000000000       1.21630827555479559E-031
   132.37500000000000       5.24105144743889246E-032
   132.62500000000000       2.25111293525445115E-032
   132.87500000000000       9.63810743958495212E-033
   133.12500000000000       4.11351621760367243E-033
   133.37500000000000       1.75014012942414003E-033
   133.62500000000000       7.42303686698979246E-034
   133.87500000000000       3.13870476850997255E-034
   134.12500000000000       1.32309213530711368E-034
   134.37500000000000       5.56046414855279957E-035
   134.62500000000000       2.32982744100525089E-035
   134.87500000000000       9.73281559415777442E-036
   135.12500000000000       4.05382870451462782E-036
   135.37500000000000       1.68350513536534566E-036
   135.62500000000000       6.97100683993325822E-037
   135.87500000000000       2.87818237066393219E-037
   136.12500000000000       1.18492930402928935E-037
   136.37500000000000       4.86437860723127296E-038
   136.62500000000000       1.99128049835268584E-038
   136.87500000000000       8.12862093521664781E-039
   137.12500000000000       3.30894662558346107E-039
   137.37500000000000       1.34326003371461613E-039
   137.62500000000000       5.43796904779031408E-040
   137.87500000000000       2.19547465686345967E-040
   138.12500000000000       8.83982820946732412E-041
   138.37500000000000       3.54969839212938892E-041
   138.62500000000000       1.42160760820567820E-041
   138.87500000000000       5.67828256731737571E-042
   139.12500000000000       2.26209820105129746E-042
   139.37500000000000       8.98816871732785737E-043
   139.62500000000000       3.56208518385250971E-043
   139.87500000000000       1.40805178485853726E-043
   140.12500000000000       5.55164922038205329E-044
   140.37500000000000       2.18334416217767777E-044
   140.62500000000000       8.56498897422201870E-045
   140.87500000000000       3.35153214483688070E-045
   141.12500000000000       1.30821582204490102E-045
   141.37500000000000       5.09380365510747214E-046
   141.62500000000000       1.97851378632148149E-046
   141.87500000000000       7.66614862029700252E-047
   142.12500000000000       2.96321917589660646E-047
   142.37500000000000       1.14263029789980329E-047
   142.62500000000000       4.39551803488106113E-048
   142.87500000000000       1.68687786675767264E-048
   143.12500000000000       6.45852360425240268E-049
   143.37500000000000       2.46697993970655250E-049
   143.62500000000000       9.40128857243552095E-050
   143.87500000000000       3.57441617497016068E-050
   144.12500000000000       1.35589267260115521E-050
   144.37500000000000       5.13161894011335323E-051
   144.62500000000000       1.93775438288382609E-051
   144.87500000000000       7.30070136825054216E-052
   145.12500000000000       2.74446808751572980E-052
   145.37500000000000       1.02940359505370719E-052
   145.62500000000000       3.85259320399647051E-053
   145.87500000000000       1.43868801139528146E-053
   146.12500000000000       5.36083014052630004E-054
   146.37500000000000       1.99322034839003632E-054
   146.62500000000000       7.39506934414481537E-055
   146.87500000000000       2.73778053397481088E-055
   147.12500000000000       1.01141679797873913E-055
   147.37500000000000       3.72857165183068536E-056
   147.62500000000000       1.37164339521441108E-056
   147.87500000000000       5.03537563538546170E-057
   148.12500000000000       1.84467561841905967E-057
   148.37500000000000       6.74390641366094147E-058
   148.62500000000000       2.46045622385346742E-058
   148.87500000000000       8.95915468550554506E-059
   149.12500000000000       3.25759462233790129E-059
   149.37500000000000       1.18752844232220831E-059
   149.62500000000000       4.47169357693631983E-060
   149.87500000000000       2.09893056848134811E-060
   150.12500000000000       2.09893056848134811E-060
