 -0.12500000000000000       7.05769914906657567E-004
  0.12500000000000000       7.05769914906657567E-004
  0.37500000000000000       7.05543972447322961E-004
  0.62500000000000000       7.07827170934506741E-004
  0.87500000000000000       7.11388422938767314E-004
   1.1250000000000000       7.11100954314191681E-004
   1.3750000000000000       7.17409077540024547E-004
   1.6250000000000000       7.23440064926120360E-004
   1.8750000000000000       7.24975020154872553E-004
   2.1250000000000000       7.30822362759122874E-004
   2.3750000000000000       7.40812462132771376E-004
   2.6250000000000000       7.47192888841572214E-004
   2.8750000000000000       7.51363666858558725E-004
   3.1250000000000000       7.60148107200321306E-004
   3.3750000000000000       7.72719176353984204E-004
   3.6250000000000000       7.82959285809357798E-004
   3.8750000000000000       7.90331652730645378E-004
   4.1250000000000000       8.00234438248237324E-004
   4.3750000000000000       8.15144724484590552E-004
   4.6250000000000000       8.31249823381962163E-004
   4.8750000000000000       8.44455851052791640E-004
   5.1250000000000000       8.55945036080947791E-004
   5.3750000000000000       8.69911457704345141E-004
   5.6250000000000000       8.87606372564422115E-004
   5.8750000000000000       9.05758958485198542E-004
   6.1250000000000000       9.20730507881467163E-004
   6.3750000000000000       9.32722425694118605E-004
   6.6250000000000000       9.45186781497429581E-004
   6.8750000000000000       9.60722647676047676E-004
   7.1250000000000000       9.78426785502429499E-004
   7.3750000000000000       9.95326226850533737E-004
   7.6250000000000000       1.00994478776197591E-003
   7.8750000000000000       1.02401982751695224E-003
   8.1250000000000000       1.04081273266840349E-003
   8.3750000000000000       1.06196160121023561E-003
   8.6250000000000000       1.08610404172650534E-003
   8.8750000000000000       1.11033364669680073E-003
   9.1250000000000000       1.13281719627904244E-003
   9.3750000000000000       1.15409304707482507E-003
   9.6250000000000000       1.17608047876322473E-003
   9.8750000000000000       1.20015343177554590E-003
   10.125000000000000       1.22570806529566628E-003
   10.375000000000000       1.25033985047039446E-003
   10.625000000000000       1.27174859505227531E-003
   10.875000000000000       1.28995598467878335E-003
   11.125000000000000       1.30691440422041295E-003
   11.375000000000000       1.32497389891696985E-003
   11.625000000000000       1.34544389616811648E-003
   11.875000000000000       1.36827430130347311E-003
   12.125000000000000       1.39167623217934162E-003
   12.375000000000000       1.41421673694883121E-003
   12.625000000000000       1.43629302240076608E-003
   12.875000000000000       1.45900414460158208E-003
   13.125000000000000       1.48402182051255035E-003
   13.375000000000000       1.51227786686065099E-003
   13.625000000000000       1.54301497699957510E-003
   13.875000000000000       1.57379477618893376E-003
   14.125000000000000       1.60320177205451803E-003
   14.375000000000000       1.63020399858574013E-003
   14.625000000000000       1.65538810078250781E-003
   14.875000000000000       1.68007159910008182E-003
   15.125000000000000       1.70595459195125600E-003
   15.375000000000000       1.73327787710674018E-003
   15.625000000000000       1.76107927539152667E-003
   15.875000000000000       1.78780336338521897E-003
   16.125000000000000       1.81210880223081671E-003
   16.375000000000000       1.83361679309719658E-003
   16.625000000000000       1.85305642893396328E-003
   16.875000000000000       1.87185251777661067E-003
   17.125000000000000       1.89139002672724407E-003
   17.375000000000000       1.91233497059059175E-003
   17.625000000000000       1.93443383291732620E-003
   17.875000000000000       1.95688515404524987E-003
   18.125000000000000       1.97897313443149130E-003
   18.375000000000000       2.00054875901401093E-003
   18.625000000000000       2.02213868807388057E-003
   18.875000000000000       2.04464957138773525E-003
   19.125000000000000       2.06884259340333644E-003
   19.375000000000000       2.09482091394072156E-003
   19.625000000000000       2.12181412996306816E-003
   19.875000000000000       2.14839454945256816E-003
   20.125000000000000       2.17302182808771236E-003
   20.375000000000000       2.19463712849809426E-003
   20.625000000000000       2.21301847163308738E-003
   20.875000000000000       2.22874830298554162E-003
   21.125000000000000       2.24283757597942054E-003
   21.375000000000000       2.25620223951387847E-003
   21.625000000000000       2.26923441049040660E-003
   21.875000000000000       2.28164302350731185E-003
   22.125000000000000       2.29261563252977554E-003
   22.375000000000000       2.30123584853626252E-003
   22.625000000000000       2.30696859972718930E-003
   22.875000000000000       2.30992759792273588E-003
   23.125000000000000       2.31083212541980700E-003
   23.375000000000000       2.31091248399044975E-003
   23.625000000000000       2.31158948396885085E-003
   23.875000000000000       2.31379191791464267E-003
   24.125000000000000       2.31791442113495018E-003
   24.375000000000000       2.32334898181771636E-003
   24.625000000000000       2.32921206172193810E-003
   24.875000000000000       2.33436950907107586E-003
   25.125000000000000       2.33786629891700060E-003
   25.375000000000000       2.33931270720965550E-003
   25.625000000000000       2.33899186849112267E-003
   25.875000000000000       2.33799845770756324E-003
   26.125000000000000       2.33681768573463849E-003
   26.375000000000000       2.33582610630868326E-003
   26.625000000000000       2.33513964418708992E-003
   26.875000000000000       2.33348076041453622E-003
   27.125000000000000       2.32967704997700566E-003
   27.375000000000000       2.32237036751253151E-003
   27.625000000000000       2.31094275178149672E-003
   27.875000000000000       2.29542985834877951E-003
   28.125000000000000       2.27658955537352872E-003
   28.375000000000000       2.25584329346832342E-003
   28.625000000000000       2.23413730060422009E-003
   28.875000000000000       2.21219491086200410E-003
   29.125000000000000       2.19031666159320978E-003
   29.375000000000000       2.16807252458620613E-003
   29.625000000000000       2.14475941677521589E-003
   29.875000000000000       2.12030613281319639E-003
   30.125000000000000       2.09465734641205723E-003
   30.375000000000000       2.06792127227017420E-003
   30.625000000000000       2.04083604404933132E-003
   30.875000000000000       2.01450669724360324E-003
   31.125000000000000       1.98987551192254027E-003
   31.375000000000000       1.96768677109232471E-003
   31.625000000000000       1.94831791117253735E-003
   31.875000000000000       1.93151876831852936E-003
   32.125000000000000       1.91643029549926785E-003
   32.375000000000000       1.90199420780764236E-003
   32.625000000000000       1.88749349686806824E-003
   32.875000000000000       1.87270054927285738E-003
   33.125000000000000       1.85760034187602147E-003
   33.375000000000000       1.84200396411344169E-003
   33.625000000000000       1.82548211876914232E-003
   33.875000000000000       1.80762948312450334E-003
   34.125000000000000       1.78845412841889041E-003
   34.375000000000000       1.76840892774717809E-003
   34.625000000000000       1.74788412751703090E-003
   34.875000000000000       1.72655638378889776E-003
   35.125000000000000       1.70328269725119772E-003
   35.375000000000000       1.67677972637916145E-003
   35.625000000000000       1.64647208228308416E-003
   35.875000000000000       1.61265090034933456E-003
   36.125000000000000       1.57592851910530723E-003
   36.375000000000000       1.53686115120055472E-003
   36.625000000000000       1.49621735465774001E-003
   36.875000000000000       1.45516238009296217E-003
   37.125000000000000       1.41461823061295264E-003
   37.375000000000000       1.37467214827630049E-003
   37.625000000000000       1.33534788223510829E-003
   37.875000000000000       1.29761597833531099E-003
   38.125000000000000       1.26224038561596123E-003
   38.375000000000000       1.22802770414999203E-003
   38.625000000000000       1.19368414750472000E-003
   38.875000000000000       1.16042660489058119E-003
   39.125000000000000       1.12891009559736607E-003
   39.375000000000000       1.09857501912236631E-003
   39.625000000000000       1.07141779707207747E-003
   39.875000000000000       1.04405659260035813E-003
   40.125000000000000       1.02023514828572721E-003
   40.375000000000000       9.99848935351239183E-004
   40.625000000000000       9.79390548638844980E-004
   40.875000000000000       9.62012545003041331E-004
   41.125000000000000       9.44113708647138263E-004
   41.375000000000000       9.24963099010372601E-004
   41.625000000000000       9.04633149244545281E-004
   41.875000000000000       8.81588773331200932E-004
   42.125000000000000       8.55439669021776936E-004
   42.375000000000000       8.25857294690041186E-004
   42.625000000000000       7.91810684980910639E-004
   42.875000000000000       7.53543917488047089E-004
   43.125000000000000       7.11022451870074192E-004
   43.375000000000000       6.63998585610202645E-004
   43.625000000000000       6.12185643203153615E-004
   43.875000000000000       5.56146997170311910E-004
   44.125000000000000       4.94115614756804322E-004
   44.375000000000000       4.26539063492936633E-004
   44.625000000000000       3.53662715540001521E-004
   44.875000000000000       2.74316178502258094E-004
   45.125000000000000       1.89542169907892994E-004
   45.375000000000000       1.00377752312999052E-004
   45.625000000000000       7.79499527394993900E-006
   45.875000000000000      -8.66851245307702183E-005
   46.125000000000000      -1.80925441006841769E-004
   46.375000000000000      -2.72035361909130221E-004
   46.625000000000000      -3.57203378388960195E-004
   46.875000000000000      -4.33781240463873043E-004
   47.125000000000000      -4.98762876012591059E-004
   47.375000000000000      -5.48488821477428911E-004
   47.625000000000000      -5.79208421404186938E-004
   47.875000000000000      -5.87199744667844586E-004
   48.125000000000000      -5.67906040298186954E-004
   48.375000000000000      -5.15472324557483211E-004
   48.625000000000000      -4.23110382609958506E-004
   48.875000000000000      -2.83641451178728767E-004
   49.125000000000000      -8.96968443420088836E-005
   49.375000000000000       1.66277049252025737E-004
   49.625000000000000       4.91504749686345476E-004
   49.875000000000000       8.92381310843382318E-004
   50.125000000000000       1.36827925610454124E-003
   50.375000000000000       1.88010541833487539E-003
   50.625000000000000       2.41374621943492816E-003
   50.875000000000000       2.96059654744878749E-003
   51.125000000000000       3.51310910480286814E-003
   51.375000000000000       4.06430924354860695E-003
   51.625000000000000       4.60849569214077069E-003
   51.875000000000000       5.14053246770151094E-003
   52.125000000000000       5.65597338489973178E-003
   52.375000000000000       6.14970046717472005E-003
   52.625000000000000       6.61813752514227652E-003
   52.875000000000000       7.05923570439635946E-003
   53.125000000000000       7.47198550683159449E-003
   53.375000000000000       7.85623068513252761E-003
   53.625000000000000       8.21204984728597827E-003
   53.875000000000000       8.54081512651279524E-003
   54.125000000000000       8.84281522279713530E-003
   54.375000000000000       9.11652350391936421E-003
   54.625000000000000       9.35980460605187643E-003
   54.875000000000000       9.57143468515354347E-003
   55.125000000000000       9.74943236246250157E-003
   55.375000000000000       9.89129794472087473E-003
   55.625000000000000       9.99772744263848281E-003
   55.875000000000000       1.00707021491311145E-002
   56.125000000000000       1.01117696964894560E-002
   56.375000000000000       1.01237184132370820E-002
   56.625000000000000       1.01110102392884867E-002
   56.875000000000000       1.00767796114549814E-002
   57.125000000000000       1.00231611982522142E-002
   57.375000000000000       9.95543779309298812E-003
   57.625000000000000       9.87892443453460695E-003
   57.875000000000000       9.79768257800315082E-003
   58.125000000000000       9.71847491288478985E-003
   58.375000000000000       9.64726359663722194E-003
   58.625000000000000       9.58592038508779797E-003
   58.875000000000000       9.53563879047000448E-003
   59.125000000000000       9.49685202768886169E-003
   59.375000000000000       9.46558311817663998E-003
   59.625000000000000       9.43595532471545005E-003
   59.875000000000000       9.40389585416646738E-003
   60.125000000000000       9.36369929272337642E-003
   60.375000000000000       9.30928694499104717E-003
   60.625000000000000       9.23919363963144821E-003
   60.875000000000000       9.15046316190834541E-003
   61.125000000000000       9.03578704771217274E-003
   61.375000000000000       8.88942511267593743E-003
   61.625000000000000       8.70415792616669598E-003
   61.875000000000000       8.47050070420301247E-003
   62.125000000000000       8.18530887126071166E-003
   62.375000000000000       7.85029479061939532E-003
   62.625000000000000       7.46784763322177417E-003
   62.875000000000000       7.04525547656763979E-003
   63.125000000000000       6.59219831253436261E-003
   63.375000000000000       6.11522376611511875E-003
   63.625000000000000       5.62149330282091676E-003
   63.875000000000000       5.12048203820658545E-003
   64.125000000000000       4.62096908018682761E-003
   64.375000000000000       4.13270195371181429E-003
   64.625000000000000       3.66695419544215469E-003
   64.875000000000000       3.23231978546319231E-003
   65.125000000000000       2.83357087820090229E-003
   65.375000000000000       2.47289666117266223E-003
   65.625000000000000       2.14950159297621745E-003
   65.875000000000000       1.86045804061162664E-003
   66.125000000000000       1.60258308258875732E-003
   66.375000000000000       1.37283171809658103E-003
   66.625000000000000       1.16901734430629469E-003
   66.875000000000000       9.90406054187262632E-004
   67.125000000000000       8.36217751368763425E-004
   67.375000000000000       7.04970588753854447E-004
   67.625000000000000       5.95363226387566474E-004
   67.875000000000000       5.05023208952669680E-004
   68.125000000000000       4.29284647148752275E-004
   68.375000000000000       3.63892448320557265E-004
   68.625000000000000       3.06966379835171930E-004
   68.875000000000000       2.56755318249584079E-004
   69.125000000000000       2.11094056468675163E-004
   69.375000000000000       1.70307872762538910E-004
   69.625000000000000       1.36636035410733141E-004
   69.875000000000000       1.10284706286685499E-004
   70.125000000000000       8.97636183722810886E-005
   70.375000000000000       7.51178307740319986E-005
   70.625000000000000       6.65214975944795862E-005
   70.875000000000000       6.09752254989382527E-005
   71.125000000000000       5.45783443154005302E-005
   71.375000000000000       4.67218210656562897E-005
   71.625000000000000       3.86052643812082852E-005
   71.875000000000000       2.97144434996684377E-005
   72.125000000000000       1.93953094905472002E-005
   72.375000000000000       9.91851418664653558E-006
   72.625000000000000       4.33250810633849892E-006
   72.875000000000000       2.64383062720613757E-006
   73.125000000000000       3.01247695198028086E-006
   73.375000000000000       5.12207093058614156E-006
   73.625000000000000       9.32808944329579537E-006
   73.875000000000000       1.36979585775507958E-005
   74.125000000000000       1.50529034024431860E-005
   74.375000000000000       1.26421249311568658E-005
   74.625000000000000       8.39404759935614262E-006
   74.875000000000000       3.80812393297230489E-006
   75.125000000000000      -1.11257667286751211E-006
   75.375000000000000      -5.80050482158295794E-006
   75.625000000000000      -8.24795206937912871E-006
   75.875000000000000      -7.01200004324101835E-006
   76.125000000000000      -2.73804566263261516E-006
   76.375000000000000       2.96301452023366377E-006
   76.625000000000000       8.99493256371115162E-006
   76.875000000000000       1.44211876004296024E-005
   77.125000000000000       1.77372126697730034E-005
   77.375000000000000       1.77157016732491930E-005
   77.625000000000000       1.46517593942000352E-005
   77.875000000000000       9.88260547012403419E-006
   78.125000000000000       4.27400339315303429E-006
   78.375000000000000      -1.94575102173867050E-006
   78.625000000000000      -7.87609753755760743E-006
   78.875000000000000      -1.14899909991655849E-005
   79.125000000000000      -1.11139281962788981E-005
   79.375000000000000      -6.98382756589200520E-006
   79.625000000000000      -8.55341020739620410E-007
   79.875000000000000       5.67850878231651908E-006
   80.125000000000000       1.19890810367589292E-005
   80.375000000000000       1.77150525120305979E-005
   80.625000000000000       2.20162478882581149E-005
   80.875000000000000       2.39405503786671487E-005
   81.125000000000000       2.32413432324297454E-005
   81.375000000000000       2.04205742337955416E-005
   81.625000000000000       1.60710083717152701E-005
   81.875000000000000       1.06290304533596667E-005
   82.125000000000000       4.91763114454507633E-006
   82.375000000000000       5.31927473951913484E-007
   82.625000000000000      -8.26268397571764030E-007
   82.875000000000000       1.44236703785209811E-006
   83.125000000000000       6.43470101014503539E-006
   83.375000000000000       1.26538604137479559E-005
   83.625000000000000       1.92358208443200712E-005
   83.875000000000000       2.61940205567722542E-005
   84.125000000000000       3.35625325024619401E-005
   84.375000000000000       4.05341233824810460E-005
   84.625000000000000       4.55740985023238252E-005
   84.875000000000000       4.73150855126649525E-005
   85.125000000000000       4.52153412943217834E-005
   85.375000000000000       3.93431018341585976E-005
   85.625000000000000       2.96634844548036627E-005
   85.875000000000000       1.56782282529853073E-005
   86.125000000000000      -3.22858428613468486E-006
   86.375000000000000      -2.71916040012674662E-005
   86.625000000000000      -5.56885880548051878E-005
   86.875000000000000      -8.79529068056318598E-005
   87.125000000000000      -1.23521938085153745E-004
   87.375000000000000      -1.62391032841623692E-004
   87.625000000000000      -2.04704703980932275E-004
   87.875000000000000      -2.50377796058815578E-004
   88.125000000000000      -2.99042208942862213E-004
   88.375000000000000      -3.50323425044800937E-004
   88.625000000000000      -4.04107605368432478E-004
   88.875000000000000      -4.60497865692606446E-004
   89.125000000000000      -5.19497234614935285E-004
   89.375000000000000      -5.80735421974804249E-004
   89.625000000000000      -6.43511175613549567E-004
   89.875000000000000      -7.07113897427883516E-004
   90.125000000000000      -7.71112911856318005E-004
   90.375000000000000      -8.35302428005902211E-004
   90.625000000000000      -8.99253226374926106E-004
   90.875000000000000      -9.61723671890493161E-004
   91.125000000000000      -1.02029086659615083E-003
   91.375000000000000      -1.07141756064149706E-003
   91.625000000000000      -1.11090293722989676E-003
   91.875000000000000      -1.13447138831501942E-003
   92.125000000000000      -1.13824289113354806E-003
   92.375000000000000      -1.11896728081120806E-003
   92.625000000000000      -1.07406948791255821E-003
   92.875000000000000      -1.00163381826504365E-003
   93.125000000000000      -9.00422966817239121E-004
   93.375000000000000      -7.69930878090695691E-004
   93.625000000000000      -6.10386812341232564E-004
   93.875000000000000      -4.22615998540163415E-004
   94.125000000000000      -2.07724095863755877E-004
   94.375000000000000       3.33311236084250803E-005
   94.625000000000000       3.00140927361669345E-004
   94.875000000000000       5.93060237099048908E-004
   95.125000000000000       9.13117444215960639E-004
   95.375000000000000       1.26157588968877732E-003
   95.625000000000000       1.63917621783012547E-003
   95.875000000000000       2.04514224801008579E-003
   96.125000000000000       2.47608285858437818E-003
   96.375000000000000       2.92500706871368912E-003
   96.625000000000000       3.38081328467992491E-003
   96.875000000000000       3.82877780693824952E-003
   97.125000000000000       4.25262322853906926E-003
   97.375000000000000       4.63851638171897031E-003
   97.625000000000000       4.98073437083548006E-003
   97.875000000000000       5.28789262959430267E-003
   98.125000000000000       5.58793452076545433E-003
   98.375000000000000       5.92985839961825308E-003
   98.625000000000000       6.38024586542009203E-003
   98.875000000000000       7.01240396352735551E-003
   99.125000000000000       7.88506456528023647E-003
   99.375000000000000       9.00786547050340045E-003
   99.625000000000000       1.02974085145749409E-002
   99.875000000000000       1.15459015511729258E-002
   100.12500000000000       1.24458981679683861E-002
   100.37500000000000       1.27031629738605673E-002
   100.62500000000000       1.21953954124503182E-002
   100.87500000000000       1.10595587134920247E-002
   101.12500000000000       9.63484770729415053E-003
   101.37500000000000       8.32665859389867050E-003
   101.62500000000000       7.51725949853170559E-003
   101.87500000000000       7.57870727247054315E-003
   102.12500000000000       8.94644827400548417E-003
   102.37500000000000       1.21316499270621957E-002
   102.62500000000000       1.74233632231182399E-002
   102.87500000000000       2.39927789280164477E-002
   103.12500000000000       2.90102358064177127E-002
   103.37500000000000       2.90993587526889516E-002
   103.62500000000000       2.39879673776693773E-002
   103.87500000000000       1.68378240958271357E-002
   104.12500000000000       1.06608114189714782E-002
   104.37500000000000       6.46038074181178035E-003
   104.62500000000000       4.00381401085239674E-003
   104.87500000000000       2.84575961022857102E-003
   105.12500000000000       2.80110846934210084E-003
   105.37500000000000       4.17104316948955101E-003
   105.62500000000000       8.02937514229778125E-003
   105.87500000000000       1.65019795165699430E-002
   106.12500000000000       3.15715636973207189E-002
   106.37500000000000       4.89592011619693554E-002
   106.62500000000000       5.42565329467034549E-002
   106.87500000000000       4.14887766287850845E-002
   107.12500000000000       2.37360176413304799E-002
   107.37500000000000       1.15547192273335007E-002
   107.62500000000000       5.26567051242590387E-003
   107.87500000000000       2.36636126661791480E-003
   108.12500000000000       1.09996975148041729E-003
   108.37500000000000       6.02824508924030590E-004
   108.62500000000000       5.44748664733653277E-004
   108.87500000000000       9.53617361285108846E-004
   109.12500000000000       2.30584686201531141E-003
   109.37500000000000       6.02299142313918092E-003
   109.62500000000000       1.56448700386099711E-002
   109.87500000000000       3.74302031664076468E-002
   110.12500000000000       6.99535332990957048E-002
   110.37500000000000       8.33251719775318367E-002
   110.62500000000000       5.90641836896266328E-002
   110.87500000000000       2.83771428797320903E-002
   111.12500000000000       1.13673749693564228E-002
   111.37500000000000       4.30585847695891168E-003
   111.62500000000000       1.60797524540191080E-003
   111.87500000000000       6.00517185237798581E-004
   112.12500000000000       2.29645363093315073E-004
   112.37500000000000       1.02762910213714773E-004
   112.62500000000000       8.88399435035548332E-005
   112.87500000000000       1.85562687441074940E-004
   113.12500000000000       5.33505864225943395E-004
   113.37500000000000       1.61677102568487125E-003
   113.62500000000000       4.93005910041291288E-003
   113.87500000000000       1.49325524197784169E-002
   114.12500000000000       4.26030382743574493E-002
   114.37500000000000       9.34525056271404003E-002
   114.62500000000000       0.11777235318404869     
   114.87500000000000       7.69671478096798922E-002
   115.12500000000000       3.13471349903456098E-002
   115.37500000000000       1.06518702608598449E-002
   115.62500000000000       3.50127859131974710E-003
   115.87500000000000       1.14614440412844532E-003
   116.12500000000000       3.74940044196604802E-004
   116.37500000000000       1.22641709147063466E-004
   116.62500000000000       4.01191814186945201E-005
   116.87500000000000       1.31273594049730524E-005
   117.12500000000000       4.29766047590335157E-006
   117.37500000000000       1.40842814808111820E-006
   117.62500000000000       4.62484190317314108E-007
   117.87500000000000       1.52435942188189205E-007
   118.12500000000000       5.05956717487420359E-008
   118.37500000000000       1.70086886447104624E-008
   118.62500000000000       5.84738758920521904E-009
   118.87500000000000       2.08671492137229772E-009
   119.12500000000000       7.88425246805000069E-010
   119.37500000000000       3.21810672186093173E-010
   119.62500000000000       1.43583472925682699E-010
   119.87500000000000       6.97819155793442381E-011
   120.12500000000000       3.63196540120617580E-011
   120.37500000000000       1.98086225842592832E-011
   120.62500000000000       1.11077886229778163E-011
   120.87500000000000       6.31812591774991413E-012
   121.12500000000000       3.61426895611321885E-012
   121.37500000000000       2.06883880788872094E-012
   121.62500000000000       1.18156460681183668E-012
   121.87500000000000       6.72234822482090602E-013
   122.12500000000000       3.80665269425306463E-013
   122.37500000000000       2.14451410225857083E-013
   122.62500000000000       1.20166223101889135E-013
   122.87500000000000       6.69674506809277026E-014
   123.12500000000000       3.71162275319686494E-014
   123.37500000000000       2.04592885529065571E-014
   123.62500000000000       1.12165980059020368E-014
   123.87500000000000       6.11643033661131842E-015
   124.12500000000000       3.31761569343423579E-015
   124.37500000000000       1.79007577405695787E-015
   124.62500000000000       9.60861115776158661E-016
   124.87500000000000       5.13121555206710311E-016
   125.12500000000000       2.72631896180447572E-016
   125.37500000000000       1.44130464289750048E-016
   125.62500000000000       7.58198858902123747E-017
   125.87500000000000       3.96902383681848300E-017
   126.12500000000000       2.06767393013096888E-017
   126.37500000000000       1.07201827220418325E-017
   126.62500000000000       5.53181501293609906E-018
   126.87500000000000       2.84119790135102573E-018
   127.12500000000000       1.45253389677384365E-018
   127.37500000000000       7.39203712229941309E-019
   127.62500000000000       3.74486999265149586E-019
   127.87500000000000       1.88871021623834934E-019
   128.12500000000000       9.48354489043489690E-020
   128.37500000000000       4.74103620175216053E-020
   128.62500000000000       2.35989692414283785E-020
   128.87500000000000       1.16963298643024269E-020
   129.12500000000000       5.77247727531591972E-021
   129.37500000000000       2.83693757633850592E-021
   129.62500000000000       1.38845167814571551E-021
   129.87500000000000       6.76742380670281033E-022
   130.12500000000000       3.28507608164041989E-022
   130.37500000000000       1.58823386684402854E-022
   130.62500000000000       7.64799559183924415E-023
   130.87500000000000       3.66827465998081067E-023
   131.12500000000000       1.75256319351452889E-023
   131.37500000000000       8.34064126857228372E-024
   131.62500000000000       3.95416802518468317E-024
   131.87500000000000       1.86748209951420545E-024
   132.12500000000000       8.78656011254900021E-025
   132.37500000000000       4.11867597522946824E-025
   132.62500000000000       1.92347972406961151E-025
   132.87500000000000       8.95001024905341816E-026
   133.12500000000000       4.14934773571436830E-026
   133.37500000000000       1.91677316344193376E-026
   133.62500000000000       8.82287595042034603E-027
   133.87500000000000       4.04680186853102169E-027
   134.12500000000000       1.84965000088262274E-027
   134.37500000000000       8.42473664875734794E-028
   134.62500000000000       3.82406599255320509E-028
   134.87500000000000       1.72985455947851838E-028
   135.12500000000000       7.79869024840787226E-029
   135.37500000000000       3.50408090683472835E-029
   135.62500000000000       1.56920349475768841E-029
   135.87500000000000       7.00404976758236990E-030
   136.12500000000000       3.11598917683059399E-030
   136.37500000000000       1.38175544773774879E-030
   136.62500000000000       6.10754325583022347E-031
   136.87500000000000       2.69099853508460157E-031
   137.12500000000000       1.18190663726353530E-031
   137.37500000000000       5.17471904977547033E-032
   137.62500000000000       2.25857859615790807E-032
   137.87500000000000       9.82741389743495721E-033
   138.12500000000000       4.26294294012964335E-033
   138.37500000000000       1.84355670940571427E-033
   138.62500000000000       7.94859782509058406E-034
   138.87500000000000       3.41681742846702471E-034
   139.12500000000000       1.46440195279940084E-034
   139.37500000000000       6.25771833086439432E-035
   139.62500000000000       2.66623659359301897E-035
   139.87500000000000       1.13270799253500727E-035
   140.12500000000000       4.79825547100074712E-036
   140.37500000000000       2.02676912800372130E-036
   140.62500000000000       8.53669902694631429E-037
   140.87500000000000       3.58549878597411137E-037
   141.12500000000000       1.50173096037992623E-037
   141.37500000000000       6.27229595592684232E-038
   141.62500000000000       2.61253186687212373E-038
   141.87500000000000       1.08519048936391870E-038
   142.12500000000000       4.49539916560027245E-039
   142.37500000000000       1.85719243035398509E-039
   142.62500000000000       7.65209351660321144E-040
   142.87500000000000       3.14446384816085340E-040
   143.12500000000000       1.28873631727634960E-040
   143.37500000000000       5.26793859313181552E-041
   143.62500000000000       2.14775366220260264E-041
   143.87500000000000       8.73379947604115225E-042
   144.12500000000000       3.54245800023755448E-042
   144.37500000000000       1.43316639614788243E-042
   144.62500000000000       5.78344371343075716E-043
   144.87500000000000       2.32799416088586613E-043
   145.12500000000000       9.34738510256159182E-044
   145.37500000000000       3.74385113477294646E-044
   145.62500000000000       1.49580307600137292E-044
   145.87500000000000       5.96162740027701932E-045
   146.12500000000000       2.37026473109031451E-045
   146.37500000000000       9.40107412775240495E-046
   146.62500000000000       3.71974867618144151E-046
   146.87500000000000       1.46829066910191214E-046
   147.12500000000000       5.78201941425111935E-047
   147.37500000000000       2.27155254999067304E-047
   147.62500000000000       8.90324584340078108E-048
   147.87500000000000       3.48147132570883325E-048
   148.12500000000000       1.35822825818616215E-048
   148.37500000000000       5.28671135489645601E-049
   148.62500000000000       2.05312173223938572E-049
   148.87500000000000       7.95635836154350433E-050
   149.12500000000000       3.07905543161741314E-050
   149.37500000000000       1.19603637832647363E-050
   149.62500000000000       4.82231172570243749E-051
   149.87500000000000       2.42500844763085767E-051
   150.12500000000000       2.42500844763085767E-051
