 -0.12500000000000000       2.35029076929479420E-003
  0.12500000000000000       2.35029076929479420E-003
  0.37500000000000000       2.34800525246114684E-003
  0.62500000000000000       2.34762532482612422E-003
  0.87500000000000000       2.34223288298615866E-003
   1.1250000000000000       2.33926295656383676E-003
   1.3750000000000000       2.33727248259471857E-003
   1.6250000000000000       2.33034809146243560E-003
   1.8750000000000000       2.32766520395589734E-003
   2.1250000000000000       2.32709899320128260E-003
   2.3750000000000000       2.32158160974667771E-003
   2.6250000000000000       2.31676965026079290E-003
   2.8750000000000000       2.31622380306846509E-003
   3.1250000000000000       2.31311288589852466E-003
   3.3750000000000000       2.30503948220838742E-003
   3.6250000000000000       2.29811150636356244E-003
   3.8750000000000000       2.29430551776920203E-003
   4.1250000000000000       2.28842640762762011E-003
   4.3750000000000000       2.27853355852143885E-003
   4.6250000000000000       2.26963754791868495E-003
   4.8750000000000000       2.26539294374742415E-003
   5.1250000000000000       2.26285145800396263E-003
   5.3750000000000000       2.25796617047941154E-003
   5.6250000000000000       2.25194138165330047E-003
   5.8750000000000000       2.24892101679678019E-003
   6.1250000000000000       2.24948619766448307E-003
   6.3750000000000000       2.24966213339289952E-003
   6.6250000000000000       2.24622545490597240E-003
   6.8750000000000000       2.24060481201826750E-003
   7.1250000000000000       2.23658401051747557E-003
   7.3750000000000000       2.23543252984698647E-003
   7.6250000000000000       2.23471816109549384E-003
   7.8750000000000000       2.23181419068345897E-003
   8.1250000000000000       2.22740080998838500E-003
   8.3750000000000000       2.22477123125659195E-003
   8.6250000000000000       2.22605810804366901E-003
   8.8750000000000000       2.22984587362562480E-003
   9.1250000000000000       2.23276497126693573E-003
   9.3750000000000000       2.23312037959303529E-003
   9.6250000000000000       2.23230726410773199E-003
   9.8750000000000000       2.23279622073629122E-003
   10.125000000000000       2.23559388200864984E-003
   10.375000000000000       2.23942445072747081E-003
   10.625000000000000       2.24174784833205704E-003
   10.875000000000000       2.24133363370869303E-003
   11.125000000000000       2.23965715129087386E-003
   11.375000000000000       2.23924762140521221E-003
   11.625000000000000       2.24107416153613258E-003
   11.875000000000000       2.24408649152360411E-003
   12.125000000000000       2.24618770326381759E-003
   12.375000000000000       2.24581618507233580E-003
   12.625000000000000       2.24377884483819732E-003
   12.875000000000000       2.24219419554974597E-003
   13.125000000000000       2.24285004339429836E-003
   13.375000000000000       2.24578501591889352E-003
   13.625000000000000       2.24902899720088841E-003
   13.875000000000000       2.25075232789625178E-003
   14.125000000000000       2.25004925368203204E-003
   14.375000000000000       2.24758164703060901E-003
   14.625000000000000       2.24503486353219055E-003
   14.875000000000000       2.24368650015204039E-003
   15.125000000000000       2.24298064276110291E-003
   15.375000000000000       2.24126407007949145E-003
   15.625000000000000       2.23738121025524169E-003
   15.875000000000000       2.23114436373184717E-003
   16.125000000000000       2.22371125555700889E-003
   16.375000000000000       2.21698019026160672E-003
   16.625000000000000       2.21229447125366983E-003
   16.875000000000000       2.20954303765415238E-003
   17.125000000000000       2.20724132299014546E-003
   17.375000000000000       2.20351603677894185E-003
   17.625000000000000       2.19727371853396976E-003
   17.875000000000000       2.18872741994033870E-003
   18.125000000000000       2.17904720553619043E-003
   18.375000000000000       2.16948353850088390E-003
   18.625000000000000       2.16051663492790921E-003
   18.875000000000000       2.15153998909253796E-003
   19.125000000000000       2.14125694855560409E-003
   19.375000000000000       2.12852582093510812E-003
   19.625000000000000       2.11309264232041561E-003
   19.875000000000000       2.09573350250472166E-003
   20.125000000000000       2.07777366497309719E-003
   20.375000000000000       2.06035174542057095E-003
   20.625000000000000       2.04388360969956582E-003
   20.875000000000000       2.02798001053026327E-003
   21.125000000000000       2.01178238405291679E-003
   21.375000000000000       1.99448370054178866E-003
   21.625000000000000       1.97576622957536426E-003
   21.875000000000000       1.95595585155567157E-003
   22.125000000000000       1.93578306112199847E-003
   22.375000000000000       1.91583294845088219E-003
   22.625000000000000       1.89609718395625975E-003
   22.875000000000000       1.87601441694225574E-003
   23.125000000000000       1.85475533610626395E-003
   23.375000000000000       1.83153065252659509E-003
   23.625000000000000       1.80614814857437442E-003
   23.875000000000000       1.77903753585153786E-003
   24.125000000000000       1.75126322294783714E-003
   24.375000000000000       1.72399362104192497E-003
   24.625000000000000       1.69779083895540321E-003
   24.875000000000000       1.67269355465976760E-003
   25.125000000000000       1.64837801172526728E-003
   25.375000000000000       1.62424283621083118E-003
   25.625000000000000       1.59944323211362420E-003
   25.875000000000000       1.57393398067714823E-003
   26.125000000000000       1.54839228403050224E-003
   26.375000000000000       1.52319208220356972E-003
   26.625000000000000       1.49902575708053495E-003
   26.875000000000000       1.47616140888151082E-003
   27.125000000000000       1.45402618726623981E-003
   27.375000000000000       1.43172363618564798E-003
   27.625000000000000       1.40843380257654098E-003
   27.875000000000000       1.38350623326362982E-003
   28.125000000000000       1.35702306123437733E-003
   28.375000000000000       1.32960883687249136E-003
   28.625000000000000       1.30197183058021991E-003
   28.875000000000000       1.27501206386557110E-003
   29.125000000000000       1.24920546037397156E-003
   29.375000000000000       1.22462148746380257E-003
   29.625000000000000       1.20139641545593634E-003
   29.875000000000000       1.17910163759672119E-003
   30.125000000000000       1.15683635742356715E-003
   30.375000000000000       1.13416646123643081E-003
   30.625000000000000       1.11096647105703964E-003
   30.875000000000000       1.08746479561410542E-003
   31.125000000000000       1.06466652772657460E-003
   31.375000000000000       1.04373002936839171E-003
   31.625000000000000       1.02482461178387153E-003
   31.875000000000000       1.00692497584572624E-003
   32.125000000000000       9.88459502016485149E-004
   32.375000000000000       9.68180566889670531E-004
   32.625000000000000       9.45712244446867182E-004
   32.875000000000000       9.21487653670725534E-004
   33.125000000000000       8.96263485724021016E-004
   33.375000000000000       8.70664226518679625E-004
   33.625000000000000       8.45116515066773226E-004
   33.875000000000000       8.20097220931773410E-004
   34.125000000000000       7.96158178430157737E-004
   34.375000000000000       7.73514270768814374E-004
   34.625000000000000       7.51773500090998411E-004
   34.875000000000000       7.30284099425904348E-004
   35.125000000000000       7.08728110850406160E-004
   35.375000000000000       6.87218382406544438E-004
   35.625000000000000       6.65941879204863074E-004
   35.875000000000000       6.45149129545126497E-004
   36.125000000000000       6.25561896893892552E-004
   36.375000000000000       6.08111761547298793E-004
   36.625000000000000       5.92753982013082838E-004
   36.875000000000000       5.78122996572083135E-004
   37.125000000000000       5.63079961805094411E-004
   37.375000000000000       5.47797918560748989E-004
   37.625000000000000       5.32226837387663018E-004
   37.875000000000000       5.14914331860214002E-004
   38.125000000000000       4.95270562257209778E-004
   38.375000000000000       4.74870544365860127E-004
   38.625000000000000       4.54627206552984985E-004
   38.875000000000000       4.34775694465914392E-004
   39.125000000000000       4.16479619552549761E-004
   39.375000000000000       3.98275282332921003E-004
   39.625000000000000       3.82438407311690100E-004
   39.875000000000000       3.68186531241189658E-004
   40.125000000000000       3.52195776491233750E-004
   40.375000000000000       3.39024966042195022E-004
   40.625000000000000       3.24148305849334100E-004
   40.875000000000000       3.11345346505227595E-004
   41.125000000000000       2.97853044064569480E-004
   41.375000000000000       2.86188075478203431E-004
   41.625000000000000       2.75652597210739557E-004
   41.875000000000000       2.66971546950748489E-004
   42.125000000000000       2.58542329102632250E-004
   42.375000000000000       2.51681778362509610E-004
   42.625000000000000       2.43322602475217419E-004
   42.875000000000000       2.34603208830804188E-004
   43.125000000000000       2.24677469560681330E-004
   43.375000000000000       2.12454972306060612E-004
   43.625000000000000       1.98698483784315479E-004
   43.875000000000000       1.83476339403043041E-004
   44.125000000000000       1.67522529701005470E-004
   44.375000000000000       1.51660523089824109E-004
   44.625000000000000       1.36380061380533704E-004
   44.875000000000000       1.22617929851875180E-004
   45.125000000000000       1.11072921870559446E-004
   45.375000000000000       1.01513562057783753E-004
   45.625000000000000       9.35147404387177712E-005
   45.875000000000000       8.70440426019989570E-005
   46.125000000000000       8.21233268471749486E-005
   46.375000000000000       7.83959746081669813E-005
   46.625000000000000       7.54730473626554648E-005
   46.875000000000000       7.31517640675551344E-005
   47.125000000000000       7.14574011627398852E-005
   47.375000000000000       7.02384741134660169E-005
   47.625000000000000       6.88391129037408094E-005
   47.875000000000000       6.63311089189297013E-005
   48.125000000000000       6.17872277631814534E-005
   48.375000000000000       5.44503410973906979E-005
   48.625000000000000       4.39411549313533962E-005
   48.875000000000000       3.05323903491511807E-005
   49.125000000000000       1.53960201501713362E-005
   49.375000000000000       7.81391541786559522E-007
   49.625000000000000      -1.03170930325932983E-005
   49.875000000000000      -1.49627170800986997E-005
   50.125000000000000      -1.18359560972695768E-005
   50.375000000000000      -2.58649860738879602E-006
   50.625000000000000       9.09754128637199292E-006
   50.875000000000000       1.97279094861863298E-005
   51.125000000000000       2.66937996923672001E-005
   51.375000000000000       2.88757730144174817E-005
   51.625000000000000       2.60827755311143662E-005
   51.875000000000000       1.90047574761801546E-005
   52.125000000000000       8.50625810565779409E-006
   52.375000000000000      -4.43803386783109246E-006
   52.625000000000000      -1.82549961161405359E-005
   52.875000000000000      -3.03942491495347308E-005
   53.125000000000000      -3.71772210370390139E-005
   53.375000000000000      -3.59399577278691747E-005
   53.625000000000000      -2.54861670197974975E-005
   53.875000000000000      -7.08776495993929493E-006
   54.125000000000000       1.62800587345369348E-005
   54.375000000000000       3.94514382478898269E-005
   54.625000000000000       5.65803442663267604E-005
   54.875000000000000       6.38160022756295955E-005
   55.125000000000000       5.99433132574381288E-005
   55.375000000000000       4.67656707145357064E-005
   55.625000000000000       2.70692456428511471E-005
   55.875000000000000       4.81389262992096625E-006
   56.125000000000000      -1.59644541091206426E-005
   56.375000000000000      -3.25605884329768035E-005
   56.625000000000000      -4.29093133229475080E-005
   56.875000000000000      -4.54825238718943467E-005
   57.125000000000000      -3.87985147844608104E-005
   57.375000000000000      -2.26314723899639588E-005
   57.625000000000000       1.11047596389189874E-006
   57.875000000000000       2.81623057884213844E-005
   58.125000000000000       5.25564207212898273E-005
   58.375000000000000       6.82523973115129097E-005
   58.625000000000000       6.96187009644255251E-005
   58.875000000000000       5.36624787064623711E-005
   59.125000000000000       2.13088836674403787E-005
   59.375000000000000      -2.34482445273588714E-005
   59.625000000000000      -7.43156294579621355E-005
   59.875000000000000      -1.25186381182387606E-004
   60.125000000000000      -1.71367159202461450E-004
   60.375000000000000      -2.09266321713619556E-004
   60.625000000000000      -2.36559635061966674E-004
   60.875000000000000      -2.51940318826863216E-004
   61.125000000000000      -2.55248892351278393E-004
   61.375000000000000      -2.46442816328828844E-004
   61.625000000000000      -2.25969766423146239E-004
   61.875000000000000      -1.98359488923179913E-004
   62.125000000000000      -1.71074412416247890E-004
   62.375000000000000      -1.50598584275315545E-004
   62.625000000000000      -1.43464695395286107E-004
   62.875000000000000      -1.56876760161777892E-004
   63.125000000000000      -1.95186968151851871E-004
   63.375000000000000      -2.58462150679524840E-004
   63.625000000000000      -3.45277886512349757E-004
   63.875000000000000      -4.53016799809566112E-004
   64.125000000000000      -5.74486089845087345E-004
   64.375000000000000      -6.99728510609993787E-004
   64.625000000000000      -8.19985233062997683E-004
   64.875000000000000      -9.24720850161653285E-004
   65.125000000000000      -1.00151571196500379E-003
   65.375000000000000      -1.04225052456508992E-003
   65.625000000000000      -1.04157792543283813E-003
   65.875000000000000      -9.93335209428216227E-004
   66.125000000000000      -8.95503920253892046E-004
   66.375000000000000      -7.50600732792943543E-004
   66.625000000000000      -5.59948987688774300E-004
   66.875000000000000      -3.25970343253677514E-004
   67.125000000000000      -5.48380327255807825E-005
   67.375000000000000       2.48651044717180549E-004
   67.625000000000000       5.81372039731093879E-004
   67.875000000000000       9.37885661332384427E-004
   68.125000000000000       1.31328174187638055E-003
   68.375000000000000       1.70530279382102162E-003
   68.625000000000000       2.11057954549847366E-003
   68.875000000000000       2.52486771735004056E-003
   69.125000000000000       2.94584917095722662E-003
   69.375000000000000       3.37112537633888843E-003
   69.625000000000000       3.79708557150636693E-003
   69.875000000000000       4.22114467252688447E-003
   70.125000000000000       4.64119195154173714E-003
   70.375000000000000       5.05413693709092816E-003
   70.625000000000000       5.45740079405349337E-003
   70.875000000000000       5.84969105692906624E-003
   71.125000000000000       6.23025048690821048E-003
   71.375000000000000       6.59897169584523161E-003
   71.625000000000000       6.95595971225639910E-003
   71.875000000000000       7.30070610073000042E-003
   72.125000000000000       7.63257526126714936E-003
   72.375000000000000       7.95068195428214573E-003
   72.625000000000000       8.25329969149549147E-003
   72.875000000000000       8.53885018822133322E-003
   73.125000000000000       8.80587905459987233E-003
   73.375000000000000       9.05174482840870494E-003
   73.625000000000000       9.27418119364782634E-003
   73.875000000000000       9.47295783846024975E-003
   74.125000000000000       9.64750055151681989E-003
   74.375000000000000       9.79586083229246410E-003
   74.625000000000000       9.91696131405948519E-003
   74.875000000000000       1.00094867025392921E-002
   75.125000000000000       1.00696676054891320E-002
   75.375000000000000       1.00949868219293720E-002
   75.625000000000000       1.00878928050816517E-002
   75.875000000000000       1.00535707092373246E-002
   76.125000000000000       9.99892885823599337E-003
   76.375000000000000       9.93424597188653086E-003
   76.625000000000000       9.86910136701301018E-003
   76.875000000000000       9.80650571048983198E-003
   77.125000000000000       9.74566640639387347E-003
   77.375000000000000       9.68751067877147640E-003
   77.625000000000000       9.63352080488951053E-003
   77.875000000000000       9.58422350768229313E-003
   78.125000000000000       9.54229468047463648E-003
   78.375000000000000       9.51158457898385219E-003
   78.625000000000000       9.49079574145895999E-003
   78.875000000000000       9.47316210693222027E-003
   79.125000000000000       9.45229823713290493E-003
   79.375000000000000       9.42296807227156405E-003
   79.625000000000000       9.37751733775818268E-003
   79.875000000000000       9.30678686685225236E-003
   80.125000000000000       9.20189134544569486E-003
   80.375000000000000       9.04979700398992996E-003
   80.625000000000000       8.83032575164551491E-003
   80.875000000000000       8.52350060560248465E-003
   81.125000000000000       8.11962401985968224E-003
   81.375000000000000       7.62183682207331469E-003
   81.625000000000000       7.04446799599457631E-003
   81.875000000000000       6.41233072987338216E-003
   82.125000000000000       5.75679678066288655E-003
   82.375000000000000       5.10685443395051623E-003
   82.625000000000000       4.48298127216845057E-003
   82.875000000000000       3.89849302331183754E-003
   83.125000000000000       3.36264840417595809E-003
   83.375000000000000       2.88044221174325703E-003
   83.625000000000000       2.45215467031847717E-003
   83.875000000000000       2.07594994845139479E-003
   84.125000000000000       1.75045230971562012E-003
   84.375000000000000       1.47379169879394470E-003
   84.625000000000000       1.24141695131879128E-003
   84.875000000000000       1.04658608207927151E-003
   85.125000000000000       8.82771490615793619E-004
   85.375000000000000       7.44611013711262435E-004
   85.625000000000000       6.27115550906364610E-004
   85.875000000000000       5.25608707564394336E-004
   86.125000000000000       4.36978676071428851E-004
   86.375000000000000       3.60193420836009567E-004
   86.625000000000000       2.95137826058264167E-004
   86.875000000000000       2.41391420319645768E-004
   87.125000000000000       1.98246385887314357E-004
   87.375000000000000       1.64999860459211787E-004
   87.625000000000000       1.40343084375948497E-004
   87.875000000000000       1.21684427108992267E-004
   88.125000000000000       1.05871312343665123E-004
   88.375000000000000       9.08135508711274675E-005
   88.625000000000000       7.60674030171971043E-005
   88.875000000000000       6.18500925846215683E-005
   89.125000000000000       4.81082033974917077E-005
   89.375000000000000       3.49514965806989290E-005
   89.625000000000000       2.35435468348154101E-005
   89.875000000000000       1.57433505282637280E-005
   90.125000000000000       1.25399228140252288E-005
   90.375000000000000       1.30599894152441214E-005
   90.625000000000000       1.52590206726299261E-005
   90.875000000000000       1.73653897679875765E-005
   91.125000000000000       1.84869386408596406E-005
   91.375000000000000       1.81480250547613998E-005
   91.625000000000000       1.58617274701956477E-005
   91.875000000000000       1.14620711390468286E-005
   92.125000000000000       5.63526935450567747E-006
   92.375000000000000      -2.26970868815993821E-007
   92.625000000000000      -4.77262511359071208E-006
   92.875000000000000      -7.18549791858844684E-006
   93.125000000000000      -7.04355783996733518E-006
   93.375000000000000      -4.08953402009430329E-006
   93.625000000000000       1.47530991902271845E-006
   93.875000000000000       8.45698647853900260E-006
   94.125000000000000       1.47669957177759405E-005
   94.375000000000000       1.84378199351386312E-005
   94.625000000000000       1.87420090884038825E-005
   94.875000000000000       1.63539001498551643E-005
   95.125000000000000       1.24516034579613897E-005
   95.375000000000000       7.73909604346723130E-006
   95.625000000000000       2.36081183655303085E-006
   95.875000000000000      -3.36131784487814091E-006
   96.125000000000000      -8.32783856423598406E-006
   96.375000000000000      -1.09583669040494932E-005
   96.625000000000000      -1.01562054244137405E-005
   96.875000000000000      -6.03288705234043728E-006
   97.125000000000000       2.27341276891608631E-007
   97.375000000000000       7.13074465559129598E-006
   97.625000000000000       1.35294227454362375E-005
   97.875000000000000       1.87122082102558057E-005
   98.125000000000000       2.21277922819995044E-005
   98.375000000000000       2.32499703371754108E-005
   98.625000000000000       2.18114890926919091E-005
   98.875000000000000       1.81425404332614020E-005
   99.125000000000000       1.31983311514510615E-005
   99.375000000000000       8.17332262438592607E-006
   99.625000000000000       4.01125385796444764E-006
   99.875000000000000       1.20231470531248950E-006
   100.12500000000000      -4.22233518343052016E-008
   100.37500000000000       4.96686144238168272E-007
   100.62500000000000       3.11572716400436852E-006
   100.87500000000000       7.97185695025857944E-006
   101.12500000000000       1.48083666279599210E-005
   101.37500000000000       2.29078379087748617E-005
   101.62500000000000       3.13311222954387180E-005
   101.87500000000000       3.92325965709740577E-005
   102.12500000000000       4.59833621441926008E-005
   102.37500000000000       5.10282381593750878E-005
   102.62500000000000       5.36582288424157950E-005
   102.87500000000000       5.29614955535022555E-005
   103.12500000000000       4.80538189393652101E-005
   103.37500000000000       3.84318778531572572E-005
   103.62500000000000       2.41642297667251818E-005
   103.87500000000000       5.74396951808682018E-006
   104.12500000000000      -1.63172345450658946E-005
   104.37500000000000      -4.18762970006404884E-005
   104.62500000000000      -7.12593873915944601E-005
   104.87500000000000      -1.05010297786998835E-004
   105.12500000000000      -1.43460957179804830E-004
   105.37500000000000      -1.86409580159383517E-004
   105.62500000000000      -2.33110605068304294E-004
   105.87500000000000      -2.82578629498553562E-004
   106.12500000000000      -3.34026494960519636E-004
   106.37500000000000      -3.87202072315085029E-004
   106.62500000000000      -4.42469287528512740E-004
   106.87500000000000      -5.00623156899969749E-004
   107.12500000000000      -5.62542958729959647E-004
   107.37500000000000      -6.28820276425735803E-004
   107.62500000000000      -6.99459149356741207E-004
   107.87500000000000      -7.73682405157057680E-004
   108.12500000000000      -8.49837723176095168E-004
   108.37500000000000      -9.25394133881192980E-004
   108.62500000000000      -9.97036882359477340E-004
   108.87500000000000      -1.06087660198184251E-003
   109.12500000000000      -1.11277095186503245E-003
   109.37500000000000      -1.14871975222781138E-003
   109.62500000000000      -1.16526021434772880E-003
   109.87500000000000      -1.15977808465802038E-003
   110.12500000000000      -1.13067055437075098E-003
   110.37500000000000      -1.07733882317968040E-003
   110.62500000000000      -1.00003434582611374E-003
   110.87500000000000      -8.99615594290806980E-004
   111.12500000000000      -7.77281621619909085E-004
   111.37500000000000      -6.34334701740016317E-004
   111.62500000000000      -4.71995279750756424E-004
   111.87500000000000      -2.91261658345667710E-004
   112.12500000000000      -9.27876209858995068E-005
   112.37500000000000       1.23247435479337562E-004
   112.62500000000000       3.57277568930396638E-004
   112.87500000000000       6.10460354451542180E-004
   113.12500000000000       8.84676007522972843E-004
   113.37500000000000       1.18230175398552090E-003
   113.62500000000000       1.50564382429212986E-003
   113.87500000000000       1.85594939528518888E-003
   114.12500000000000       2.23201946376902537E-003
   114.37500000000000       2.62861159803743629E-003
   114.62500000000000       3.03505044907139473E-003
   114.87500000000000       3.43469798910658831E-003
   115.12500000000000       3.80604474833810260E-003
   115.37500000000000       4.12598507671506267E-003
   115.62500000000000       4.37521765001419160E-003
   115.87500000000000       4.54480678215022933E-003
   116.12500000000000       4.64222402381363978E-003
   116.37500000000000       4.69521799026138310E-003
   116.62500000000000       4.75274894082407164E-003
   116.87500000000000       4.88332296079264667E-003
   117.12500000000000       5.17122410790981334E-003
   117.37500000000000       5.70941225244976994E-003
   117.62500000000000       6.58412114796787674E-003
   117.87500000000000       7.84224790397764458E-003
   118.12500000000000       9.43470272851204030E-003
   118.37500000000000       1.11493359584809455E-002
   118.62500000000000       1.25911664677310596E-002
   118.87500000000000       1.32930912410212376E-002
   119.12500000000000       1.29557647234775225E-002
   119.37500000000000       1.16426036725308640E-002
   119.62500000000000       9.73860766099616387E-003
   119.87500000000000       7.71814460829095550E-003
   120.12500000000000       5.94165132027265393E-003
   120.37500000000000       4.60552113897986799E-003
   120.62500000000000       3.80711153853032945E-003
   120.87500000000000       3.64719028387701198E-003
   121.12500000000000       4.33316235524407959E-003
   121.37500000000000       6.27122089026508484E-003
   121.62500000000000       1.00822021287131428E-002
   121.87500000000000       1.62796328884658101E-002
   122.12500000000000       2.41544383672994516E-002
   122.37500000000000       3.04124709127303779E-002
   122.62500000000000       3.07720523147534362E-002
   122.87500000000000       2.48761431265424535E-002
   123.12500000000000       1.67681370876538206E-002
   123.37500000000000       1.00400811087405749E-002
   123.62500000000000       5.64244502738238483E-003
   123.87500000000000       3.09364251245941016E-003
   124.12500000000000       1.70746868491553246E-003
   124.37500000000000       9.95152297176609291E-004
   124.62500000000000       6.87628834179355932E-004
   124.87500000000000       6.91372031884161212E-004
   125.12500000000000       1.08502831381902896E-003
   125.37500000000000       2.20399619017163685E-003
   125.62500000000000       4.86918359908444266E-003
   125.87500000000000       1.07762163843923668E-002
   126.12500000000000       2.24872670310004401E-002
   126.37500000000000       4.02465756986332551E-002
   126.62500000000000       5.42109123352645661E-002
   126.87500000000000       5.02261419642149182E-002
   127.12500000000000       3.27939935732437723E-002
   127.37500000000000       1.69666892387730049E-002
   127.62500000000000       7.83635729584659067E-003
   127.87500000000000       3.45829378395008527E-003
   128.12500000000000       1.50140237794369217E-003
   128.37500000000000       6.49893721166312126E-004
   128.62500000000000       2.84146335412207652E-004
   128.87500000000000       1.30847952825459716E-004
   129.12500000000000       7.59207532156156296E-005
   129.37500000000000       8.24340343407904420E-005
   129.62500000000000       1.67324746353888088E-004
   129.87500000000000       4.26339155817113795E-004
   130.12500000000000       1.13865399079928734E-003
   130.37500000000000       3.05838295582712806E-003
   130.62500000000000       8.14411269938655931E-003
   130.87500000000000       2.09246951253213229E-002
   131.12500000000000       4.74024342884628233E-002
   131.37500000000000       7.82632202330905136E-002
   131.62500000000000       7.88193984528076236E-002
   131.87500000000000       4.82847111973007809E-002
   132.12500000000000       2.14332963991763076E-002
   132.37500000000000       8.35585645438139714E-003
   132.62500000000000       3.13798434631729073E-003
   132.87500000000000       1.16591264474290171E-003
   133.12500000000000       4.31709320872067858E-004
   133.37500000000000       1.59702927946867766E-004
   133.62500000000000       5.91678847459380837E-005
   133.87500000000000       2.22465613304453283E-005
   134.12500000000000       9.35312490086772975E-006
   134.37500000000000       6.89633444814852973E-006
   134.62500000000000       1.30525371397557085E-005
   134.87500000000000       3.69330003695875125E-005
   135.12500000000000       1.11825528860100563E-004
   135.37500000000000       3.41509027292780597E-004
   135.62500000000000       1.04389305261430088E-003
   135.87500000000000       3.18931846464663932E-003
   136.12500000000000       9.71018280136811372E-003
   136.37500000000000       2.87456527840907021E-002
   136.62500000000000       7.23997845283368968E-002
   136.87500000000000       0.11646464996177326     
   137.12500000000000       9.76454223071504951E-002
   137.37500000000000       4.61464704537855042E-002
   137.62500000000000       1.63613178172890492E-002
   137.87500000000000       5.40992204435095710E-003
   138.12500000000000       1.77226147863939094E-003
   138.37500000000000       5.79815573806125462E-004
   138.62500000000000       1.89637712999290834E-004
   138.87500000000000       6.20188264953821584E-005
   139.12500000000000       2.02820209183047301E-005
   139.37500000000000       6.63277712156855282E-006
   139.62500000000000       2.16909509792466989E-006
   139.87500000000000       7.09351891477907119E-007
   140.12500000000000       2.31977222213643836E-007
   140.37500000000000       7.58629963327393781E-008
   140.62500000000000       2.48094165174454602E-008
   140.87500000000000       8.11346796309225809E-009
   141.12500000000000       2.65339895299659209E-009
   141.37500000000000       8.67779209775799697E-010
   141.62500000000000       2.83814518398376914E-010
   141.87500000000000       9.28308961886256959E-011
   142.12500000000000       3.03673561719967954E-011
   142.37500000000000       9.93616885076302585E-012
   142.62500000000000       3.25235876207363785E-012
   142.87500000000000       1.06528055884459739E-012
   143.12500000000000       3.49313356705648959E-013
   143.37500000000000       1.14758553685398260E-013
   143.62500000000000       3.78201547922377481E-014
   143.87500000000000       1.25291937813654848E-014
   144.12500000000000       4.18603860206148754E-015
   144.37500000000000       1.41755488842210468E-015
   144.62500000000000       4.90113327605697484E-016
   144.87500000000000       1.74703311394670340E-016
   145.12500000000000       6.49391368340784408E-017
   145.37500000000000       2.54443339360593676E-017
   145.62500000000000       1.05792941293459206E-017
   145.87500000000000       4.66684641614248813E-018
   146.12500000000000       2.16880327884426751E-018
   146.37500000000000       1.04997640347129371E-018
   146.62500000000000       5.23299776340305565E-019
   146.87500000000000       2.65775292918930990E-019
   147.12500000000000       1.36502016739817238E-019
   147.37500000000000       7.05189726184128367E-020
   147.62500000000000       3.65160066433595320E-020
   147.87500000000000       1.89099869687864670E-020
   148.12500000000000       9.77958574732428797E-021
   148.37500000000000       5.04678700189162866E-021
   148.62500000000000       2.59800038456946715E-021
   148.87500000000000       1.33485172362914832E-021
   149.12500000000000       6.86747085855569918E-022
   149.37500000000000       3.58405674833218282E-022
   149.62500000000000       1.98874955123550764E-022
   149.87500000000000       1.34195333254355766E-022
   150.12500000000000       1.34195333254355766E-022
