 -0.12500000000000000       4.30664826819770162E-003
  0.12500000000000000       4.30664826819770162E-003
  0.37500000000000000       4.30549356073898701E-003
  0.62500000000000000       4.29899562149165318E-003
  0.87500000000000000       4.29346175589231938E-003
   1.1250000000000000       4.28703725654746085E-003
   1.3750000000000000       4.27484107314122369E-003
   1.6250000000000000       4.26709711560983168E-003
   1.8750000000000000       4.25934436284744391E-003
   2.1250000000000000       4.24590875642447130E-003
   2.3750000000000000       4.23431045396057033E-003
   2.6250000000000000       4.22611170000071826E-003
   2.8750000000000000       4.21350290016521151E-003
   3.1250000000000000       4.19579923283821925E-003
   3.3750000000000000       4.17932480430910878E-003
   3.6250000000000000       4.16414443433935598E-003
   3.8750000000000000       4.14420510066859735E-003
   4.1250000000000000       4.11836538025203095E-003
   4.3750000000000000       4.09201717134869206E-003
   4.6250000000000000       4.06816780594006309E-003
   4.8750000000000000       4.04346164272531821E-003
   5.1250000000000000       4.01431142148612769E-003
   5.3750000000000000       3.98263418274224720E-003
   5.6250000000000000       3.95305676373906238E-003
   5.8750000000000000       3.92655163924215175E-003
   6.1250000000000000       3.89946277378668818E-003
   6.3750000000000000       3.86849079391133124E-003
   6.6250000000000000       3.83459462554706703E-003
   6.8750000000000000       3.80118431311187756E-003
   7.1250000000000000       3.76951028904253969E-003
   7.3750000000000000       3.73710104746600037E-003
   7.6250000000000000       3.70071981628523504E-003
   7.8750000000000000       3.66002229229864815E-003
   8.1250000000000000       3.61781689152232584E-003
   8.3750000000000000       3.57706693322917867E-003
   8.6250000000000000       3.53803675588562237E-003
   8.8750000000000000       3.49844476379529640E-003
   9.1250000000000000       3.45611463342615976E-003
   9.3750000000000000       3.41128139794505273E-003
   9.6250000000000000       3.36647805979709827E-003
   9.8750000000000000       3.32402717521905477E-003
   10.125000000000000       3.28365419712077803E-003
   10.375000000000000       3.24292974831619837E-003
   10.625000000000000       3.19984796109242702E-003
   10.875000000000000       3.15418451684016873E-003
   11.125000000000000       3.10759723042825431E-003
   11.375000000000000       3.06240253256592982E-003
   11.625000000000000       3.01961058335947557E-003
   11.875000000000000       2.97763962644860027E-003
   12.125000000000000       2.93429160037297259E-003
   12.375000000000000       2.88838518211086831E-003
   12.625000000000000       2.84007196189065394E-003
   12.875000000000000       2.79137170345028496E-003
   13.125000000000000       2.74397848110944330E-003
   13.375000000000000       2.69808267551824906E-003
   13.625000000000000       2.65279813656905299E-003
   13.875000000000000       2.60679399056066999E-003
   14.125000000000000       2.55914709709901969E-003
   14.375000000000000       2.51107326730813738E-003
   14.625000000000000       2.46444141368259029E-003
   14.875000000000000       2.42058151056445117E-003
   15.125000000000000       2.37943027182971421E-003
   15.375000000000000       2.33983423348353356E-003
   15.625000000000000       2.29960827173138031E-003
   15.875000000000000       2.25707680147775114E-003
   16.125000000000000       2.21203787099434916E-003
   16.375000000000000       2.16562386723187722E-003
   16.625000000000000       2.11943897835485109E-003
   16.875000000000000       2.07450193109942442E-003
   17.125000000000000       2.03070417914128377E-003
   17.375000000000000       1.98703023074302916E-003
   17.625000000000000       1.94228652191327702E-003
   17.875000000000000       1.89591768230598363E-003
   18.125000000000000       1.84844048639589364E-003
   18.375000000000000       1.80120382963026870E-003
   18.625000000000000       1.75561545955585179E-003
   18.875000000000000       1.71234936012793870E-003
   19.125000000000000       1.67102122225862770E-003
   19.375000000000000       1.63048687237458533E-003
   19.625000000000000       1.58951377594722864E-003
   19.875000000000000       1.54743290476998924E-003
   20.125000000000000       1.50444038099484235E-003
   20.375000000000000       1.46141480027651635E-003
   20.625000000000000       1.41935758910416627E-003
   20.875000000000000       1.37875571895991087E-003
   21.125000000000000       1.33921476568100452E-003
   21.375000000000000       1.29957216359075914E-003
   21.625000000000000       1.25844294422285423E-003
   21.875000000000000       1.21492775633872947E-003
   22.125000000000000       1.16913220308055305E-003
   22.375000000000000       1.12219827284113275E-003
   22.625000000000000       1.07575924567575028E-003
   22.875000000000000       1.03116645722207902E-003
   23.125000000000000       9.89042858104791089E-004
   23.375000000000000       9.49139516994987179E-004
   23.625000000000000       9.10419219100357634E-004
   23.875000000000000       8.71824126005117900E-004
   24.125000000000000       8.32631133730216263E-004
   24.375000000000000       7.93136383752545749E-004
   24.625000000000000       7.54293182619813866E-004
   24.875000000000000       7.17205602573987291E-004
   25.125000000000000       6.82615491527500582E-004
   25.375000000000000       6.50686860108146202E-004
   25.625000000000000       6.20896126755758030E-004
   25.875000000000000       5.91563113152807139E-004
   26.125000000000000       5.61393653207332608E-004
   26.375000000000000       5.29847025439182727E-004
   26.625000000000000       4.96501636379371612E-004
   26.875000000000000       4.62064417106415907E-004
   27.125000000000000       4.27560091957886353E-004
   27.375000000000000       3.94057650159136664E-004
   27.625000000000000       3.62024981102772390E-004
   27.875000000000000       3.31684188640705600E-004
   28.125000000000000       3.02730473352057336E-004
   28.375000000000000       2.74457618673260224E-004
   28.625000000000000       2.46594020618022905E-004
   28.875000000000000       2.18848386356806847E-004
   29.125000000000000       1.91493840792112058E-004
   29.375000000000000       1.65573415658096587E-004
   29.625000000000000       1.42017932659230424E-004
   29.875000000000000       1.21368856690784942E-004
   30.125000000000000       1.04079512383183141E-004
   30.375000000000000       8.96683656870783929E-005
   30.625000000000000       7.68970553558156946E-005
   30.875000000000000       6.47505146014306428E-005
   31.125000000000000       5.27072575162636253E-005
   31.375000000000000       4.04542886864661059E-005
   31.625000000000000       2.78607551385920149E-005
   31.875000000000000       1.49019186492446381E-005
   32.125000000000000       1.59184079816513154E-006
   32.375000000000000      -1.18824204770277187E-005
   32.625000000000000      -2.49915623094717534E-005
   32.875000000000000      -3.69814421292333003E-005
   33.125000000000000      -4.74498033693130828E-005
   33.375000000000000      -5.68374168742697620E-005
   33.625000000000000      -6.61967720550980088E-005
   33.875000000000000      -7.63087798245912831E-005
   34.125000000000000      -8.69992687713582222E-005
   34.375000000000000      -9.72532629386798746E-005
   34.625000000000000      -1.05953397869122489E-004
   34.875000000000000      -1.12437910148076000E-004
   35.125000000000000      -1.16413594421813866E-004
   35.375000000000000      -1.17638598487772186E-004
   35.625000000000000      -1.16026810353313576E-004
   35.875000000000000      -1.12051674087596141E-004
   36.125000000000000      -1.06672683544898361E-004
   36.375000000000000      -1.00647034500126579E-004
   36.625000000000000      -9.42376588634663884E-005
   36.875000000000000      -8.78716482157190565E-005
   37.125000000000000      -8.24601684054977106E-005
   37.375000000000000      -7.82362307738773037E-005
   37.625000000000000      -7.39130639694845847E-005
   37.875000000000000      -6.84199179840085477E-005
   38.125000000000000      -6.27131456672975406E-005
   38.375000000000000      -5.78550317462413584E-005
   38.625000000000000      -5.31363587404812306E-005
   38.875000000000000      -4.88577102628390386E-005
   39.125000000000000      -4.62779591755469830E-005
   39.375000000000000      -4.48272808390221523E-005
   39.625000000000000      -4.71723484705551611E-005
   39.875000000000000      -4.96084236541002892E-005
   40.125000000000000      -5.33795366467975480E-005
   40.375000000000000      -5.83661382690912143E-005
   40.625000000000000      -6.09275748990134735E-005
   40.875000000000000      -6.41280597031787275E-005
   41.125000000000000      -6.45532628863750528E-005
   41.375000000000000      -6.32904793628918277E-005
   41.625000000000000      -6.09719135144883140E-005
   41.875000000000000      -5.65059683389542165E-005
   42.125000000000000      -5.23634842335675570E-005
   42.375000000000000      -4.61356617599298179E-005
   42.625000000000000      -4.02211787073135889E-005
   42.875000000000000      -3.34992264777972287E-005
   43.125000000000000      -2.61133294839319106E-005
   43.375000000000000      -1.85376272715026900E-005
   43.625000000000000      -1.03966036023695552E-005
   43.875000000000000      -1.76650878120580860E-006
   44.125000000000000       7.28980649012583913E-006
   44.375000000000000       1.52807870205354047E-005
   44.625000000000000       2.19965752429780048E-005
   44.875000000000000       2.69752094560714837E-005
   45.125000000000000       2.86466783586109693E-005
   45.375000000000000       2.64801879997809554E-005
   45.625000000000000       2.09196644121534153E-005
   45.875000000000000       1.22813339811127257E-005
   46.125000000000000       1.06157416487644703E-006
   46.375000000000000      -1.16974049299231545E-005
   46.625000000000000      -2.44635315547868737E-005
   46.875000000000000      -3.58186676849596094E-005
   47.125000000000000      -4.43516739768240874E-005
   47.375000000000000      -4.92117829707928154E-005
   47.625000000000000      -4.98793404853595804E-005
   47.875000000000000      -4.60684378849982739E-005
   48.125000000000000      -3.78484383015341398E-005
   48.375000000000000      -2.57189188755707320E-005
   48.625000000000000      -1.05822937561194199E-005
   48.875000000000000       6.39410194023327897E-006
   49.125000000000000       2.38637272977375464E-005
   49.375000000000000       3.98720443148054471E-005
   49.625000000000000       5.11962656401980935E-005
   49.875000000000000       5.31085990865820331E-005
   50.125000000000000       4.08087332744343226E-005
   50.375000000000000       1.26982230458356983E-005
   50.625000000000000      -2.95024132799212917E-005
   50.875000000000000      -8.14648583743107492E-005
   51.125000000000000      -1.36336066240028847E-004
   51.375000000000000      -1.86519489358728650E-004
   51.625000000000000      -2.26108239337039863E-004
   51.875000000000000      -2.52046724641550289E-004
   52.125000000000000      -2.63897491849533620E-004
   52.375000000000000      -2.62647254828047574E-004
   52.625000000000000      -2.51198764032223830E-004
   52.875000000000000      -2.33004865842234614E-004
   53.125000000000000      -2.12078433586461803E-004
   53.375000000000000      -1.92149254679463058E-004
   53.625000000000000      -1.78122852202685793E-004
   53.875000000000000      -1.76168666129038686E-004
   54.125000000000000      -1.92319218158393409E-004
   54.375000000000000      -2.31642139142122495E-004
   54.625000000000000      -2.95619806703672670E-004
   54.875000000000000      -3.82617903886259486E-004
   55.125000000000000      -4.87730140011242367E-004
   55.375000000000000      -6.03310135836618126E-004
   55.625000000000000      -7.20355706660700981E-004
   55.875000000000000      -8.29438443777877235E-004
   56.125000000000000      -9.21619357479922657E-004
   56.375000000000000      -9.87697762772105515E-004
   56.625000000000000      -1.01868891077679796E-003
   56.875000000000000      -1.00617935826618999E-003
   57.125000000000000      -9.43711280179427908E-004
   57.375000000000000      -8.28055387421741023E-004
   57.625000000000000      -6.57504288926919443E-004
   57.875000000000000      -4.32343348996361396E-004
   58.125000000000000      -1.56097160382213837E-004
   58.375000000000000       1.65485914214572364E-004
   58.625000000000000       5.26587585281093032E-004
   58.875000000000000       9.21956105588412830E-004
   59.125000000000000       1.34463527856773643E-003
   59.375000000000000       1.78769397535198508E-003
   59.625000000000000       2.24713417042993321E-003
   59.875000000000000       2.71850967177596431E-003
   60.125000000000000       3.19609515284162947E-003
   60.375000000000000       3.67626610464493212E-003
   60.625000000000000       4.15606156146020467E-003
   60.875000000000000       4.63054970048724403E-003
   61.125000000000000       5.09530569721121721E-003
   61.375000000000000       5.54834379804920817E-003
   61.625000000000000       5.98678603956502315E-003
   61.875000000000000       6.40701476973398049E-003
   62.125000000000000       6.80911686000852494E-003
   62.375000000000000       7.19350453388610186E-003
   62.625000000000000       7.55801582510824081E-003
   62.875000000000000       7.90345556040008765E-003
   63.125000000000000       8.23123264832619980E-003
   63.375000000000000       8.53827759490046086E-003
   63.625000000000000       8.82281279125897433E-003
   63.875000000000000       9.08427065874702760E-003
   64.125000000000000       9.31817378515593757E-003
   64.375000000000000       9.52197544630385175E-003
   64.625000000000000       9.69672817725306460E-003
   64.875000000000000       9.84086285289690124E-003
   65.125000000000000       9.95324496832616576E-003
   65.375000000000000       1.00356486461404010E-002
   65.625000000000000       1.00877900035691963E-002
   65.875000000000000       1.01093987900289489E-002
   66.125000000000000       1.01035650231420821E-002
   66.375000000000000       1.00728911584844847E-002
   66.625000000000000       1.00200143912954915E-002
   66.875000000000000       9.95122109964146490E-003
   67.125000000000000       9.87412353818944814E-003
   67.375000000000000       9.79584222076782841E-003
   67.625000000000000       9.72355755977680029E-003
   67.875000000000000       9.66190085046014259E-003
   68.125000000000000       9.61125635651509207E-003
   68.375000000000000       9.56951086104611097E-003
   68.625000000000000       9.53326237681307968E-003
   68.875000000000000       9.49915524405674401E-003
   69.125000000000000       9.46553987891757959E-003
   69.375000000000000       9.43173241808013818E-003
   69.625000000000000       9.39650850871039979E-003
   69.875000000000000       9.35659586170659724E-003
   70.125000000000000       9.30417048230058885E-003
   70.375000000000000       9.22752016784328388E-003
   70.625000000000000       9.11534880431800511E-003
   70.875000000000000       8.95825682602153194E-003
   71.125000000000000       8.74829406604850542E-003
   71.375000000000000       8.48080522526723640E-003
   71.625000000000000       8.15407073017541777E-003
   71.875000000000000       7.76619434081489424E-003
   72.125000000000000       7.31720409095632657E-003
   72.375000000000000       6.81398143837294145E-003
   72.625000000000000       6.26915168617171205E-003
   72.875000000000000       5.69801300056004770E-003
   73.125000000000000       5.11948786648965069E-003
   73.375000000000000       4.55443622442391113E-003
   73.625000000000000       4.01875513546488816E-003
   73.875000000000000       3.52091159351770357E-003
   74.125000000000000       3.06578472021322738E-003
   74.375000000000000       2.65571771104163804E-003
   74.625000000000000       2.28849911149628729E-003
   74.875000000000000       1.95995735788402018E-003
   75.125000000000000       1.66876232698853137E-003
   75.375000000000000       1.41523848414281815E-003
   75.625000000000000       1.19711207924674693E-003
   75.875000000000000       1.01033629816743489E-003
   76.125000000000000       8.52480926975666660E-004
   76.375000000000000       7.21476779413321944E-004
   76.625000000000000       6.12332509244273206E-004
   76.875000000000000       5.18693132586694312E-004
   77.125000000000000       4.36914335143611104E-004
   77.375000000000000       3.65871177717116557E-004
   77.625000000000000       3.03894096563236060E-004
   77.875000000000000       2.48967769926405024E-004
   78.125000000000000       2.01383553808007692E-004
   78.375000000000000       1.63176122026933952E-004
   78.625000000000000       1.34617588726094529E-004
   78.875000000000000       1.13341875102236075E-004
   79.125000000000000       9.70148994050384184E-005
   79.375000000000000       8.47330053169483282E-005
   79.625000000000000       7.52996615464307528E-005
   79.875000000000000       6.61471430852742084E-005
   80.125000000000000       5.52120543219990941E-005
   80.375000000000000       4.28391958553768192E-005
   80.625000000000000       3.08732185335433603E-005
   80.875000000000000       2.06608895013747737E-005
   81.125000000000000       1.27960731269799768E-005
   81.375000000000000       7.99365884998812950E-006
   81.625000000000000       6.84758757163207568E-006
   81.875000000000000       8.72557254769473429E-006
   82.125000000000000       1.18351151344076427E-005
   82.375000000000000       1.45652508594424433E-005
   82.625000000000000       1.61408265077296353E-005
   82.875000000000000       1.59353435294534518E-005
   83.125000000000000       1.31014214703019052E-005
   83.375000000000000       7.56597631488458818E-006
   83.625000000000000       9.48082866778212126E-007
   83.875000000000000      -4.29824716873665840E-006
   84.125000000000000      -6.73515228135696035E-006
   84.375000000000000      -6.55995002034578367E-006
   84.625000000000000      -4.48172404085021247E-006
   84.875000000000000      -6.45398962981072883E-007
   85.125000000000000       4.95251945508957921E-006
   85.375000000000000       1.13738022781613863E-005
   85.625000000000000       1.66881207050891769E-005
   85.875000000000000       1.91593254208614554E-005
   86.125000000000000       1.82582134823673094E-005
   86.375000000000000       1.45176078795936922E-005
   86.625000000000000       8.81844817534373453E-006
   86.875000000000000       2.15262934413221473E-006
   87.125000000000000      -4.14465801972122036E-006
   87.375000000000000      -8.53110438120412483E-006
   87.625000000000000      -1.00127014155378698E-005
   87.875000000000000      -8.70703897992677080E-006
   88.125000000000000      -5.45700772334022833E-006
   88.375000000000000      -8.98387139247080236E-007
   88.625000000000000       4.89267125192550862E-006
   88.875000000000000       1.17450414588718278E-005
   89.125000000000000       1.85729874498588977E-005
   89.375000000000000       2.35052223582118699E-005
   89.625000000000000       2.50173616544466358E-005
   89.875000000000000       2.29835940659803818E-005
   90.125000000000000       1.86363994359790834E-005
   90.375000000000000       1.35646063746342567E-005
   90.625000000000000       8.78594941219113226E-006
   90.875000000000000       4.67898289384587008E-006
   91.125000000000000       1.56188645687016290E-006
   91.375000000000000       9.66385586092027392E-008
   91.625000000000000       1.04171136202929955E-006
   91.875000000000000       4.66731717318250904E-006
   92.125000000000000       1.04923543088752726E-005
   92.375000000000000       1.76049849429609409E-005
   92.625000000000000       2.52023830109623424E-005
   92.875000000000000       3.28063064995292520E-005
   93.125000000000000       4.00077171135364518E-005
   93.375000000000000       4.60926583819513998E-005
   93.625000000000000       4.99872761351299199E-005
   93.875000000000000       5.05949475819098332E-005
   94.125000000000000       4.71976302771522896E-005
   94.375000000000000       3.95564509613699435E-005
   94.625000000000000       2.76693620331574223E-005
   94.875000000000000       1.14726531957066330E-005
   95.125000000000000      -9.21166042418583717E-006
   95.375000000000000      -3.44622207774123937E-005
   95.625000000000000      -6.40373621183240523E-005
   95.875000000000000      -9.74131290004974694E-005
   96.125000000000000      -1.34090795489222276E-004
   96.375000000000000      -1.73917532284737874E-004
   96.625000000000000      -2.17131925996595231E-004
   96.875000000000000      -2.64071805652777781E-004
   97.125000000000000      -3.14764568827188894E-004
   97.375000000000000      -3.68723423954849688E-004
   97.625000000000000      -4.25120166515027321E-004
   97.875000000000000      -4.83225255286307605E-004
   98.125000000000000      -5.42812965636389256E-004
   98.375000000000000      -6.04252592720745316E-004
   98.625000000000000      -6.68209052660980298E-004
   98.875000000000000      -7.35105604486618425E-004
   99.125000000000000      -8.04612047899795038E-004
   99.375000000000000      -8.75368340471349531E-004
   99.625000000000000      -9.45000928743067897E-004
   99.875000000000000      -1.01034840811624837E-003
   100.12500000000000      -1.06776145953254718E-003
   100.37500000000000      -1.11338154886939924E-003
   100.62500000000000      -1.14337854372140104E-003
   100.87500000000000      -1.15417719289167458E-003
   101.12500000000000      -1.14269889143291722E-003
   101.37500000000000      -1.10660370736320431E-003
   101.62500000000000      -1.04447579361640112E-003
   101.87500000000000      -9.55884275346123883E-004
   102.12500000000000      -8.41279346573035034E-004
   102.37500000000000      -7.01734480556250474E-004
   102.62500000000000      -5.38594429740115984E-004
   102.87500000000000      -3.53113043712625159E-004
   103.12500000000000      -1.46156845797094893E-004
   103.37500000000000       8.19817173527338957E-005
   103.62500000000000       3.31653303926588490E-004
   103.87500000000000       6.03812959037563460E-004
   104.12500000000000       8.99871607625934923E-004
   104.37500000000000       1.22139855219605760E-003
   104.62500000000000       1.56959676740580701E-003
   104.87500000000000       1.94446826598181034E-003
   105.12500000000000       2.34365522340306649E-003
   105.37500000000000       2.76110831695980602E-003
   105.62500000000000       3.18598432967099037E-003
   105.87500000000000       3.60243315891636742E-003
   106.12500000000000       3.99104340763543289E-003
   106.37500000000000       4.33248202334717870E-003
   106.62500000000000       4.61319238349193299E-003
   106.87500000000000       4.83208996471991888E-003
   107.12500000000000       5.00650290587431167E-003
   107.37500000000000       5.17562315891232413E-003
   107.62500000000000       5.40040184607537554E-003
   107.87500000000000       5.75931002974901327E-003
   108.12500000000000       6.33856099118835017E-003
   108.37500000000000       7.21290416808560448E-003
   108.62500000000000       8.41096078980929640E-003
   108.87500000000000       9.86354605341829144E-003
   109.12500000000000       1.13538765736457894E-002
   109.37500000000000       1.25224434337014665E-002
   109.62500000000000       1.29839763872084644E-002
   109.87500000000000       1.25290349799936796E-002
   110.12500000000000       1.12599079635013043E-002
   110.37500000000000       9.53359229440620994E-003
   110.62500000000000       7.77388311044831855E-003
   110.87500000000000       6.32395853605704876E-003
   111.12500000000000       5.42693994904580330E-003
   111.37500000000000       5.30452945374742212E-003
   111.62500000000000       6.27103639246971711E-003
   111.87500000000000       8.81727320863616437E-003
   112.12500000000000       1.35113823448932864E-002
   112.37500000000000       2.03575543933735108E-002
   112.62500000000000       2.74714976144925030E-002
   112.87500000000000       3.08534771871957318E-002
   113.12500000000000       2.78936171555638698E-002
   113.37500000000000       2.06750923930611175E-002
   113.62500000000000       1.32665446083449455E-002
   113.87500000000000       7.82894519038728962E-003
   114.12500000000000       4.46518018531872219E-003
   114.37500000000000       2.57701755491645309E-003
   114.62500000000000       1.62426386503924740E-003
   114.87500000000000       1.31472556839718315E-003
   115.12500000000000       1.63455552399985630E-003
   115.37500000000000       2.93454033212079812E-003
   115.62500000000000       6.17780362434952861E-003
   115.87500000000000       1.33098884909506436E-002
   116.12500000000000       2.67954845062012004E-002
   116.37500000000000       4.49410373285240028E-002
   116.62500000000000       5.50670814941803671E-002
   116.87500000000000       4.62193024935155239E-002
   117.12500000000000       2.80672778464951186E-002
   117.37500000000000       1.39962027853610844E-002
   117.62500000000000       6.38342350600850251E-003
   117.87500000000000       2.81753527072350560E-003
   118.12500000000000       1.23624260153988477E-003
   118.37500000000000       5.53055428189709814E-004
   118.62500000000000       2.72390218215452014E-004
   118.87500000000000       1.92705658407514455E-004
   119.12500000000000       2.72607301898059409E-004
   119.37500000000000       6.18253773907523059E-004
   119.62500000000000       1.60819879604760384E-003
   119.87500000000000       4.28578838147179470E-003
   120.12500000000000       1.13115206683014405E-002
   120.37500000000000       2.82603549878156293E-002
   120.62500000000000       5.89183165354464841E-002
   120.87500000000000       8.33155522214866218E-002
   121.12500000000000       7.00974002036904992E-002
   121.37500000000000       3.75426459901424953E-002
   121.62500000000000       1.56748983054543489E-002
   121.87500000000000       6.00044780716912050E-003
   122.12500000000000       2.24259641986249841E-003
   122.37500000000000       8.32405655078258169E-004
   122.62500000000000       3.08610337089476302E-004
   122.87500000000000       1.15132981749117001E-004
   123.12500000000000       4.51631491562457730E-005
   123.37500000000000       2.42762340172267082E-005
   123.62500000000000       3.18885987835066615E-005
   123.87500000000000       8.16662180560568811E-005
   124.12500000000000       2.43721276959268988E-004
   124.37500000000000       7.42840303349880191E-004
   124.62500000000000       2.26932328772808285E-003
   124.87500000000000       6.92147405200336380E-003
   125.12500000000000       2.08002234340396996E-002
   125.37500000000000       5.64565434177390635E-002
   125.62500000000000       0.10746291363006300     
   125.87500000000000       0.11053077448798618     
   126.12500000000000       6.06634638470014351E-002
   126.37500000000000       2.27518644792090857E-002
   126.62500000000000       7.59556668852136123E-003
   126.87500000000000       2.49117936193504405E-003
   127.12500000000000       8.15187948690031250E-004
   127.37500000000000       2.66634763640551749E-004
   127.62500000000000       8.72016442053019170E-005
   127.87500000000000       2.85179729502849900E-005
   128.12500000000000       9.32634154534881516E-006
   128.37500000000000       3.05006720818051530E-006
   128.62500000000000       9.97516714214416060E-007
   128.87500000000000       3.26253591167791830E-007
   129.12500000000000       1.06717484695594862E-007
   129.37500000000000       3.49139267743843148E-008
   129.62500000000000       1.14264850819064349E-008
   129.87500000000000       3.74196246169219478E-009
   130.12500000000000       1.22680633753960468E-009
   130.37500000000000       4.03018322047052795E-010
   130.62500000000000       1.32865137523617147E-010
   130.87500000000000       4.40728939720569854E-011
   131.12500000000000       1.47739539016828302E-011
   131.37500000000000       5.03962087746125853E-012
   131.62500000000000       1.76746665388578213E-012
   131.87500000000000       6.46106307724454439E-013
   132.12500000000000       2.49933827985979146E-013
   132.37500000000000       1.03545118706362709E-013
   132.62500000000000       4.61089167346770518E-014
   132.87500000000000       2.19206170286862158E-014
   133.12500000000000       1.09714917121152319E-014
   133.37500000000000       5.69116350306879211E-015
   133.62500000000000       3.01860199081610562E-015
   133.87500000000000       1.62102332159608280E-015
   134.12500000000000       8.75570137566577909E-016
   134.37500000000000       4.73707441374935183E-016
   134.62500000000000       2.56066127346949886E-016
   134.87500000000000       1.38091091627366792E-016
   135.12500000000000       7.42284440323932560E-017
   135.37500000000000       3.97510015477907489E-017
   135.62500000000000       2.12020186807723632E-017
   135.87500000000000       1.12614255350931552E-017
   136.12500000000000       5.95615499287623584E-018
   136.37500000000000       3.13678334879175539E-018
   136.62500000000000       1.64494057989676721E-018
   136.87500000000000       8.58956624152618079E-019
   137.12500000000000       4.46642223010416019E-019
   137.37500000000000       2.31275876605589973E-019
   137.62500000000000       1.19261059435159349E-019
   137.87500000000000       6.12464822410936056E-020
   138.12500000000000       3.13252434181576256E-020
   138.37500000000000       1.59571483117206037E-020
   138.62500000000000       8.09618171549071720E-021
   138.87500000000000       4.09153058214233044E-021
   139.12500000000000       2.05962514102669500E-021
   139.37500000000000       1.03276948871679221E-021
   139.62500000000000       5.15878228882701282E-022
   139.87500000000000       2.56705449750694391E-022
   140.12500000000000       1.27257184554944760E-022
   140.37500000000000       6.28497941246854007E-023
   140.62500000000000       3.09253397157223397E-023
   140.87500000000000       1.51610286694936597E-023
   141.12500000000000       7.40560747254672825E-024
   141.37500000000000       3.60433014604529194E-024
   141.62500000000000       1.74797046877107647E-024
   141.87500000000000       8.44700677037407902E-025
   142.12500000000000       4.06765557060409932E-025
   142.37500000000000       1.95196138034540895E-025
   142.62500000000000       9.33462599965967574E-026
   142.87500000000000       4.44870907247041778E-026
   143.12500000000000       2.11297813106693878E-026
   143.37500000000000       1.00021243522593185E-026
   143.62500000000000       4.71886872948694990E-027
   143.87500000000000       2.21893155069986911E-027
   144.12500000000000       1.03997299006882587E-027
   144.37500000000000       4.85829594699736167E-028
   144.62500000000000       2.26225240839314470E-028
   144.87500000000000       1.05003700159133382E-028
   145.12500000000000       4.85831532705413006E-029
   145.37500000000000       2.24075970715061920E-029
   145.62500000000000       1.03025361541561623E-029
   145.87500000000000       4.72218404018146453E-030
   146.12500000000000       2.15775458864163910E-030
   146.37500000000000       9.82951061329829942E-031
   146.62500000000000       4.46418964016285476E-031
   146.87500000000000       2.02136299427505621E-031
   147.12500000000000       9.12529322146692077E-032
   147.37500000000000       4.10733347415903754E-032
   147.62500000000000       1.84328882101456692E-032
   147.87500000000000       8.24815441583244674E-033
   148.12500000000000       3.68010691923097988E-033
   148.37500000000000       1.63726278133616279E-033
   148.62500000000000       7.26381705840979191E-034
   148.87500000000000       3.21470323224194433E-034
   149.12500000000000       1.42149985094542118E-034
   149.37500000000000       6.33265981690835810E-035
   149.62500000000000       2.96171740519547311E-035
   149.87500000000000       1.71816010574369268E-035
   150.12500000000000       1.71816010574369268E-035
