 -0.12500000000000000       1.44837948835783146E-003
  0.12500000000000000       1.44837948835783146E-003
  0.37500000000000000       1.44954680275081235E-003
  0.62500000000000000       1.44668389451840600E-003
  0.87500000000000000       1.44794907116516905E-003
   1.1250000000000000       1.44879625585680929E-003
   1.3750000000000000       1.44567809015653127E-003
   1.6250000000000000       1.44877595552751087E-003
   1.8750000000000000       1.45294493108868972E-003
   2.1250000000000000       1.45262624779964739E-003
   2.3750000000000000       1.45531547730489439E-003
   2.6250000000000000       1.46355148171366657E-003
   2.8750000000000000       1.47006933306999114E-003
   3.1250000000000000       1.47296188363506817E-003
   3.3750000000000000       1.47833456803946788E-003
   3.6250000000000000       1.48823713580802639E-003
   3.8750000000000000       1.49736186249212438E-003
   4.1250000000000000       1.50235276296603951E-003
   4.3750000000000000       1.50684146617674703E-003
   4.6250000000000000       1.51527521523338511E-003
   4.8750000000000000       1.52639065744602479E-003
   5.1250000000000000       1.53561603930543983E-003
   5.3750000000000000       1.54173393170921758E-003
   5.6250000000000000       1.54829988963900932E-003
   5.8750000000000000       1.55871861660016758E-003
   6.1250000000000000       1.57203415095887272E-003
   6.3750000000000000       1.58448277048462371E-003
   6.6250000000000000       1.59422055057394010E-003
   6.8750000000000000       1.60337444602920822E-003
   7.1250000000000000       1.61541846676842619E-003
   7.3750000000000000       1.63134023777243803E-003
   7.6250000000000000       1.64883146142158618E-003
   7.8750000000000000       1.66496725800790177E-003
   8.1250000000000000       1.67923744808667333E-003
   8.3750000000000000       1.69389804746373314E-003
   8.6250000000000000       1.71150685037975946E-003
   8.8750000000000000       1.73228574324543879E-003
   9.1250000000000000       1.75383910561390335E-003
   9.3750000000000000       1.77330158901351474E-003
   9.6250000000000000       1.78985998454148456E-003
   9.8750000000000000       1.80517585065269499E-003
   10.125000000000000       1.82146332140544691E-003
   10.375000000000000       1.83959072040548103E-003
   10.625000000000000       1.85874183382909726E-003
   10.875000000000000       1.87692393703860791E-003
   11.125000000000000       1.89276791247926799E-003
   11.375000000000000       1.90714248141109774E-003
   11.625000000000000       1.92255329244356678E-003
   11.875000000000000       1.94085378333082488E-003
   12.125000000000000       1.96249537277148715E-003
   12.375000000000000       1.98632238061779163E-003
   12.625000000000000       2.00987812040177502E-003
   12.875000000000000       2.03184926874707631E-003
   13.125000000000000       2.05227243626535235E-003
   13.375000000000000       2.07205115512448671E-003
   13.625000000000000       2.09258295208987694E-003
   13.875000000000000       2.11398842571551733E-003
   14.125000000000000       2.13480312030741790E-003
   14.375000000000000       2.15348350663723768E-003
   14.625000000000000       2.16906598209222175E-003
   14.875000000000000       2.18159078908078180E-003
   15.125000000000000       2.19240394843413277E-003
   15.375000000000000       2.20361308684819930E-003
   15.625000000000000       2.21639319053679000E-003
   15.875000000000000       2.23060306646715150E-003
   16.125000000000000       2.24501587214064957E-003
   16.375000000000000       2.25810265001812971E-003
   16.625000000000000       2.26896327063965926E-003
   16.875000000000000       2.27781055810966559E-003
   17.125000000000000       2.28584429350891160E-003
   17.375000000000000       2.29459378217441263E-003
   17.625000000000000       2.30504938289316725E-003
   17.875000000000000       2.31710870134152263E-003
   18.125000000000000       2.32964930649365775E-003
   18.375000000000000       2.34110763763591611E-003
   18.625000000000000       2.35019238835261447E-003
   18.875000000000000       2.35637392872978203E-003
   19.125000000000000       2.35996343970661365E-003
   19.375000000000000       2.36178754407426845E-003
   19.625000000000000       2.36261754797242093E-003
   19.875000000000000       2.36266082788555562E-003
   20.125000000000000       2.36140766956603786E-003
   20.375000000000000       2.35792922918254093E-003
   20.625000000000000       2.35145151020422962E-003
   20.875000000000000       2.34186884411031419E-003
   21.125000000000000       2.32991111529528162E-003
   21.375000000000000       2.31688930029203639E-003
   21.625000000000000       2.30416952026746497E-003
   21.875000000000000       2.29264889026523436E-003
   22.125000000000000       2.28247866785772366E-003
   22.375000000000000       2.27311549845479223E-003
   22.625000000000000       2.26360532777346996E-003
   22.875000000000000       2.25301386486142282E-003
   23.125000000000000       2.24094972328087822E-003
   23.375000000000000       2.22777081763421338E-003
   23.625000000000000       2.21421594755325099E-003
   23.875000000000000       2.20119478282018548E-003
   24.125000000000000       2.18914920227329494E-003
   24.375000000000000       2.17793630539942591E-003
   24.625000000000000       2.16666586979018813E-003
   24.875000000000000       2.15388277443960725E-003
   25.125000000000000       2.13823254652668101E-003
   25.375000000000000       2.11909995672271293E-003
   25.625000000000000       2.09684130787689011E-003
   25.875000000000000       2.07206207217106595E-003
   26.125000000000000       2.04604830992226143E-003
   26.375000000000000       2.02029942345185532E-003
   26.625000000000000       1.99510521579799758E-003
   26.875000000000000       1.97043086079651091E-003
   27.125000000000000       1.94585989665451743E-003
   27.375000000000000       1.92082477114059735E-003
   27.625000000000000       1.89484224309858108E-003
   27.875000000000000       1.86815512903552080E-003
   28.125000000000000       1.84132639609696828E-003
   28.375000000000000       1.81503246182453744E-003
   28.625000000000000       1.79029037682902951E-003
   28.875000000000000       1.76753942496807727E-003
   29.125000000000000       1.74693404162192109E-003
   29.375000000000000       1.72859842061336860E-003
   29.625000000000000       1.71191469264165598E-003
   29.875000000000000       1.69581898748346065E-003
   30.125000000000000       1.67964725143690259E-003
   30.375000000000000       1.66270564120678146E-003
   30.625000000000000       1.64439180166417063E-003
   30.875000000000000       1.62473223984877456E-003
   31.125000000000000       1.60415444914989349E-003
   31.375000000000000       1.58289386260290679E-003
   31.625000000000000       1.56090478004442435E-003
   31.875000000000000       1.53801118096786433E-003
   32.125000000000000       1.51406652091887650E-003
   32.375000000000000       1.48897460149921318E-003
   32.625000000000000       1.46255826217599866E-003
   32.875000000000000       1.43443376101800375E-003
   33.125000000000000       1.40399114316012682E-003
   33.375000000000000       1.37068200033720685E-003
   33.625000000000000       1.33459242000751521E-003
   33.875000000000000       1.29681007789119503E-003
   34.125000000000000       1.25904976189007288E-003
   34.375000000000000       1.22273041889444192E-003
   34.625000000000000       1.18827266816472167E-003
   34.875000000000000       1.15526440531343931E-003
   35.125000000000000       1.12324283461479957E-003
   35.375000000000000       1.09218353638277960E-003
   35.625000000000000       1.06222116349026161E-003
   35.875000000000000       1.03315788704555901E-003
   36.125000000000000       1.00458319014299908E-003
   36.375000000000000       9.76478103241765422E-004
   36.625000000000000       9.49318457247005118E-004
   36.875000000000000       9.23420882879130473E-004
   37.125000000000000       8.98668754226456174E-004
   37.375000000000000       8.75235314581944077E-004
   37.625000000000000       8.53781086343770854E-004
   37.875000000000000       8.33960012928119314E-004
   38.125000000000000       8.13683560403959073E-004
   38.375000000000000       7.91480399848084552E-004
   38.625000000000000       7.67956546544341554E-004
   38.875000000000000       7.42743738174833136E-004
   39.125000000000000       7.14243712957527256E-004
   39.375000000000000       6.83374862919455556E-004
   39.625000000000000       6.48467067690722070E-004
   39.875000000000000       6.12613933629197415E-004
   40.125000000000000       5.73613184011171045E-004
   40.375000000000000       5.33359510436184599E-004
   40.625000000000000       4.93188469114187798E-004
   40.875000000000000       4.50855334379868689E-004
   41.125000000000000       4.07384894750405225E-004
   41.375000000000000       3.63370460173417559E-004
   41.625000000000000       3.17636224312263851E-004
   41.875000000000000       2.70794759529546770E-004
   42.125000000000000       2.23965649896814656E-004
   42.375000000000000       1.76902255443530472E-004
   42.625000000000000       1.31539758602754170E-004
   42.875000000000000       8.80726102233717040E-005
   43.125000000000000       4.73631184756596421E-005
   43.375000000000000       1.04734515194120262E-005
   43.625000000000000      -2.18967524141383540E-005
   43.875000000000000      -5.01645116495226794E-005
   44.125000000000000      -7.34665770646360976E-005
   44.375000000000000      -9.23061197186763314E-005
   44.625000000000000      -1.08498264327868069E-004
   44.875000000000000      -1.21815129304038951E-004
   45.125000000000000      -1.33309213876277034E-004
   45.375000000000000      -1.44450895332933485E-004
   45.625000000000000      -1.55831027748570578E-004
   45.875000000000000      -1.67987043709446059E-004
   46.125000000000000      -1.81577657701884802E-004
   46.375000000000000      -1.97532135069324911E-004
   46.625000000000000      -2.17105759335851971E-004
   46.875000000000000      -2.41151007137311245E-004
   47.125000000000000      -2.70789139064266462E-004
   47.375000000000000      -3.07398337610199847E-004
   47.625000000000000      -3.52609986067929225E-004
   47.875000000000000      -4.07513367403590813E-004
   48.125000000000000      -4.72164343191757579E-004
   48.375000000000000      -5.45854388136244087E-004
   48.625000000000000      -6.27049590122537282E-004
   48.875000000000000      -7.12755099676672436E-004
   49.125000000000000      -7.98152573608123779E-004
   49.375000000000000      -8.76945850196162347E-004
   49.625000000000000      -9.41839876726701850E-004
   49.875000000000000      -9.84040752000194582E-004
   50.125000000000000      -9.92050516117634704E-004
   50.375000000000000      -9.54552875759860468E-004
   50.625000000000000      -8.64654560364214305E-004
   50.875000000000000      -7.17293564144664501E-004
   51.125000000000000      -5.09048951102534738E-004
   51.375000000000000      -2.39395937018862073E-004
   51.625000000000000       8.93537060168026072E-005
   51.875000000000000       4.71369009124366213E-004
   52.125000000000000       8.99002860351015673E-004
   52.375000000000000       1.36347313321019291E-003
   52.625000000000000       1.85634529542884450E-003
   52.875000000000000       2.36950704458299818E-003
   53.125000000000000       2.89486308314815819E-003
   53.375000000000000       3.42615359777526758E-003
   53.625000000000000       3.95778431926918639E-003
   53.875000000000000       4.48487346035853374E-003
   54.125000000000000       5.00210084233645731E-003
   54.375000000000000       5.50441683040996978E-003
   54.625000000000000       5.98813811565648054E-003
   54.875000000000000       6.45018062158906561E-003
   55.125000000000000       6.88770769705381904E-003
   55.375000000000000       7.29891974812578621E-003
   55.625000000000000       7.68474399819751852E-003
   55.875000000000000       8.04575228511103524E-003
   56.125000000000000       8.38117524610017782E-003
   56.375000000000000       8.69125268916693186E-003
   56.625000000000000       8.97585879515815262E-003
   56.875000000000000       9.23262244995391897E-003
   57.125000000000000       9.45840788338502686E-003
   57.375000000000000       9.65211486133791922E-003
   57.625000000000000       9.81228462752697407E-003
   57.875000000000000       9.93681182608146737E-003
   58.125000000000000       1.00274927097198704E-002
   58.375000000000000       1.00869408818155155E-002
   58.625000000000000       1.01160142721709572E-002
   58.875000000000000       1.01177352700597498E-002
   59.125000000000000       1.00959778316641723E-002
   59.375000000000000       1.00525864756548580E-002
   59.625000000000000       9.99092548352620811E-003
   59.875000000000000       9.91771926638821029E-003
   60.125000000000000       9.83858118337398516E-003
   60.375000000000000       9.75819201298429133E-003
   60.625000000000000       9.68364762603844513E-003
   60.875000000000000       9.61933472871109863E-003
   61.125000000000000       9.56542079524823514E-003
   61.375000000000000       9.52327159417612652E-003
   61.625000000000000       9.49105145493671018E-003
   61.875000000000000       9.46156190447950372E-003
   62.125000000000000       9.43028785933668588E-003
   62.375000000000000       9.39388129533370343E-003
   62.625000000000000       9.34678417471197960E-003
   62.875000000000000       9.28675590104492688E-003
   63.125000000000000       9.21182455514797487E-003
   63.375000000000000       9.11429792159089772E-003
   63.625000000000000       8.98569580717371863E-003
   63.875000000000000       8.81823683245707216E-003
   64.125000000000000       8.60243842627207538E-003
   64.375000000000000       8.33261378825210508E-003
   64.625000000000000       8.00955657908042178E-003
   64.875000000000000       7.63641503581247421E-003
   65.125000000000000       7.21853303006605735E-003
   65.375000000000000       6.76372771247637453E-003
   65.625000000000000       6.27927552995748931E-003
   65.875000000000000       5.77260986881161526E-003
   66.125000000000000       5.25384652287501884E-003
   66.375000000000000       4.73497498121157670E-003
   66.625000000000000       4.22853857980097503E-003
   66.875000000000000       3.74635181484269005E-003
   67.125000000000000       3.29716702987979194E-003
   67.375000000000000       2.88605069252791330E-003
   67.625000000000000       2.51489529404286261E-003
   67.875000000000000       2.18214886161181452E-003
   68.125000000000000       1.88436972526031307E-003
   68.375000000000000       1.61887754545878828E-003
   68.625000000000000       1.38339264121463803E-003
   68.875000000000000       1.17529330214917829E-003
   69.125000000000000       9.93563057582973370E-004
   69.375000000000000       8.38583264557704144E-004
   69.625000000000000       7.08563128767268386E-004
   69.875000000000000       5.99420092532926773E-004
   70.125000000000000       5.08028210815593710E-004
   70.375000000000000       4.31762674649284548E-004
   70.625000000000000       3.66139313674476773E-004
   70.875000000000000       3.07140565526772781E-004
   71.125000000000000       2.54398383737984178E-004
   71.375000000000000       2.08765426380019370E-004
   71.625000000000000       1.69237449408176369E-004
   71.875000000000000       1.35257257494553467E-004
   72.125000000000000       1.08803892593290725E-004
   72.375000000000000       9.09100273374893096E-005
   72.625000000000000       7.88614986289802849E-005
   72.875000000000000       6.93921143968468155E-005
   73.125000000000000       6.17462110097153038E-005
   73.375000000000000       5.53743612904626371E-005
   73.625000000000000       4.78015704652233979E-005
   73.875000000000000       3.74742951882422518E-005
   74.125000000000000       2.63015849059282919E-005
   74.375000000000000       1.70026436360679295E-005
   74.625000000000000       9.95773919644879856E-006
   74.875000000000000       4.70172047093379808E-006
   75.125000000000000       2.40472353044861241E-006
   75.375000000000000       4.29577791117293579E-006
   75.625000000000000       8.82709400291389751E-006
   75.875000000000000       1.27312819061862022E-005
   76.125000000000000       1.43321984732410898E-005
   76.375000000000000       1.40180856093932133E-005
   76.625000000000000       1.20374604773738558E-005
   76.875000000000000       7.88320423423674494E-006
   77.125000000000000       1.99327269843067846E-006
   77.375000000000000      -3.61415540620136839E-006
   77.625000000000000      -6.99646016207104062E-006
   77.875000000000000      -7.59244523192468448E-006
   78.125000000000000      -5.56981931806033882E-006
   78.375000000000000      -1.02961657076205778E-006
   78.625000000000000       5.36203571657876918E-006
   78.875000000000000       1.17323608730302318E-005
   79.125000000000000       1.60303824433772166E-005
   79.375000000000000       1.75623753184868019E-005
   79.625000000000000       1.68536548776567985E-005
   79.875000000000000       1.41996460486243697E-005
   80.125000000000000       9.24921422048916387E-006
   80.375000000000000       2.27451836891649910E-006
   80.625000000000000      -4.87506579841450229E-006
   80.875000000000000      -9.74120030383867945E-006
   81.125000000000000      -1.10440348977515600E-005
   81.375000000000000      -9.16446451699748264E-006
   81.625000000000000      -5.08903984257886931E-006
   81.875000000000000       5.30618805404889771E-007
   82.125000000000000       7.16156614900131130E-006
   82.375000000000000       1.38081600954984399E-005
   82.625000000000000       1.92063126797230986E-005
   82.875000000000000       2.25743332758571725E-005
   83.125000000000000       2.38286549775843349E-005
   83.375000000000000       2.30167430246678834E-005
   83.625000000000000       1.99260074458174597E-005
   83.875000000000000       1.45999549258990923E-005
   84.125000000000000       8.14454290146033974E-006
   84.375000000000000       2.62493095319746159E-006
   84.625000000000000      -1.27674801134966180E-007
   84.875000000000000       3.57869993291889501E-007
   85.125000000000000       3.27380465281262714E-006
   85.375000000000000       7.63145939409812918E-006
   85.625000000000000       1.31342419618894367E-005
   85.875000000000000       1.99705069996880382E-005
   86.125000000000000       2.79349614876880651E-005
   86.375000000000000       3.59559925075133403E-005
   86.625000000000000       4.25319627819565864E-005
   86.875000000000000       4.65412515314725037E-005
   87.125000000000000       4.75604324886632959E-005
   87.375000000000000       4.54576898974539252E-005
   87.625000000000000       3.98222806052053036E-005
   87.875000000000000       2.98866807556064962E-005
   88.125000000000000       1.49907556868620111E-005
   88.375000000000000      -4.94584618110646850E-006
   88.625000000000000      -2.94366710194258464E-005
   88.875000000000000      -5.78805871246725778E-005
   89.125000000000000      -8.99806385510655012E-005
   89.375000000000000      -1.25755899088327028E-004
   89.625000000000000      -1.65225075343433144E-004
   89.875000000000000      -2.08150706762845776E-004
   90.125000000000000      -2.54114368327152632E-004
   90.375000000000000      -3.02817660523164631E-004
   90.625000000000000      -3.54270319070858772E-004
   90.875000000000000      -4.08650621047261726E-004
   91.125000000000000      -4.65955680046617970E-004
   91.375000000000000      -5.25769631820892521E-004
   91.625000000000000      -5.87375791719275974E-004
   91.875000000000000      -6.50129244261574884E-004
   92.125000000000000      -7.13766319437018405E-004
   92.375000000000000      -7.78354123293413980E-004
   92.625000000000000      -8.43842077741204237E-004
   92.875000000000000      -9.09458026178937198E-004
   93.125000000000000      -9.73290984830193118E-004
   93.375000000000000      -1.03227336302361291E-003
   93.625000000000000      -1.08253480536264139E-003
   93.875000000000000      -1.11991985663322793E-003
   94.125000000000000      -1.14044083332312074E-003
   94.375000000000000      -1.14054965260431242E-003
   94.625000000000000      -1.11725353826121090E-003
   94.875000000000000      -1.06817358270329421E-003
   95.125000000000000      -9.91623256327478194E-004
   95.375000000000000      -8.86705009134737239E-004
   95.625000000000000      -7.53353105908899823E-004
   95.875000000000000      -5.92237295578451595E-004
   96.125000000000000      -4.04490624022804375E-004
   96.375000000000000      -1.91304925009204701E-004
   96.625000000000000       4.64948346409737315E-005
   96.875000000000000       3.08763235928797316E-004
   97.125000000000000       5.96126687535075738E-004
   97.375000000000000       9.09802837236519941E-004
   97.625000000000000       1.25114584407034091E-003
   97.875000000000000       1.62094326698464675E-003
   98.125000000000000       2.01850119765125194E-003
   98.375000000000000       2.44058608118844769E-003
   98.625000000000000       2.88039045251316716E-003
   98.875000000000000       3.32687245637461196E-003
   99.125000000000000       3.76502999748951290E-003
   99.375000000000000       4.17776174916394821E-003
   99.625000000000000       4.54974587794913180E-003
   99.875000000000000       4.87313484772481861E-003
   100.12500000000000       5.15398348398742046E-003
   100.37500000000000       5.41762352831791968E-003
   100.62500000000000       5.71104464430554400E-003
   100.87500000000000       6.10059359633845829E-003
   101.12500000000000       6.66320375593179755E-003
   101.37500000000000       7.46829520621332225E-003
   101.62500000000000       8.54654706360017009E-003
   101.87500000000000       9.84552480913641719E-003
   102.12500000000000       1.11876502480570666E-002
   102.37500000000000       1.22715410070547166E-002
   102.62500000000000       1.27628278953876486E-002
   102.87500000000000       1.24597462053534901E-002
   103.12500000000000       1.14216998229107365E-002
   103.37500000000000       9.94975812952797987E-003
   103.62500000000000       8.44678955690956502E-003
   103.87500000000000       7.29180812344611736E-003
   104.12500000000000       6.81878533332898416E-003
   104.37500000000000       7.38698410268680793E-003
   104.62500000000000       9.46363780931147071E-003
   104.87500000000000       1.35618326343164338E-002
   105.12500000000000       1.97234405248917118E-002
   105.37500000000000       2.63924041439587871E-002
   105.62500000000000       3.00389821489537023E-002
   105.87500000000000       2.79355244231714421E-002
   106.12500000000000       2.14390346017915741E-002
   106.37500000000000       1.42487748857432189E-002
   106.62500000000000       8.70729111944343152E-003
   106.87500000000000       5.17547874187337508E-003
   107.12500000000000       3.19755364028472943E-003
   107.37500000000000       2.32534739423921350E-003
   107.62500000000000       2.41549809717288809E-003
   107.87500000000000       3.78798567530334472E-003
   108.12500000000000       7.49451957144482879E-003
   108.37500000000000       1.56284761017050425E-002
   108.62500000000000       3.03415314848186277E-002
   108.87500000000000       4.80519436991747595E-002
   109.12500000000000       5.46277354915940053E-002
   109.37500000000000       4.27207929025774785E-002
   109.62500000000000       2.47702341914080373E-002
   109.87500000000000       1.21123747608088556E-002
   110.12500000000000       5.51144319916927090E-003
   110.37500000000000       2.45767911288171000E-003
   110.62500000000000       1.11457779893432392E-003
   110.87500000000000       5.59417540684662719E-004
   111.12500000000000       4.05996734742423634E-004
   111.37500000000000       5.81374486476565039E-004
   111.62500000000000       1.31531624217218093E-003
   111.87500000000000       3.40257753834163857E-003
   112.12500000000000       8.96759942216629816E-003
   112.37500000000000       2.28359609680487165E-002
   112.62500000000000       5.06206489264630355E-002
   112.87500000000000       8.01376149201437765E-002
   113.12500000000000       7.66819446755188094E-002
   113.37500000000000       4.51262082853809074E-002
   113.62500000000000       1.96518003069279905E-002
   113.87500000000000       7.62006907389385126E-003
   114.12500000000000       2.86024785383776374E-003
   114.37500000000000       1.06487605005214361E-003
   114.62500000000000       3.97270700192063749E-004
   114.87500000000000       1.52474453486057128E-004
   115.12500000000000       7.06075461411182338E-005
   115.37500000000000       6.76236999639078120E-005
   115.62500000000000       1.50494222626059554E-004
   115.87500000000000       4.38278484500771650E-004
   116.12500000000000       1.33093966038460025E-003
   116.37500000000000       4.06125972432184058E-003
   116.62500000000000       1.23354300556213596E-002
   116.87500000000000       3.58876374638238613E-002
   117.12500000000000       8.42317103608802575E-002
   117.37500000000000       0.11870960100910789     
   117.62500000000000       8.64461226970620611E-002
   117.87500000000000       3.73892614646913896E-002
   118.12500000000000       1.29040649685623985E-002
   118.37500000000000       4.25022188510823518E-003
   118.62500000000000       1.39167367076929315E-003
   118.87500000000000       4.55268603779910989E-004
   119.12500000000000       1.48906526798466666E-004
   119.37500000000000       4.87028223813080468E-005
   119.62500000000000       1.59304896007473835E-005
   119.87500000000000       5.21177005962346256E-006
   120.12500000000000       1.70569652870499774E-006
   120.37500000000000       5.58631525034797430E-007
   120.62500000000000       1.83201866219574199E-007
   120.87500000000000       6.02310970595556803E-008
   121.12500000000000       1.98938314269853830E-008
   121.37500000000000       6.62613261852971442E-009
   121.62500000000000       2.24003516164321331E-009
   121.87500000000000       7.76681356285709458E-010
   122.12500000000000       2.80456061217901140E-010
   122.37500000000000       1.07479225673043285E-010
   122.62500000000000       4.44782013005217474E-011
   122.87500000000000       2.00327075195307940E-011
   123.12500000000000       9.75834363795321367E-012
   123.37500000000000       5.05420496838825858E-012
   123.62500000000000       2.72847166910175001E-012
   123.87500000000000       1.50959140054112923E-012
   124.12500000000000       8.45869105173142713E-013
   124.37500000000000       4.76388668631081368E-013
   124.62500000000000       2.68450897086465457E-013
   124.87500000000000       1.50964976592491497E-013
   125.12500000000000       8.45968914273860053E-014
   125.37500000000000       4.72004388646000342E-014
   125.62500000000000       2.62097013377508026E-014
   125.87500000000000       1.44812766553161375E-014
   126.12500000000000       7.96044947569170983E-015
   126.37500000000000       4.35352863154170224E-015
   126.62500000000000       2.36876653103695082E-015
   126.87500000000000       1.28231152189005201E-015
   127.12500000000000       6.90675196425797545E-016
   127.37500000000000       3.70155819177826876E-016
   127.62500000000000       1.97400605141763262E-016
   127.87500000000000       1.04758416095719270E-016
   128.12500000000000       5.53260189677359939E-017
   128.37500000000000       2.90799303269483784E-017
   128.62500000000000       1.52126146929321600E-017
   128.87500000000000       7.92106734436887359E-018
   129.12500000000000       4.10539797740122965E-018
   129.37500000000000       2.11807099126010355E-018
   129.62500000000000       1.08782993304521948E-018
   129.87500000000000       5.56208831304643724E-019
   130.12500000000000       2.83133896660650526E-019
   130.37500000000000       1.43497153827535694E-019
   130.62500000000000       7.24122554674368255E-020
   130.87500000000000       3.63846143793503797E-020
   131.12500000000000       1.82045339520445899E-020
   131.37500000000000       9.07018720554270759E-021
   131.62500000000000       4.50034998161359058E-021
   131.87500000000000       2.22375937328319208E-021
   132.12500000000000       1.09435577792361613E-021
   132.37500000000000       5.36384193100813779E-022
   132.62500000000000       2.61852806761159238E-022
   132.87500000000000       1.27326601888305769E-022
   133.12500000000000       6.16706098747176200E-023
   133.37500000000000       2.97543694749939663E-023
   133.62500000000000       1.43005461491514256E-023
   133.87500000000000       6.84698747896379200E-024
   134.12500000000000       3.26593009854565011E-024
   134.37500000000000       1.55199322102056248E-024
   134.62500000000000       7.34789977255798876E-025
   134.87500000000000       3.46610514621815389E-025
   135.12500000000000       1.62906998331746562E-025
   135.37500000000000       7.62906659202431816E-026
   135.62500000000000       3.56000535468614826E-026
   135.87500000000000       1.65535512683130225E-026
   136.12500000000000       7.67019609530867052E-027
   136.37500000000000       3.54168379289311445E-027
   136.62500000000000       1.62972446609287404E-027
   136.87500000000000       7.47364600540925792E-028
   137.12500000000000       3.41568215280877360E-028
   137.37500000000000       1.55582743240151485E-028
   137.62500000000000       7.06312209078419891E-029
   137.87500000000000       3.19591630930134424E-029
   138.12500000000000       1.44134975442814063E-029
   138.37500000000000       6.47933413648391596E-030
   138.62500000000000       2.90328681695339780E-030
   138.87500000000000       1.29675954394410244E-030
   139.12500000000000       5.77364560570401878E-031
   139.37500000000000       2.56255385984621488E-031
   139.62500000000000       1.13380660676509078E-031
   139.87500000000000       5.00102243716667084E-032
   140.12500000000000       2.19909021495980619E-032
   140.37500000000000       9.64055748884809179E-033
   140.62500000000000       4.21353301876970914E-033
   140.87500000000000       1.83605612452699646E-033
   141.12500000000000       7.97683870219703065E-034
   141.37500000000000       3.45534047078845164E-034
   141.62500000000000       1.49236756027996624E-034
   141.87500000000000       6.42680728436630578E-035
   142.12500000000000       2.75968019382310912E-035
   142.37500000000000       1.18161389969731228E-035
   142.62500000000000       5.04492843389397178E-036
   142.87500000000000       2.14786074773265903E-036
   143.12500000000000       9.11880472256023189E-037
   143.37500000000000       3.86063964339639474E-037
   143.62500000000000       1.62996745286423783E-037
   143.87500000000000       6.86286669341143596E-038
   144.12500000000000       2.88169289711276069E-038
   144.37500000000000       1.20674014890093602E-038
   144.62500000000000       5.03978589591560935E-039
   144.87500000000000       2.09918585681686314E-039
   145.12500000000000       8.72043796407110257E-040
   145.37500000000000       3.61311947846404098E-040
   145.62500000000000       1.49310686589755615E-040
   145.87500000000000       6.15420320171346874E-041
   146.12500000000000       2.53007195737437960E-041
   146.37500000000000       1.03748459194573023E-041
   146.62500000000000       4.24351486457100706E-042
   146.87500000000000       1.73130087605984026E-042
   147.12500000000000       7.04578667413690402E-043
   147.37500000000000       2.86024896359900151E-043
   147.62500000000000       1.15825129872302667E-043
   147.87500000000000       4.67878964892686789E-044
   148.12500000000000       1.88539903901282904E-044
   148.37500000000000       7.57915065642149903E-045
   148.62500000000000       3.03949760070160656E-045
   148.87500000000000       1.21622931822116748E-045
   149.12500000000000       4.86028567027879189E-046
   149.37500000000000       1.95096219629103534E-046
   149.62500000000000       8.15014247198944426E-047
   149.87500000000000       4.24466508449652038E-047
   150.12500000000000       4.24466508449652038E-047
