 -0.12500000000000000       2.68401562738707094E-005
  0.12500000000000000       2.68401562738707094E-005
  0.37500000000000000       2.61660900899291147E-005
  0.62500000000000000       1.87029930506034842E-005
  0.87500000000000000       1.57294212043680502E-005
   1.1250000000000000       8.81820573597478824E-006
   1.3750000000000000      -2.82843985224310992E-006
   1.6250000000000000      -8.42589849163633499E-006
   1.8750000000000000      -1.25146081587465839E-005
   2.1250000000000000      -2.11903850876380829E-005
   2.3750000000000000      -2.79870866621591399E-005
   2.6250000000000000      -2.73774461228609455E-005
   2.8750000000000000      -2.41971400157941645E-005
   3.1250000000000000      -2.37115296404803488E-005
   3.3750000000000000      -2.30435269993505741E-005
   3.6250000000000000      -1.70140390870628271E-005
   3.8750000000000000      -6.68045562296532956E-006
   4.1250000000000000       2.17239962860378210E-006
   4.3750000000000000       6.68416460489840743E-006
   4.6250000000000000       9.60747173927289877E-006
   4.8750000000000000       1.45563739758101898E-005
   5.1250000000000000       2.09238679028084044E-005
   5.3750000000000000       2.45696634296778608E-005
   5.6250000000000000       2.26198559810790726E-005
   5.8750000000000000       1.64517976242220341E-005
   6.1250000000000000       9.92377520458563097E-006
   6.3750000000000000       5.35095539816229774E-006
   6.6250000000000000       1.59060902578417726E-006
   6.8750000000000000      -4.16869613119145236E-006
   7.1250000000000000      -1.31539615347531192E-005
   7.3750000000000000      -2.35712009934763572E-005
   7.6250000000000000      -3.21010358833759518E-005
   7.8750000000000000      -3.67038052669722348E-005
   8.1250000000000000      -3.80962291004018939E-005
   8.3750000000000000      -3.87728612868089027E-005
   8.6250000000000000      -4.07247650603596129E-005
   8.8750000000000000      -4.38605435310706663E-005
   9.1250000000000000      -4.62530903157480435E-005
   9.3750000000000000      -4.58332223321705707E-005
   9.6250000000000000      -4.20549475040420847E-005
   9.8750000000000000      -3.63199337338187552E-005
   10.125000000000000      -3.10935251834446746E-005
   10.375000000000000      -2.80326133117272867E-005
   10.625000000000000      -2.67269866719385571E-005
   10.875000000000000      -2.54963208434740704E-005
   11.125000000000000      -2.27960456254212064E-005
   11.375000000000000      -1.78764661197571546E-005
   11.625000000000000      -1.15434914366478044E-005
   11.875000000000000      -6.01866154151084960E-006
   12.125000000000000      -3.28413362243661438E-006
   12.375000000000000      -3.86724287520461330E-006
   12.625000000000000      -7.35965574784074342E-006
   12.875000000000000      -1.22597058813011517E-005
   13.125000000000000      -1.73079868983655725E-005
   13.375000000000000      -2.26772252005801179E-005
   13.625000000000000      -2.88078174246561280E-005
   13.875000000000000      -3.70651814695900110E-005
   14.125000000000000      -4.83544494924955908E-005
   14.375000000000000      -6.24296638160605320E-005
   14.625000000000000      -7.74304208952835874E-005
   14.875000000000000      -9.14575478437069792E-005
   15.125000000000000      -1.02682785540297351E-004
   15.375000000000000      -1.10037095220796339E-004
   15.625000000000000      -1.13718072608185670E-004
   15.875000000000000      -1.14727707194538540E-004
   16.125000000000000      -1.14249200347702983E-004
   16.375000000000000      -1.12969590021842292E-004
   16.625000000000000      -1.10739519811625721E-004
   16.875000000000000      -1.06757298753808701E-004
   17.125000000000000      -1.00051697397583375E-004
   17.375000000000000      -9.00118685665450785E-005
   17.625000000000000      -7.67839582697504700E-005
   17.875000000000000      -6.13359460877052566E-005
   18.125000000000000      -4.51219714068477326E-005
   18.375000000000000      -2.95181326456325973E-005
   18.625000000000000      -1.53214268470974571E-005
   18.875000000000000      -2.57930163791661748E-006
   19.125000000000000       9.21809743812588192E-006
   19.375000000000000       2.07198267179852845E-005
   19.625000000000000       3.22696668099622326E-005
   19.875000000000000       4.36168809459105026E-005
   20.125000000000000       5.38840016217243827E-005
   20.375000000000000       6.17954858867701364E-005
   20.625000000000000       6.60818849662079600E-005
   20.875000000000000       6.59193577668147938E-005
   21.125000000000000       6.12545439561188837E-005
   21.375000000000000       5.28974211492406088E-005
   21.625000000000000       4.23350306294311072E-005
   21.875000000000000       3.13204387546268736E-005
   22.125000000000000       2.13900296885654998E-005
   22.375000000000000       1.34941223407865423E-005
   22.625000000000000       7.86680227832210525E-006
   22.875000000000000       4.18391304684164664E-006
   23.125000000000000       1.98938656989972332E-006
   23.375000000000000       1.13500529443619960E-006
   23.625000000000000       1.88526096303249931E-006
   23.875000000000000       5.15976375526039577E-006
   24.125000000000000       1.24384200920706203E-005
   24.375000000000000       2.53604228530180436E-005
   24.625000000000000       4.55263344865227597E-005
   24.875000000000000       7.39315804667395153E-005
   25.125000000000000       1.11065562296415953E-004
   25.375000000000000       1.56994126623417326E-004
   25.625000000000000       2.11447858294602786E-004
   25.875000000000000       2.73807524499640540E-004
   26.125000000000000       3.43724126189397911E-004
   26.375000000000000       4.21641387799138448E-004
   26.625000000000000       5.07721796440201807E-004
   26.875000000000000       6.02426630050034804E-004
   27.125000000000000       7.06741155344286359E-004
   27.375000000000000       8.21199600515464608E-004
   27.625000000000000       9.46012550622116785E-004
   27.875000000000000       1.08131735875512504E-003
   28.125000000000000       1.22668978526782103E-003
   28.375000000000000       1.38134506516377517E-003
   28.625000000000000       1.54452437102736099E-003
   28.875000000000000       1.71501823473241646E-003
   29.125000000000000       1.89171246525033699E-003
   29.375000000000000       2.07428116754171344E-003
   29.625000000000000       2.26239936355218489E-003
   29.875000000000000       2.45597680424525623E-003
   30.125000000000000       2.65553997779603571E-003
   30.375000000000000       2.86138179704477575E-003
   30.625000000000000       3.07303402355440722E-003
   30.875000000000000       3.28948232314529593E-003
   31.125000000000000       3.50927830302935530E-003
   31.375000000000000       3.73068510681322891E-003
   31.625000000000000       3.95206786990502223E-003
   31.875000000000000       4.17223246365630140E-003
   32.125000000000000       4.39054262861222205E-003
   32.375000000000000       4.60673925844378926E-003
   32.625000000000000       4.82069439109033063E-003
   32.875000000000000       5.03234819834657600E-003
   33.125000000000000       5.24171802452912030E-003
   33.375000000000000       5.44875572325277408E-003
   33.625000000000000       5.65312660417491460E-003
   33.875000000000000       5.85405414033297270E-003
   34.125000000000000       6.05041454473508739E-003
   34.375000000000000       6.24112003745470705E-003
   34.625000000000000       6.42554982719705740E-003
   34.875000000000000       6.60369512337000142E-003
   35.125000000000000       6.77584298161028678E-003
   35.375000000000000       6.94203856506625094E-003
   35.625000000000000       7.10189083879772531E-003
   35.875000000000000       7.25503514553157026E-003
   36.125000000000000       7.40182499104637126E-003
   36.375000000000000       7.54340377866800828E-003
   36.625000000000000       7.68087654508501413E-003
   36.875000000000000       7.81442084167574373E-003
   37.125000000000000       7.94340618812335898E-003
   37.375000000000000       8.06730495466630865E-003
   37.625000000000000       8.18598470603294597E-003
   37.875000000000000       8.29897713231157567E-003
   38.125000000000000       8.40538599407164577E-003
   38.375000000000000       8.50526830440511035E-003
   38.625000000000000       8.59981279283681191E-003
   38.875000000000000       8.68878872612376466E-003
   39.125000000000000       8.77059053778884296E-003
   39.375000000000000       8.84680135599234981E-003
   39.625000000000000       8.91788819353247011E-003
   39.875000000000000       8.98427508319288477E-003
   40.125000000000000       9.05010495985650136E-003
   40.375000000000000       9.10677484046649131E-003
   40.625000000000000       9.15882710727322982E-003
   40.875000000000000       9.20781237697515173E-003
   41.125000000000000       9.25088689552157860E-003
   41.375000000000000       9.28817189906484819E-003
   41.625000000000000       9.31951317760055901E-003
   41.875000000000000       9.34510810913718321E-003
   42.125000000000000       9.36360647470851730E-003
   42.375000000000000       9.37773758054281405E-003
   42.625000000000000       9.38624761407694588E-003
   42.875000000000000       9.39017494477230145E-003
   43.125000000000000       9.39041822770484910E-003
   43.375000000000000       9.38765989408834461E-003
   43.625000000000000       9.38220890781321822E-003
   43.875000000000000       9.37581807513778072E-003
   44.125000000000000       9.36765550916242133E-003
   44.375000000000000       9.35872442068344003E-003
   44.625000000000000       9.34944414671931047E-003
   44.875000000000000       9.33896647381570952E-003
   45.125000000000000       9.32844393182946999E-003
   45.375000000000000       9.31843694696051807E-003
   45.625000000000000       9.30855307278792739E-003
   45.875000000000000       9.29972477994978411E-003
   46.125000000000000       9.29328709236832730E-003
   46.375000000000000       9.28870569817320628E-003
   46.625000000000000       9.28602448030221156E-003
   46.875000000000000       9.28588457758448838E-003
   47.125000000000000       9.28741843914861719E-003
   47.375000000000000       9.28901019414983889E-003
   47.625000000000000       9.28839729580810923E-003
   47.875000000000000       9.28314762082676354E-003
   48.125000000000000       9.27002753104726011E-003
   48.375000000000000       9.24450119403978123E-003
   48.625000000000000       9.20184662626611673E-003
   48.875000000000000       9.13791648999025957E-003
   49.125000000000000       9.04814458432115151E-003
   49.375000000000000       8.92655885061586184E-003
   49.625000000000000       8.76655190826643692E-003
   49.875000000000000       8.56056377023439556E-003
   50.125000000000000       8.32083195692847472E-003
   50.375000000000000       8.05959295778364837E-003
   50.625000000000000       7.76275070296230090E-003
   50.875000000000000       7.43121458441874973E-003
   51.125000000000000       7.06774494758682925E-003
   51.375000000000000       6.67571765083430860E-003
   51.625000000000000       6.26178474118163284E-003
   51.875000000000000       5.83473065032008315E-003
   52.125000000000000       5.40171404767282072E-003
   52.375000000000000       4.96902499243789646E-003
   52.625000000000000       4.54227534786361218E-003
   52.875000000000000       4.12550399118010586E-003
   53.125000000000000       3.72046887633099713E-003
   53.375000000000000       3.33091421172885269E-003
   53.625000000000000       2.96177714793412292E-003
   53.875000000000000       2.61634833886859389E-003
   54.125000000000000       2.29764097878342767E-003
   54.375000000000000       2.00884171202279005E-003
   54.625000000000000       1.75071955038127633E-003
   54.875000000000000       1.52045512867722207E-003
   55.125000000000000       1.31593495149223780E-003
   55.375000000000000       1.13490240972322098E-003
   55.625000000000000       9.72756797770246316E-004
   55.875000000000000       8.27370067779774430E-004
   56.125000000000000       6.99396791148792336E-004
   56.375000000000000       5.88244964433592586E-004
   56.625000000000000       4.92859921860026688E-004
   56.875000000000000       4.13622053375609533E-004
   57.125000000000000       3.49455955913938318E-004
   57.375000000000000       2.96156113538405784E-004
   57.625000000000000       2.51062137588411506E-004
   57.875000000000000       2.13063216856194856E-004
   58.125000000000000       1.78488637649395202E-004
   58.375000000000000       1.45508810179206062E-004
   58.625000000000000       1.16294850748968419E-004
   58.875000000000000       9.10916392586986687E-005
   59.125000000000000       6.96958617605036439E-005
   59.375000000000000       5.46832935024499760E-005
   59.625000000000000       4.60728916109535885E-005
   59.875000000000000       4.08252464749065547E-005
   60.125000000000000       3.77831347687419025E-005
   60.375000000000000       3.58314744297514218E-005
   60.625000000000000       3.22212149930205740E-005
   60.875000000000000       2.61963459286680193E-005
   61.125000000000000       1.88630140146926069E-005
   61.375000000000000       1.07337657845063538E-005
   61.625000000000000       2.88880706623215076E-006
   61.875000000000000      -2.72190376012279036E-006
   62.125000000000000      -5.05271020148264019E-006
   62.375000000000000      -3.96268878100962404E-006
   62.625000000000000      -1.36017926808202671E-007
   62.875000000000000       4.49779499628350659E-006
   63.125000000000000       8.26824621945050118E-006
   63.375000000000000       1.04586039190628486E-005
   63.625000000000000       9.94046313910627062E-006
   63.875000000000000       6.15663478866061629E-006
   64.125000000000000       9.31063270916053034E-007
   64.375000000000000      -3.77348388541343874E-006
   64.625000000000000      -7.81466999548588479E-006
   64.875000000000000      -1.02949748330250749E-005
   65.125000000000000      -8.87652023849535883E-006
   65.375000000000000      -3.69118725527266536E-006
   65.625000000000000       2.24962722690452097E-006
   65.875000000000000       7.49351759177428328E-006
   66.125000000000000       1.25562260790700458E-005
   66.375000000000000       1.60417532304417550E-005
   66.625000000000000       1.53047073227093667E-005
   66.875000000000000       1.08058229335742909E-005
   67.125000000000000       5.39378249047390110E-006
   67.375000000000000      -9.80984867171549358E-008
   67.625000000000000      -6.39277995453097185E-006
   67.875000000000000      -1.18561889554982002E-005
   68.125000000000000      -1.32895034561359821E-005
   68.375000000000000      -1.03014530755991027E-005
   68.625000000000000      -5.37614242153851783E-006
   68.875000000000000       1.46165312305727998E-007
   69.125000000000000       6.96083424595913516E-006
   69.375000000000000       1.46913888727483662E-005
   69.625000000000000       2.08627492528480762E-005
   69.875000000000000       2.36119845069638419E-005
   70.125000000000000       2.32988806570716669E-005
   70.375000000000000       2.08716790769123175E-005
   70.625000000000000       1.65399515451248145E-005
   70.875000000000000       1.08793314644019264E-005
   71.125000000000000       5.66533746575573344E-006
   71.375000000000000       2.43361832903444563E-006
   71.625000000000000       1.11794361289919762E-006
   71.875000000000000       1.12360243209626769E-006
   72.125000000000000       3.04136885022953713E-006
   72.375000000000000       8.11077757771575618E-006
   72.625000000000000       1.61731788631456411E-005
   72.875000000000000       2.51834840949208600E-005
   73.125000000000000       3.29122206879178702E-005
   73.375000000000000       3.83805240759602226E-005
   73.625000000000000       4.13779890424486826E-005
   73.875000000000000       4.13469106423742318E-005
   74.125000000000000       3.74382851664254698E-005
   74.375000000000000       2.93572064614943584E-005
   74.625000000000000       1.73956427486996166E-005
   74.875000000000000       1.49453517136735231E-006
   75.125000000000000      -1.91838858736500530E-005
   75.375000000000000      -4.53745339710362474E-005
   75.625000000000000      -7.66397853769048637E-005
   75.875000000000000      -1.11587385863236858E-004
   76.125000000000000      -1.49178158097031452E-004
   76.375000000000000      -1.89537789451406033E-004
   76.625000000000000      -2.33361439742808672E-004
   76.875000000000000      -2.80742086512882148E-004
   77.125000000000000      -3.30847652450737587E-004
   77.375000000000000      -3.82733341849950646E-004
   77.625000000000000      -4.36236265338219172E-004
   77.875000000000000      -4.91919249393891881E-004
   78.125000000000000      -5.50202658931882001E-004
   78.375000000000000      -6.10685875252207325E-004
   78.625000000000000      -6.72321119507791713E-004
   78.875000000000000      -7.34111033903360878E-004
   79.125000000000000      -7.95507721686281575E-004
   79.375000000000000      -8.56122662665173128E-004
   79.625000000000000      -9.15109778081037205E-004
   79.875000000000000      -9.70838371230807614E-004
   80.125000000000000      -1.02106469175903647E-003
   80.375000000000000      -1.06327009237863930E-003
   80.625000000000000      -1.09472748416535558E-003
   80.875000000000000      -1.11222821477855718E-003
   81.125000000000000      -1.11181877666671129E-003
   81.375000000000000      -1.08894729863280191E-003
   81.625000000000000      -1.03908517799072646E-003
   81.875000000000000      -9.58497530327695598E-004
   82.125000000000000      -8.44720300153346923E-004
   82.375000000000000      -6.96522298417136363E-004
   82.625000000000000      -5.13476926294990053E-004
   82.875000000000000      -2.95472354778727195E-004
   83.125000000000000      -4.24332603112786481E-005
   83.375000000000000       2.45697122876108827E-004
   83.625000000000000       5.68860222925094859E-004
   83.875000000000000       9.26832513761746083E-004
   84.125000000000000       1.31922627414653680E-003
   84.375000000000000       1.74535073572227358E-003
   84.625000000000000       2.20369117916796066E-003
   84.875000000000000       2.69094540479874762E-003
   85.125000000000000       3.20092408632611028E-003
   85.375000000000000       3.72400028737224003E-003
   85.625000000000000       4.24795913745848464E-003
   85.875000000000000       4.76086695803099990E-003
   86.125000000000000       5.25589975828858868E-003
   86.375000000000000       5.73710241204657048E-003
   86.625000000000000       6.22413634690553459E-003
   86.875000000000000       6.75354715742631454E-003
   87.125000000000000       7.37400576325451373E-003
   87.375000000000000       8.13321052348446767E-003
   87.625000000000000       9.05508246619306928E-003
   87.875000000000000       1.01094699770294567E-002
   88.125000000000000       1.11855946890240220E-002
   88.375000000000000       1.20931709167415094E-002
   88.625000000000000       1.26169431040305986E-002
   88.875000000000000       1.26205708434849306E-002
   89.125000000000000       1.21449181448686199E-002
   89.375000000000000       1.14339086187744722E-002
   89.625000000000000       1.08818313761705060E-002
   89.875000000000000       1.09614913844256184E-002
   90.125000000000000       1.21735491010737783E-002
   90.375000000000000       1.49505773419774408E-002
   90.625000000000000       1.93274121471381510E-002
   90.875000000000000       2.42897110793080344E-002
   91.125000000000000       2.74946915895621161E-002
   91.375000000000000       2.67267817555202937E-002
   91.625000000000000       2.21863134882314648E-002
   91.875000000000000       1.62624599300977175E-002
   92.125000000000000       1.11756002614244107E-002
   92.375000000000000       7.85924503709979627E-003
   92.625000000000000       6.51860240642657129E-003
   92.875000000000000       7.50415769669105469E-003
   93.125000000000000       1.19542124303074013E-002
   93.375000000000000       2.18920078440953507E-002
   93.625000000000000       3.77731097985637490E-002
   93.875000000000000       5.17962612247412219E-002
   94.125000000000000       5.05243699342949534E-002
   94.375000000000000       3.51263403308619063E-002
   94.625000000000000       1.92790841437860717E-002
   94.875000000000000       9.44949047710894052E-003
   95.125000000000000       4.54738610235794379E-003
   95.375000000000000       2.41008762834651717E-003
   95.625000000000000       1.84024191062817600E-003
   95.875000000000000       2.66882532682969579E-003
   96.125000000000000       5.94125939195884988E-003
   96.375000000000000       1.48600697278918736E-002
   96.625000000000000       3.54934621103550965E-002
   96.875000000000000       6.77024526761108858E-002
   97.125000000000000       8.35711540076154030E-002
   97.375000000000000       6.14169486549528687E-002
   97.625000000000000       3.02195135398376710E-002
   97.875000000000000       1.22559324676194976E-002
   98.125000000000000       4.69331951548721676E-003
   98.375000000000000       1.79386363845715035E-003
   98.625000000000000       7.31637827724148379E-004
   98.875000000000000       4.20687198668935353E-004
   99.125000000000000       5.71731076454172764E-004
   99.375000000000000       1.44980495057139619E-003
   99.625000000000000       4.29046328613989173E-003
   99.875000000000000       1.29523519708299780E-002
   100.12500000000000       3.74737730288958876E-002
   100.37500000000000       8.65451308624688997E-002
   100.62500000000000       0.11869031615526646     
   100.87500000000000       8.41260839973261981E-002
   101.12500000000000       3.58268978904796587E-002
   101.37500000000000       1.23166807197281347E-002
   101.62500000000000       4.05714776185721760E-003
   101.87500000000000       1.33019755482845464E-003
   102.12500000000000       4.36451750202230008E-004
   102.37500000000000       1.43675212511201056E-004
   102.62500000000000       4.76446411826204322E-005
   102.87500000000000       1.60419099561814173E-005
   103.12500000000000       5.56575481520311789E-006
   103.37500000000000       2.03964538728182514E-006
   103.62500000000000       8.16226696096928498E-007
   103.87500000000000       3.67331610658299513E-007
   104.12500000000000       1.87014286659099327E-007
   104.37500000000000       1.05278168938917068E-007
   104.62500000000000       6.32480449190557343E-008
   104.87500000000000       3.93291117311456052E-008
   105.12500000000000       2.48115138024142503E-008
   105.37500000000000       1.57021197546090453E-008
   105.62500000000000       9.90977854406628650E-009
   105.87500000000000       6.21853251487385802E-009
   106.12500000000000       3.87447934847951573E-009
   106.37500000000000       2.39530432967502208E-009
   106.62500000000000       1.46899302389767042E-009
   106.87500000000000       8.93644841602729728E-010
   107.12500000000000       5.39278434784711026E-010
   107.37500000000000       3.22850524655599101E-010
   107.62500000000000       1.91768668891721620E-010
   107.87500000000000       1.13029883716170273E-010
   108.12500000000000       6.61152564819960508E-011
   108.37500000000000       3.83845350727955272E-011
   108.62500000000000       2.21212593742773328E-011
   108.87500000000000       1.26565150998838872E-011
   109.12500000000000       7.18984855195032757E-012
   109.37500000000000       4.05579470039315951E-012
   109.62500000000000       2.27211773825322279E-012
   109.87500000000000       1.26424457597762296E-012
   110.12500000000000       6.98750706219748363E-013
   110.37500000000000       3.83661824471428000E-013
   110.62500000000000       2.09292260458029133E-013
   110.87500000000000       1.13443061556603637E-013
   111.12500000000000       6.11031671786108607E-014
   111.37500000000000       3.27077197591819833E-014
   111.62500000000000       1.74010834684743518E-014
   111.87500000000000       9.20194217778184166E-015
   112.12500000000000       4.83722894575914856E-015
   112.37500000000000       2.52792120590046820E-015
   112.62500000000000       1.31345465671015935E-015
   112.87500000000000       6.78555452094223121E-016
   113.12500000000000       3.48584058256774821E-016
   113.37500000000000       1.78079537049994727E-016
   113.62500000000000       9.04766379861036524E-017
   113.87500000000000       4.57199449422890416E-017
   114.12500000000000       2.29800988191210897E-017
   114.37500000000000       1.14895884278751788E-017
   114.62500000000000       5.71468370597569197E-018
   114.87500000000000       2.82776408370780437E-018
   115.12500000000000       1.39214627182456325E-018
   115.37500000000000       6.81936816975162796E-019
   115.62500000000000       3.32389461102772272E-019
   115.87500000000000       1.61220357416379548E-019
   116.12500000000000       7.78192739814487586E-020
   116.37500000000000       3.73829635208628408E-020
   116.62500000000000       1.78732533737100803E-020
   116.87500000000000       8.50551082092303176E-021
   117.12500000000000       4.02890640124376738E-021
   117.37500000000000       1.89970668620693628E-021
   117.62500000000000       8.91703910743183638E-022
   117.87500000000000       4.16688239569458539E-022
   118.12500000000000       1.93856130781153581E-022
   118.37500000000000       8.97938135463648778E-023
   118.62500000000000       4.14125829735542554E-023
   118.87500000000000       1.90176697064121198E-023
   119.12500000000000       8.69643047823898309E-024
   119.37500000000000       3.96006944850191407E-024
   119.62500000000000       1.79581482799347749E-024
   119.87500000000000       8.11028030467760389E-025
   120.12500000000000       3.64790883289641508E-025
   120.37500000000000       1.63419469238842892E-025
   120.62500000000000       7.29176908329361399E-026
   120.87500000000000       3.24077275242313160E-026
   121.12500000000000       1.43472205218398159E-026
   121.37500000000000       6.32713579570090218E-027
   121.62500000000000       2.77960508949437759E-027
   121.87500000000000       1.21649882046623371E-027
   122.12500000000000       5.30406396045768322E-028
   122.37500000000000       2.30403899771942516E-028
   122.62500000000000       9.97172277662928585E-029
   122.87500000000000       4.29996473449966007E-029
   123.12500000000000       1.84751808819713401E-029
   123.37500000000000       7.90962966590542911E-030
   123.62500000000000       3.37428334202290259E-030
   123.87500000000000       1.43442869050467145E-030
   124.12500000000000       6.07662226309334503E-031
   124.37500000000000       2.56534042417527173E-031
   124.62500000000000       1.07929624488028873E-031
   124.87500000000000       4.52545681175539561E-032
   125.12500000000000       1.89113823700976945E-032
   125.37500000000000       7.87654964454734219E-033
   125.62500000000000       3.26974015561224886E-033
   125.87500000000000       1.35290519054384318E-033
   126.12500000000000       5.57969683214907650E-034
   126.37500000000000       2.29379709637373355E-034
   126.62500000000000       9.39966577516986561E-035
   126.87500000000000       3.83967554056989967E-035
   127.12500000000000       1.56355391191391251E-035
   127.37500000000000       6.34714995708007434E-036
   127.62500000000000       2.56864098105075222E-036
   127.87500000000000       1.03632942405634715E-036
   128.12500000000000       4.16843364163364427E-037
   128.37500000000000       1.67162674453767114E-037
   128.62500000000000       6.68355688683293040E-038
   128.87500000000000       2.66433189181507745E-038
   129.12500000000000       1.05898938514081763E-038
   129.37500000000000       4.19689043642477963E-039
   129.62500000000000       1.65846530747624679E-039
   129.87500000000000       6.53488190304441103E-040
   130.12500000000000       2.56762392712793021E-040
   130.37500000000000       1.00599772443802204E-040
   130.62500000000000       3.93046527732497716E-041
   130.87500000000000       1.53137535562818674E-041
   131.12500000000000       5.95003181293801305E-042
   131.37500000000000       2.30550445623321760E-042
   131.62500000000000       8.90903510749807650E-043
   131.87500000000000       3.43338311588000960E-043
   132.12500000000000       1.31962188393129992E-043
   132.37500000000000       5.05849165139369508E-044
   132.62500000000000       1.93395063700715371E-044
   132.87500000000000       7.37447275585932501E-045
   133.12500000000000       2.80469815853141221E-045
   133.37500000000000       1.06394471722602668E-045
   133.62500000000000       4.02566739106648084E-046
   133.87500000000000       1.51932479712140252E-046
   134.12500000000000       5.71959382761253423E-047
   134.37500000000000       2.14777804716441020E-047
   134.62500000000000       8.04509142030539392E-048
   134.87500000000000       3.00605952659170637E-048
   135.12500000000000       1.12046093712040335E-048
   135.37500000000000       4.16615926890035770E-049
   135.62500000000000       1.54533409632194199E-049
   135.87500000000000       5.71825547145525311E-050
   136.12500000000000       2.11089467443102078E-050
   136.37500000000000       7.77389244107053316E-051
   136.62500000000000       2.85618590933915607E-051
   136.87500000000000       1.04692928022749084E-051
   137.12500000000000       3.82858256615782656E-052
   137.37500000000000       1.39686770254116379E-052
   137.62500000000000       5.08482294524774990E-053
   137.87500000000000       1.84674245379196199E-053
   138.12500000000000       6.69195994581035546E-054
   138.37500000000000       2.41948717893961139E-054
   138.62500000000000       8.72816059016376553E-055
   138.87500000000000       3.14165065105689481E-055
   139.12500000000000       1.12832728173791416E-055
   139.37500000000000       4.04352874164440109E-056
   139.62500000000000       1.44590702796589339E-056
   139.87500000000000       5.15917984771675363E-057
   140.12500000000000       1.83690815244583981E-057
   140.37500000000000       6.52629404371037712E-058
   140.62500000000000       2.31379105078425809E-058
   140.87500000000000       8.18588731116964750E-059
   141.12500000000000       2.88999619258630026E-059
   141.37500000000000       1.01817953173135423E-059
   141.62500000000000       3.57974981979147705E-060
   141.87500000000000       1.25599465746662840E-060
   142.12500000000000       4.39779755595577290E-061
   142.37500000000000       1.53674024972610651E-061
   142.62500000000000       5.35906346287535194E-062
   142.87500000000000       1.86511617926346721E-062
   143.12500000000000       6.47823554572928153E-063
   143.37500000000000       2.24567385282927586E-063
   143.62500000000000       7.76928273291593570E-064
   143.87500000000000       2.68265366303005633E-064
   144.12500000000000       9.24491276786085552E-065
   144.37500000000000       3.17980578689986702E-065
   144.62500000000000       1.09159850177829932E-065
   144.87500000000000       3.74019947603703748E-066
   145.12500000000000       1.27908966541300866E-066
   145.37500000000000       4.36602733391576441E-067
   145.62500000000000       1.48749646870107469E-067
   145.87500000000000       5.05841224560400842E-068
   146.12500000000000       1.71698296278366053E-068
   146.37500000000000       5.81722551363273958E-069
   146.62500000000000       1.96729088105897011E-069
   146.87500000000000       6.64092527138825601E-070
   147.12500000000000       2.23769283610790630E-070
   147.37500000000000       7.52642431880640431E-071
   147.62500000000000       2.52695622817330717E-071
   147.87500000000000       8.46899615326562683E-072
   148.12500000000000       2.83332065257588235E-072
   148.37500000000000       9.46223180550587511E-073
   148.62500000000000       3.15450583360847134E-073
   148.87500000000000       1.04985052796861532E-073
   149.12500000000000       3.48912891697127755E-074
   149.37500000000000       1.16118887696573587E-074
   149.62500000000000       3.96702736670435051E-075
   149.87500000000000       1.68330922323050346E-075
   150.12500000000000       1.68330922323050346E-075
