 -0.12500000000000000       2.45830815868548172E-004
  0.12500000000000000       2.45830815868548172E-004
  0.37500000000000000       2.47005715188476920E-004
  0.62500000000000000       2.51712701917569063E-004
  0.87500000000000000       2.52649383727728330E-004
   1.1250000000000000       2.60364822406106773E-004
   1.3750000000000000       2.66934742715415620E-004
   1.6250000000000000       2.69103396099239700E-004
   1.8750000000000000       2.76211109239601904E-004
   2.1250000000000000       2.85122600351361952E-004
   2.3750000000000000       2.88424683873603595E-004
   2.6250000000000000       2.90565371330263366E-004
   2.8750000000000000       2.97604733780221242E-004
   3.1250000000000000       3.05881521964809246E-004
   3.3750000000000000       3.10199729438225306E-004
   3.6250000000000000       3.13452506891272317E-004
   3.8750000000000000       3.21560530073976497E-004
   4.1250000000000000       3.34360191316018275E-004
   4.3750000000000000       3.46856755989067558E-004
   4.6250000000000000       3.57176530122683012E-004
   4.8750000000000000       3.68920673689834941E-004
   5.1250000000000000       3.85613256173646189E-004
   5.3750000000000000       4.05748482645993367E-004
   5.6250000000000000       4.24673306006462714E-004
   5.8750000000000000       4.40061220479832146E-004
   6.1250000000000000       4.53984086828165855E-004
   6.3750000000000000       4.69692895694434110E-004
   6.6250000000000000       4.87514019686674418E-004
   6.8750000000000000       5.04546768084075431E-004
   7.1250000000000000       5.18035005774156784E-004
   7.3750000000000000       5.28444280231424421E-004
   7.6250000000000000       5.39052912871291730E-004
   7.8750000000000000       5.52898693532924684E-004
   8.1250000000000000       5.70275658058540030E-004
   8.3750000000000000       5.89035081106589016E-004
   8.6250000000000000       6.07036119576371842E-004
   8.8750000000000000       6.24285728972398535E-004
   9.1250000000000000       6.42867801137238888E-004
   9.3750000000000000       6.64934659383747853E-004
   9.6250000000000000       6.90613520893915101E-004
   9.8750000000000000       7.17588100296051427E-004
   10.125000000000000       7.43015053543719453E-004
   10.375000000000000       7.65639031998216826E-004
   10.625000000000000       7.86175881983829138E-004
   10.875000000000000       8.06378012535109733E-004
   11.125000000000000       8.27902202631037210E-004
   11.375000000000000       8.50717063708060712E-004
   11.625000000000000       8.73151147992108005E-004
   11.875000000000000       8.93360752453168619E-004
   12.125000000000000       9.11116572977871755E-004
   12.375000000000000       9.27494322626527335E-004
   12.625000000000000       9.44464973151052799E-004
   12.875000000000000       9.63812811892135967E-004
   13.125000000000000       9.85752794147783887E-004
   13.375000000000000       1.00918063105584770E-003
   13.625000000000000       1.03207778552962437E-003
   13.875000000000000       1.05395190522495599E-003
   14.125000000000000       1.07486556777721667E-003
   14.375000000000000       1.09633239575861337E-003
   14.625000000000000       1.11978280515763581E-003
   14.875000000000000       1.14646405629973704E-003
   15.125000000000000       1.17577650603932341E-003
   15.375000000000000       1.20623079132180038E-003
   15.625000000000000       1.23631127354170245E-003
   15.875000000000000       1.26504479330780692E-003
   16.125000000000000       1.29242977123982059E-003
   16.375000000000000       1.31918710139147539E-003
   16.625000000000000       1.34613566054356910E-003
   16.875000000000000       1.37355647586543512E-003
   17.125000000000000       1.40087426891107600E-003
   17.375000000000000       1.42690699602398847E-003
   17.625000000000000       1.45054739881204735E-003
   17.875000000000000       1.47142047815966505E-003
   18.125000000000000       1.49016242513746967E-003
   18.375000000000000       1.50823926522931158E-003
   18.625000000000000       1.52738684540837887E-003
   18.875000000000000       1.54892970866572191E-003
   19.125000000000000       1.57325795782109110E-003
   19.375000000000000       1.59973725411995007E-003
   19.625000000000000       1.62711133230774630E-003
   19.875000000000000       1.65418354116012435E-003
   20.125000000000000       1.68041646162988222E-003
   20.375000000000000       1.70615107079788463E-003
   20.625000000000000       1.73236947083125732E-003
   20.875000000000000       1.76016161722171438E-003
   21.125000000000000       1.79017461596400122E-003
   21.375000000000000       1.82228509401702408E-003
   21.625000000000000       1.85560255178471236E-003
   21.875000000000000       1.88876714772674812E-003
   22.125000000000000       1.92039536888994689E-003
   22.375000000000000       1.94949127751327888E-003
   22.625000000000000       1.97570668462495333E-003
   22.875000000000000       1.99939797672836744E-003
   23.125000000000000       2.02135689038576011E-003
   23.375000000000000       2.04226788183468856E-003
   23.625000000000000       2.06249736706093758E-003
   23.875000000000000       2.08201356463994132E-003
   24.125000000000000       2.10028547249595807E-003
   24.375000000000000       2.11681715268574296E-003
   24.625000000000000       2.13099834750809071E-003
   24.875000000000000       2.14285692804108436E-003
   25.125000000000000       2.15294099109596560E-003
   25.375000000000000       2.16201336067922776E-003
   25.625000000000000       2.17086671686668453E-003
   25.875000000000000       2.18026067986282733E-003
   26.125000000000000       2.19106999038255323E-003
   26.375000000000000       2.20314447476321071E-003
   26.625000000000000       2.21620857770949385E-003
   26.875000000000000       2.23021191039514399E-003
   27.125000000000000       2.24429689090255378E-003
   27.375000000000000       2.25803835706797889E-003
   27.625000000000000       2.27118085058533115E-003
   27.875000000000000       2.28367182492709552E-003
   28.125000000000000       2.29588903107287448E-003
   28.375000000000000       2.30815908931483738E-003
   28.625000000000000       2.32076330734263614E-003
   28.875000000000000       2.33369947320943632E-003
   29.125000000000000       2.34620671594052647E-003
   29.375000000000000       2.35695245617525365E-003
   29.625000000000000       2.36493878373247954E-003
   29.875000000000000       2.36905348295581193E-003
   30.125000000000000       2.36852666091005599E-003
   30.375000000000000       2.36357316932178652E-003
   30.625000000000000       2.35489560521724576E-003
   30.875000000000000       2.34310158570434591E-003
   31.125000000000000       2.32883386541621112E-003
   31.375000000000000       2.31269795070768126E-003
   31.625000000000000       2.29501163350976809E-003
   31.875000000000000       2.27572489485731782E-003
   32.125000000000000       2.25449558990058110E-003
   32.375000000000000       2.23089501852619457E-003
   32.625000000000000       2.20467456045528570E-003
   32.875000000000000       2.17609762610187748E-003
   33.125000000000000       2.14616129820908953E-003
   33.375000000000000       2.11643166159101526E-003
   33.625000000000000       2.08837532661479679E-003
   33.875000000000000       2.06274178381326157E-003
   34.125000000000000       2.03950209162118449E-003
   34.375000000000000       2.01837555039631770E-003
   34.625000000000000       1.99938934831762113E-003
   34.875000000000000       1.98284688413271053E-003
   35.125000000000000       1.96873660767238334E-003
   35.375000000000000       1.95629810274077854E-003
   35.625000000000000       1.94436468501687013E-003
   35.875000000000000       1.93222603420534905E-003
   36.125000000000000       1.92005153393763790E-003
   36.375000000000000       1.90837419463505916E-003
   36.625000000000000       1.89735200341720070E-003
   36.875000000000000       1.88679508215964945E-003
   37.125000000000000       1.87665477428073453E-003
   37.375000000000000       1.86675896674801350E-003
   37.625000000000000       1.85598714787240130E-003
   37.875000000000000       1.84274473129265458E-003
   38.125000000000000       1.82666445882525143E-003
   38.375000000000000       1.80827841686717356E-003
   38.625000000000000       1.78648593966619900E-003
   38.875000000000000       1.75947624426319978E-003
   39.125000000000000       1.72831941588366569E-003
   39.375000000000000       1.69355469693801522E-003
   39.625000000000000       1.65552213008488859E-003
   39.875000000000000       1.61656654243029735E-003
   40.125000000000000       1.57035698781468115E-003
   40.375000000000000       1.52516792846835473E-003
   40.625000000000000       1.47853261818788810E-003
   40.875000000000000       1.42761968683606153E-003
   41.125000000000000       1.37522647908093400E-003
   41.375000000000000       1.32047955027926622E-003
   41.625000000000000       1.26326376470605535E-003
   41.875000000000000       1.20498195587502338E-003
   42.125000000000000       1.14514258431179148E-003
   42.375000000000000       1.08519830454053938E-003
   42.625000000000000       1.02661497941219058E-003
   42.875000000000000       9.70712182721296412E-004
   43.125000000000000       9.18988448682589052E-004
   43.375000000000000       8.73029425763395886E-004
   43.625000000000000       8.34290973220781101E-004
   43.875000000000000       8.03225009315198428E-004
   44.125000000000000       7.82718348097342790E-004
   44.375000000000000       7.72480054700100329E-004
   44.625000000000000       7.74178706298317724E-004
   44.875000000000000       7.89872401853516340E-004
   45.125000000000000       8.20084500498920632E-004
   45.375000000000000       8.66524783269900681E-004
   45.625000000000000       9.31265738435609123E-004
   45.875000000000000       1.01655503657670579E-003
   46.125000000000000       1.12418710140835872E-003
   46.375000000000000       1.25577467810042767E-003
   46.625000000000000       1.41341836688939609E-003
   46.875000000000000       1.59853049129520127E-003
   47.125000000000000       1.81152511976479403E-003
   47.375000000000000       2.05214156324545630E-003
   47.625000000000000       2.32032617216138253E-003
   47.875000000000000       2.61572696950358643E-003
   48.125000000000000       2.93732180861598071E-003
   48.375000000000000       3.28384609820278096E-003
   48.625000000000000       3.65431603522007806E-003
   48.875000000000000       4.04798100397348211E-003
   49.125000000000000       4.46388213754541924E-003
   49.375000000000000       4.90061587112041678E-003
   49.625000000000000       5.35617604541248002E-003
   49.875000000000000       5.82825036063003375E-003
   50.125000000000000       6.31830253366144710E-003
   50.375000000000000       6.79311910194243390E-003
   50.625000000000000       7.23701687582025115E-003
   50.875000000000000       7.64889811847750331E-003
   51.125000000000000       8.02934168089875812E-003
   51.375000000000000       8.37954826699293526E-003
   51.625000000000000       8.70004279980451239E-003
   51.875000000000000       8.99082230889492080E-003
   52.125000000000000       9.25188741290782109E-003
   52.375000000000000       9.48141657959881458E-003
   52.625000000000000       9.67719028253069546E-003
   52.875000000000000       9.83696456575949146E-003
   53.125000000000000       9.96066194945065091E-003
   53.375000000000000       1.00490806692325133E-002
   53.625000000000000       1.01032731709473321E-002
   53.875000000000000       1.01264169526356761E-002
   54.125000000000000       1.01230529199976289E-002
   54.375000000000000       1.00969242251304787E-002
   54.625000000000000       1.00507739474222976E-002
   54.875000000000000       9.98936461572461597E-003
   55.125000000000000       9.91720890346006051E-003
   55.375000000000000       9.83779126964451876E-003
   55.625000000000000       9.75654177029142491E-003
   55.875000000000000       9.67971803172762782E-003
   56.125000000000000       9.61128926993420375E-003
   56.375000000000000       9.55310338199120458E-003
   56.625000000000000       9.50692480440157132E-003
   56.875000000000000       9.47091714982838118E-003
   57.125000000000000       9.43969962401607771E-003
   57.375000000000000       9.40938751031702818E-003
   57.625000000000000       9.37480924126678043E-003
   57.875000000000000       9.32864667113009367E-003
   58.125000000000000       9.26651871621006658E-003
   58.375000000000000       9.18579285925123952E-003
   58.625000000000000       9.08189547707813870E-003
   58.875000000000000       8.95018322803060352E-003
   59.125000000000000       8.78657723314112647E-003
   59.375000000000000       8.58365211693471429E-003
   59.625000000000000       8.33390890695509881E-003
   59.875000000000000       8.03601678190808688E-003
   60.125000000000000       7.69100881267656498E-003
   60.375000000000000       7.30179968782555724E-003
   60.625000000000000       6.87764817380870103E-003
   60.875000000000000       6.42781718982984168E-003
   61.125000000000000       5.95824814248670665E-003
   61.375000000000000       5.47743163100334815E-003
   61.625000000000000       4.99366031452208332E-003
   61.875000000000000       4.51232306431011750E-003
   62.125000000000000       4.04198137637881792E-003
   62.375000000000000       3.59295871817709661E-003
   62.625000000000000       3.17186072478030942E-003
   62.875000000000000       2.78393864065145475E-003
   63.125000000000000       2.43320049734900307E-003
   63.375000000000000       2.11870768212742968E-003
   63.625000000000000       1.83712080265811275E-003
   63.875000000000000       1.58596873362608945E-003
   64.125000000000000       1.36228630963554473E-003
   64.375000000000000       1.16308717444412314E-003
   64.625000000000000       9.87186635983427303E-004
   64.875000000000000       8.34076136315899650E-004
   65.125000000000000       7.02936700476529245E-004
   65.375000000000000       5.92765633987214486E-004
   65.625000000000000       5.01414815964157617E-004
   65.875000000000000       4.25558836274224817E-004
   66.125000000000000       3.61871688009496480E-004
   66.375000000000000       3.06855748051444493E-004
   66.625000000000000       2.57321956530010552E-004
   66.875000000000000       2.12435671394148605E-004
   67.125000000000000       1.72995730164127490E-004
   67.375000000000000       1.38938328105444768E-004
   67.625000000000000       1.10283225822346894E-004
   67.875000000000000       8.85533056775500215E-005
   68.125000000000000       7.40734561981709215E-005
   68.375000000000000       6.43469363494920661E-005
   68.625000000000000       5.72229484592915084E-005
   68.875000000000000       5.22150714772864520E-005
   69.125000000000000       4.75269324089095681E-005
   69.375000000000000       4.02133549714473669E-005
   69.625000000000000       3.03231631864970276E-005
   69.875000000000000       2.07391998314402601E-005
   70.125000000000000       1.27207655191077970E-005
   70.375000000000000       5.68483790169991807E-006
   70.625000000000000       8.27319659752043873E-007
   70.875000000000000       4.34831512288790234E-007
   71.125000000000000       3.79417203470434094E-006
   71.375000000000000       7.69301281138056498E-006
   71.625000000000000       1.06321817112664366E-005
   71.875000000000000       1.30359323955573755E-005
   72.125000000000000       1.39261888664189355E-005
   72.375000000000000       1.11863213270765963E-005
   72.625000000000000       5.23236969117741988E-006
   72.875000000000000      -7.62179562648294519E-007
   73.125000000000000      -4.66979943034873660E-006
   73.375000000000000      -6.84835351144832180E-006
   73.625000000000000      -7.52240572007928542E-006
   73.875000000000000      -5.40442875838447144E-006
   74.125000000000000       5.94265987965174153E-008
   74.375000000000000       6.99207118948733356E-006
   74.625000000000000       1.28066625876021714E-005
   74.875000000000000       1.63782389475948595E-005
   75.125000000000000       1.76094925838449903E-005
   75.375000000000000       1.61121839874416024E-005
   75.625000000000000       1.16648442605962737E-005
   75.875000000000000       5.36371397808978092E-006
   76.125000000000000      -9.23401868649024302E-007
   76.375000000000000      -6.08346953393604148E-006
   76.625000000000000      -9.82309942280891291E-006
   76.875000000000000      -1.14111273883300427E-005
   77.125000000000000      -9.54364945764839835E-006
   77.375000000000000      -3.92259126029034298E-006
   77.625000000000000       3.76581493774892142E-006
   77.875000000000000       1.10792292973111512E-005
   78.125000000000000       1.67161736223787156E-005
   78.375000000000000       2.07361541353034546E-005
   78.625000000000000       2.32516440174530629E-005
   78.875000000000000       2.36888123387628164E-005
   79.125000000000000       2.15216364216880777E-005
   79.375000000000000       1.71872448974060719E-005
   79.625000000000000       1.18712749587134162E-005
   79.875000000000000       6.65423082420747201E-006
   80.125000000000000       2.29362409681888446E-006
   80.375000000000000      -2.87095487378639249E-007
   80.625000000000000       8.28015656372083274E-008
   80.875000000000000       3.99240177838926456E-006
   81.125000000000000       1.06670171848002337E-005
   81.375000000000000       1.83624764236791685E-005
   81.625000000000000       2.56565726591153855E-005
   81.875000000000000       3.22227260981348623E-005
   82.125000000000000       3.82719711303111158E-005
   82.375000000000000       4.34107561925811000E-005
   82.625000000000000       4.62732719977995165E-005
   82.875000000000000       4.53030917173202177E-005
   83.125000000000000       3.97452977744158900E-005
   83.375000000000000       2.97779355921303494E-005
   83.625000000000000       1.57711707069784621E-005
   83.875000000000000      -2.40014977473903882E-006
   84.125000000000000      -2.52553892833546881E-005
   84.375000000000000      -5.30405527113275325E-005
   84.625000000000000      -8.53054897486146526E-005
   84.875000000000000      -1.21182847399146587E-004
   85.125000000000000      -1.60035051554143734E-004
   85.375000000000000      -2.01795147332493484E-004
   85.625000000000000      -2.46721680460786660E-004
   85.875000000000000      -2.94905937907134915E-004
   86.125000000000000      -3.46055906947206307E-004
   86.375000000000000      -3.99716801661166750E-004
   86.625000000000000      -4.55620525368355433E-004
   86.875000000000000      -5.13765397920237137E-004
   87.125000000000000      -5.74149867102270988E-004
   87.375000000000000      -6.36447602872757955E-004
   87.625000000000000      -6.99953224211538236E-004
   87.875000000000000      -7.63836246917164825E-004
   88.125000000000000      -8.27419383842525934E-004
   88.375000000000000      -8.90147855761801686E-004
   88.625000000000000      -9.51170665784860608E-004
   88.875000000000000      -1.00878104468227528E-003
   89.125000000000000      -1.06009293115080241E-003
   89.375000000000000      -1.10117909140409532E-003
   89.625000000000000      -1.12760343660429506E-003
   89.875000000000000      -1.13506746164956842E-003
   90.125000000000000      -1.11988612476093645E-003
   90.375000000000000      -1.07917278945277224E-003
   90.625000000000000      -1.01080331836763109E-003
   90.875000000000000      -9.13319104818395826E-004
   91.125000000000000      -7.85885320644401169E-004
   91.375000000000000      -6.28304183191689134E-004
   91.625000000000000      -4.40988111851421259E-004
   91.875000000000000      -2.24788501461541606E-004
   92.125000000000000       1.93456706185113098E-005
   92.375000000000000       2.90789884709276335E-004
   92.625000000000000       5.89572118535577742E-004
   92.875000000000000       9.16421770699375792E-004
   93.125000000000000       1.27242035846656548E-003
   93.375000000000000       1.65824382734059122E-003
   93.625000000000000       2.07309781712164409E-003
   93.875000000000000       2.51354389584504010E-003
   94.125000000000000       2.97251008342635289E-003
   94.375000000000000       3.43889148957744360E-003
   94.625000000000000       3.89825174070086624E-003
   94.875000000000000       4.33513068053673414E-003
   95.125000000000000       4.73719959431053578E-003
   95.375000000000000       5.10090548344441230E-003
   95.625000000000000       5.43744512534598875E-003
   95.875000000000000       5.77724075199981344E-003
   96.125000000000000       6.17080799279678092E-003
   96.375000000000000       6.68384641580300858E-003
   96.625000000000000       7.38404988970999682E-003
   96.875000000000000       8.31668011912127698E-003
   97.125000000000000       9.46781125054126788E-003
   97.375000000000000       1.07235597199335734E-002
   97.625000000000000       1.18530124704507977E-002
   97.875000000000000       1.25566406135000242E-002
   98.125000000000000       1.25935944006762383E-002
   98.375000000000000       1.19227373487429383E-002
   98.625000000000000       1.07482763453770076E-002
   98.875000000000000       9.43810482537313367E-003
   99.125000000000000       8.40377542646468696E-003
   99.375000000000000       8.04770981160121864E-003
   99.625000000000000       8.79731771716949981E-003
   99.875000000000000       1.11457995277302602E-002
   100.12500000000000       1.55064576662634485E-002
   100.37500000000000       2.15787891740053389E-002
   100.62500000000000       2.73457134901038401E-002
   100.87500000000000       2.94093120573175118E-002
   101.12500000000000       2.60914752470053010E-002
   101.37500000000000       1.94700823959690975E-002
   101.62500000000000       1.28634175315456810E-002
   101.87500000000000       7.99384060330770793E-003
   102.12500000000000       4.99619566534947445E-003
   102.37500000000000       3.49413020484412281E-003
   102.62500000000000       3.27617674552877413E-003
   102.87500000000000       4.62374704115395014E-003
   103.12500000000000       8.62811946086641107E-003
   103.37500000000000       1.74348627149995446E-002
   103.62500000000000       3.28180867479976254E-002
   103.87500000000000       4.97792917721036621E-002
   104.12500000000000       5.37663507592031423E-002
   104.37500000000000       4.02335765270523671E-002
   104.62500000000000       2.27410225848439819E-002
   104.87500000000000       1.10357969690120586E-002
   105.12500000000000       5.04579277285960737E-003
   105.37500000000000       2.29445437860241463E-003
   105.62500000000000       1.10854955652975058E-003
   105.87500000000000       6.91529071928181373E-004
   106.12500000000000       7.94672482984249556E-004
   106.37500000000000       1.61693630655717832E-003
   106.62500000000000       4.06368776533768718E-003
   106.87500000000000       1.05977218869195994E-002
   107.12500000000000       2.65610405538222877E-002
   107.37500000000000       5.64176657900623407E-002
   107.62500000000000       8.25872093880593294E-002
   107.87500000000000       7.22170539711249893E-002
   108.12500000000000       3.97595803989188243E-002
   108.37500000000000       1.68083449273096833E-002
   108.62500000000000       6.46567602517936820E-003
   108.87500000000000       2.42599187456481093E-003
   109.12500000000000       9.07577571794525697E-004
   109.37500000000000       3.46271037739437977E-004
   109.62500000000000       1.50703175148603517E-004
   109.87500000000000       1.18214762515765918E-004
   110.12500000000000       2.29738828936033504E-004
   110.37500000000000       6.49935350515889240E-004
   110.62500000000000       1.96426022777850462E-003
   110.87500000000000       5.98399030325678059E-003
   111.12500000000000       1.80515260362671785E-002
   111.37500000000000       5.01925469106542371E-002
   111.62500000000000       0.10190370240580422     
   111.87500000000000       0.11445880628003310     
   112.12500000000000       6.75332929855641112E-002
   112.37500000000000       2.61518062462982870E-002
   112.62500000000000       8.78650784852894398E-003
   112.87500000000000       2.88413736411003525E-003
   113.12500000000000       9.43975892127639341E-004
   113.37500000000000       3.08823434298944634E-004
   113.62500000000000       1.01036510729325896E-004
   113.87500000000000       3.30665532284626186E-005
   114.12500000000000       1.08296401849674604E-005
   114.37500000000000       3.55196171064620382E-006
   114.62500000000000       1.16828960306398548E-006
   114.87500000000000       3.86358253390617809E-007
   115.12500000000000       1.29081556684479458E-007
   115.37500000000000       4.39369061739998520E-008
   115.62500000000000       1.54477625534242829E-008
   115.87500000000000       5.72236576251677362E-009
   116.12500000000000       2.28485853886067949E-009
   116.37500000000000       1.00031308818752790E-009
   116.62500000000000       4.80931351967105423E-010
   116.87500000000000       2.50069400597742539E-010
   117.12500000000000       1.37368422069772109E-010
   117.37500000000000       7.79940145461357476E-011
   117.62500000000000       4.50461702992496162E-011
   117.87500000000000       2.61989312824439454E-011
   118.12500000000000       1.52532475278248691E-011
   118.37500000000000       8.86033382233972279E-012
   118.62500000000000       5.12578862894475379E-012
   118.87500000000000       2.95037549425960447E-012
   119.12500000000000       1.68883424598638458E-012
   119.37500000000000       9.61145006474489613E-013
   119.62500000000000       5.43804910626683071E-013
   119.87500000000000       3.05874433754414534E-013
   120.12500000000000       1.71041179832631015E-013
   120.37500000000000       9.50904608156609535E-014
   120.62500000000000       5.25627849629752323E-014
   120.87500000000000       2.88904179503711490E-014
   121.12500000000000       1.57904063589174659E-014
   121.37500000000000       8.58276253497635014E-015
   121.62500000000000       4.63965132780672305E-015
   121.87500000000000       2.49458223668106653E-015
   122.12500000000000       1.33411669166379213E-015
   122.37500000000000       7.09744501205068603E-016
   122.62500000000000       3.75621641658373400E-016
   122.87500000000000       1.97773024271960374E-016
   123.12500000000000       1.03604427095170550E-016
   123.37500000000000       5.40021101908818672E-017
   123.62500000000000       2.80085149162393289E-017
   123.87500000000000       1.44557818793354316E-017
   124.12500000000000       7.42488826071106211E-018
   124.37500000000000       3.79541474983800538E-018
   124.62500000000000       1.93095959041482244E-018
   124.87500000000000       9.77810964106850703E-019
   125.12500000000000       4.92863958677766193E-019
   125.37500000000000       2.47293022549003998E-019
   125.62500000000000       1.23518229904616480E-019
   125.87500000000000       6.14194557736587531E-020
   126.12500000000000       3.04058721487572494E-020
   126.37500000000000       1.49867008614556637E-020
   126.62500000000000       7.35481513097917928E-021
   126.87500000000000       3.59396893143613165E-021
   127.12500000000000       1.74877131591141980E-021
   127.37500000000000       8.47357761749571369E-022
   127.62500000000000       4.08878502441750896E-022
   127.87500000000000       1.96486925721395791E-022
   128.12500000000000       9.40378858014153632E-023
   128.37500000000000       4.48249124969462624E-023
   128.62500000000000       2.12814246233122362E-023
   128.87500000000000       1.00638358628594068E-023
   129.12500000000000       4.74050534604646628E-024
   129.37500000000000       2.22433572825404703E-024
   129.62500000000000       1.03969679218290101E-024
   129.87500000000000       4.84127251091667922E-025
   130.12500000000000       2.24581683338942646E-025
   130.37500000000000       1.03792594756781002E-025
   130.62500000000000       4.77914972614756429E-026
   130.87500000000000       2.19251151422863527E-026
   131.12500000000000       1.00220048919807264E-026
   131.37500000000000       4.56460376845884931E-027
   131.62500000000000       2.07157822607225417E-027
   131.87500000000000       9.36835147098916492E-028
   132.12500000000000       4.22184401890901834E-028
   132.37500000000000       1.89597117651827981E-028
   132.62500000000000       8.48525649923578404E-029
   132.87500000000000       3.78455542306555694E-029
   133.12500000000000       1.68226405928837716E-029
   133.37500000000000       7.45273058168533875E-030
   133.62500000000000       3.29072051984751175E-030
   133.87500000000000       1.44821511797112822E-030
   134.12500000000000       6.35263127396225783E-031
   134.37500000000000       2.77756690815201486E-031
   134.62500000000000       1.21053502800207994E-031
   134.87500000000000       5.25900534401382336E-032
   135.12500000000000       2.27748007620036706E-032
   135.37500000000000       9.83198987580496419E-033
   135.62500000000000       4.23131249403975204E-033
   135.87500000000000       1.81537538413310514E-033
   136.12500000000000       7.76472569772538312E-034
   136.37500000000000       3.31104168044406911E-034
   136.62500000000000       1.40764260934855145E-034
   136.87500000000000       5.96649962304854960E-035
   137.12500000000000       2.52148492385080747E-035
   137.37500000000000       1.06246010247826150E-035
   137.62500000000000       4.46373287770429178E-036
   137.87500000000000       1.86991885348920104E-036
   138.12500000000000       7.81080641031370915E-037
   138.37500000000000       3.25332136626481515E-037
   138.62500000000000       1.35121773736584579E-037
   138.87500000000000       5.59628948108495408E-038
   139.12500000000000       2.31132239827048142E-038
   139.37500000000000       9.51952659414258131E-039
   139.62500000000000       3.90997041172554354E-039
   139.87500000000000       1.60156143465465733E-039
   140.12500000000000       6.54235870183311561E-040
   140.37500000000000       2.66534981117487023E-040
   140.62500000000000       1.08295792709028805E-040
   140.87500000000000       4.38848627636723775E-041
   141.12500000000000       1.77366615464305159E-041
   141.37500000000000       7.14975351607637945E-042
   141.62500000000000       2.87461906631611350E-042
   141.87500000000000       1.15278272788168919E-042
   142.12500000000000       4.61105538273634712E-043
   142.37500000000000       1.83969840788145941E-043
   142.62500000000000       7.32139685968414636E-044
   142.87500000000000       2.90636264063565125E-044
   143.12500000000000       1.15085768030265232E-044
   143.37500000000000       4.54586717781087994E-045
   143.62500000000000       1.79119315931558740E-045
   143.87500000000000       7.04053771420717991E-046
   144.12500000000000       2.76066717244202115E-046
   144.37500000000000       1.07987650681685405E-046
   144.62500000000000       4.21398398684080295E-047
   144.87500000000000       1.64050388036820991E-047
   145.12500000000000       6.37138730650298886E-048
   145.37500000000000       2.46870846804324555E-048
   145.62500000000000       9.54313974525354405E-049
   145.87500000000000       3.68048440433992743E-049
   146.12500000000000       1.41617647256842567E-049
   146.37500000000000       5.43669369464614115E-050
   146.62500000000000       2.08239822581549124E-050
   146.87500000000000       7.95811842381900594E-051
   147.12500000000000       3.03445637644570917E-051
   147.37500000000000       1.15446671734991097E-051
   147.62500000000000       4.38246058063397085E-052
   147.87500000000000       1.65995653006498618E-052
   148.12500000000000       6.27369702176164478E-053
   148.37500000000000       2.36594740115548461E-053
   148.62500000000000       8.90332735572587324E-054
   148.87500000000000       3.34355596208635653E-054
   149.12500000000000       1.25386630610807248E-054
   149.37500000000000       4.71677334594943107E-055
   149.62500000000000       1.83713120143577073E-055
   149.87500000000000       8.92384298045303488E-056
   150.12500000000000       8.92384298045303488E-056
