 -0.12500000000000000       6.28531192005024666E-006
  0.12500000000000000       6.28531192005024666E-006
  0.37500000000000000      -8.54233100337173085E-006
  0.62500000000000000      -6.64398673931394398E-006
  0.87500000000000000       3.18243597964243805E-006
   1.1250000000000000       1.15267095036829876E-005
   1.3750000000000000       1.36337115867027797E-005
   1.6250000000000000       9.42932467442786007E-006
   1.8750000000000000       1.59863058858187418E-006
   2.1250000000000000      -6.45519239992556783E-006
   2.3750000000000000      -1.20088987738354456E-005
   2.6250000000000000      -1.36447491320894966E-005
   2.8750000000000000      -1.12718770414054658E-005
   3.1250000000000000      -5.79504337957663326E-006
   3.3750000000000000       1.34278382633638248E-006
   3.6250000000000000       8.59147041850434277E-006
   3.8750000000000000       1.46148583316102713E-005
   4.1250000000000000       1.84771825044812942E-005
   4.3750000000000000       1.97066197908936235E-005
   4.6250000000000000       1.82661401337265028E-005
   4.8750000000000000       1.44666255702873829E-005
   5.1250000000000000       8.85557849703401578E-006
   5.3750000000000000       2.10364571034985348E-006
   5.6250000000000000      -5.09566393917476315E-006
   5.8750000000000000      -1.20993867406896359E-005
   6.1250000000000000      -1.83654509761718467E-005
   6.3750000000000000      -2.34790688469016836E-005
   6.6250000000000000      -2.71595338212357965E-005
   6.8750000000000000      -2.92525619715284828E-005
   7.1250000000000000      -2.97165368965337265E-005
   7.3750000000000000      -2.85823606980163584E-005
   7.6250000000000000      -2.59562551957936658E-005
   7.8750000000000000      -2.19810304934421441E-005
   8.1250000000000000      -1.68164672333454953E-005
   8.3750000000000000      -1.06246540072761851E-005
   8.6250000000000000      -3.55881233880005289E-006
   8.8750000000000000       4.24387189782165854E-006
   9.1250000000000000       1.26563652611567178E-005
   9.3750000000000000       2.15937689856659884E-005
   9.6250000000000000       3.10411612784787682E-005
   9.8750000000000000       4.09404883391137122E-005
   10.125000000000000       5.12937021543609790E-005
   10.375000000000000       6.21426256879090654E-005
   10.625000000000000       7.35567418432576524E-005
   10.875000000000000       8.56178255075460998E-005
   11.125000000000000       9.83980375273254876E-005
   11.375000000000000       1.11748959812431019E-004
   11.625000000000000       1.26017592587123194E-004
   11.875000000000000       1.41581850366750105E-004
   12.125000000000000       1.58237097064203744E-004
   12.375000000000000       1.75876786227012688E-004
   12.625000000000000       1.95220097521939544E-004
   12.875000000000000       2.16256896611301491E-004
   13.125000000000000       2.38689405070813824E-004
   13.375000000000000       2.63413342795005970E-004
   13.625000000000000       2.90481611895067966E-004
   13.875000000000000       3.20145544556841167E-004
   14.125000000000000       3.52377259905441804E-004
   14.375000000000000       3.87726730213089940E-004
   14.625000000000000       4.26183240142759582E-004
   14.875000000000000       4.68364952343803783E-004
   15.125000000000000       5.14568515633531394E-004
   15.375000000000000       5.65176592580508451E-004
   15.625000000000000       6.20661983674359956E-004
   15.875000000000000       6.81521405044238529E-004
   16.125000000000000       7.48282170345557717E-004
   16.375000000000000       8.21516680433193513E-004
   16.625000000000000       9.01850563188451651E-004
   16.875000000000000       9.89965171979559052E-004
   17.125000000000000       1.08660131850962902E-003
   17.375000000000000       1.19256382418804984E-003
   17.625000000000000       1.30873234421126795E-003
   17.875000000000000       1.43606585398993263E-003
   18.125000000000000       1.57560335580537243E-003
   18.375000000000000       1.72847873058243123E-003
   18.625000000000000       1.89592126599752984E-003
   18.875000000000000       2.07926611556016753E-003
   19.125000000000000       2.27995916828852788E-003
   19.375000000000000       2.49956458822318340E-003
   19.625000000000000       2.73977124229773938E-003
   19.875000000000000       3.00239898721416836E-003
   20.125000000000000       3.28940457435739726E-003
   20.375000000000000       3.60288678782745737E-003
   20.625000000000000       3.94509061187274784E-003
   20.875000000000000       4.31841010228193982E-003
   21.125000000000000       4.72538953721289307E-003
   21.375000000000000       5.16872230557121910E-003
   21.625000000000000       5.65124695282531644E-003
   21.875000000000000       6.17593977843837200E-003
   22.125000000000000       6.74590314121885273E-003
   22.375000000000000       7.36434872006769010E-003
   22.625000000000000       8.03457344939799596E-003
   22.875000000000000       8.75992759239546323E-003
   23.125000000000000       9.54377519046018322E-003
   23.375000000000000       1.03894468287299546E-002
   23.625000000000000       1.13001911298295128E-002
   23.875000000000000       1.22790940015697105E-002
   24.125000000000000       1.33288860186461626E-002
   24.375000000000000       1.44521275052425756E-002
   24.625000000000000       1.56506841478305687E-002
   24.875000000000000       1.69259200005751134E-002
   25.125000000000000       1.82783818631342999E-002
   25.375000000000000       1.97076860993985852E-002
   25.625000000000000       2.12123459602789749E-002
   25.875000000000000       2.27894278523166072E-002
   26.125000000000000       2.44346701351595280E-002
   26.375000000000000       2.61420310581304410E-002
   26.625000000000000       2.79036508516600570E-002
   26.875000000000000       2.97094358909366502E-002
   27.125000000000000       3.15470983748679309E-002
   27.375000000000000       3.34029167214198244E-002
   27.625000000000000       3.52603704682652383E-002
   27.875000000000000       3.71005962232022063E-002
   28.125000000000000       3.89034921903653602E-002
   28.375000000000000       4.06473961985909307E-002
   28.625000000000000       4.23089131789501777E-002
   28.875000000000000       4.38642686808759855E-002
   29.125000000000000       4.52901770991691599E-002
   29.375000000000000       4.65634440524322832E-002
   29.625000000000000       4.76622736990266679E-002
   29.875000000000000       4.85671523873062588E-002
   30.125000000000000       4.92615331309365148E-002
   30.375000000000000       4.97324306484531742E-002
   30.625000000000000       4.99709267016034964E-002
   30.875000000000000       4.99724607734905180E-002
   31.125000000000000       4.97371449336392185E-002
   31.375000000000000       4.92696844268158407E-002
   31.625000000000000       4.85791545286665405E-002
   31.875000000000000       4.76786708099555256E-002
   32.125000000000000       4.65848606022931724E-002
   32.375000000000000       4.53172096177044403E-002
   32.625000000000000       4.38973352416646492E-002
   32.875000000000000       4.23482328168684544E-002
   33.125000000000000       4.06935278419678984E-002
   33.375000000000000       3.89568151075214489E-002
   33.625000000000000       3.71610184699022114E-002
   33.875000000000000       3.53278972020555637E-002
   34.125000000000000       3.34776450366361250E-002
   34.375000000000000       3.16285985390355948E-002
   34.625000000000000       2.97970509824112481E-002
   34.875000000000000       2.79971615975183746E-002
   35.125000000000000       2.62409457178847047E-002
   35.375000000000000       2.45383343108563981E-002
   35.625000000000000       2.28972808870694274E-002
   35.875000000000000       2.13239046866370886E-002
   36.125000000000000       1.98226582406790808E-002
   36.375000000000000       1.83965042836704805E-002
   36.625000000000000       1.70470947283839908E-002
   36.875000000000000       1.57749454731754661E-002
   37.125000000000000       1.45796036369482095E-002
   37.375000000000000       1.34598064955985773E-002
   37.625000000000000       1.24136345514678989E-002
   37.875000000000000       1.14386594980280427E-002
   38.125000000000000       1.05320926616156215E-002
   38.375000000000000       9.69093145992479948E-003
   38.625000000000000       8.91209755709184044E-003
   38.875000000000000       8.19254877026880796E-003
   39.125000000000000       7.52933245223297385E-003
   39.375000000000000       6.91953389761864116E-003
   39.625000000000000       6.36006717944069891E-003
   39.875000000000000       5.84743055970321501E-003
   40.125000000000000       5.35009523111373234E-003
   40.375000000000000       4.91561316816896150E-003
   40.625000000000000       4.51076517302021092E-003
   40.875000000000000       4.13353213577378684E-003
   41.125000000000000       3.78260722767694620E-003
   41.375000000000000       3.45688018046299422E-003
   41.625000000000000       3.15521379291779265E-003
   41.875000000000000       2.87636020499131527E-003
   42.125000000000000       2.61896515906358610E-003
   42.375000000000000       2.38161663540488976E-003
   42.625000000000000       2.16290611038160276E-003
   42.875000000000000       1.96148313709987657E-003
   43.125000000000000       1.77609460490923228E-003
   43.375000000000000       1.60560752267981913E-003
   43.625000000000000       1.44901768611940297E-003
   43.875000000000000       1.30544583336749797E-003
   44.125000000000000       1.17411867432537227E-003
   44.375000000000000       1.05432754242169835E-003
   44.625000000000000       9.45359525670776439E-004
   44.875000000000000       8.46415093786911715E-004
   45.125000000000000       7.56567516541010684E-004
   45.375000000000000       6.74857988076441257E-004
   45.625000000000000       6.00569973770522891E-004
   45.875000000000000       5.33469088993938911E-004
   46.125000000000000       4.73440586554642307E-004
   46.375000000000000       4.19350355806769439E-004
   46.625000000000000       3.69195615739834450E-004
   46.875000000000000       3.24168094607290701E-004
   47.125000000000000       2.85992594714266544E-004
   47.375000000000000       2.46828903425791468E-004
   47.625000000000000       2.17107836099894174E-004
   47.875000000000000       1.87289265536362906E-004
   48.125000000000000       1.59463826670034145E-004
   48.375000000000000       1.38026081082222638E-004
   48.625000000000000       1.18739245483054121E-004
   48.875000000000000       9.94444582696176800E-005
   49.125000000000000       8.24578099753768903E-005
   49.375000000000000       6.95307766871200347E-005
   49.625000000000000       5.91514690646446326E-005
   49.875000000000000       4.88198298416473990E-005
   50.125000000000000       3.82454890234681743E-005
   50.375000000000000       2.98561771367709327E-005
   50.625000000000000       2.46290231357389750E-005
   50.875000000000000       2.15773331779897754E-005
   51.125000000000000       1.90287832643304412E-005
   51.375000000000000       1.59813396730658365E-005
   51.625000000000000       1.24219390280278464E-005
   51.875000000000000       8.86831049007625330E-006
   52.125000000000000       5.82991909729518251E-006
   52.375000000000000       3.55104479696405038E-006
   52.625000000000000       2.01828903243334442E-006
   52.875000000000000       1.07765462995457090E-006
   53.125000000000000       5.43869515065321222E-007
   53.375000000000000       2.60834012897817796E-007
   53.625000000000000       1.19434256827576453E-007
   53.875000000000000       5.24287238377010664E-008
   54.125000000000000       2.21432637712784063E-008
   54.375000000000000       9.02632519951701784E-009
   54.625000000000000       3.56106260808167505E-009
   54.875000000000000       1.36304819086956180E-009
   55.125000000000000       5.07283833478993165E-010
   55.375000000000000       1.83925811925969188E-010
   55.625000000000000       6.50792106408752072E-011
   55.875000000000000       2.25076472773586875E-011
   56.125000000000000       7.61939578655427489E-012
   56.375000000000000       2.52796102229173298E-012
   56.625000000000000       8.22973592295315177E-013
   56.875000000000000       2.63165457786646094E-013
   57.125000000000000       8.27411849781619737E-014
   57.375000000000000       2.56007045102996287E-014
   57.625000000000000       7.80145763515993287E-015
   57.875000000000000       2.34326683769006429E-015
   58.125000000000000       6.94214103655549629E-016
   58.375000000000000       2.02988719850721341E-016
   58.625000000000000       5.86162465446962000E-017
   58.875000000000000       1.67253132784994783E-017
   59.125000000000000       4.71809401783859966E-018
   59.375000000000000       1.31645438028292889E-018
   59.625000000000000       3.63487091546864145E-019
   59.875000000000000       9.93574930451232383E-020
   60.125000000000000       2.68976112365999348E-020
   60.375000000000000       7.21424207686111131E-021
   60.625000000000000       1.91771643933539515E-021
   60.875000000000000       5.05403917986153547E-022
   61.125000000000000       1.32095790883402784E-022
   61.375000000000000       3.42502345138055954E-023
   61.625000000000000       8.81217919079181504E-024
   61.875000000000000       2.25041587496963173E-024
   62.125000000000000       5.70571910527477771E-025
   62.375000000000000       1.43657718423027875E-025
   62.625000000000000       3.59265999253322926E-026
   62.875000000000000       8.92615814906204310E-027
   63.125000000000000       2.20375102225969869E-027
   63.375000000000000       5.40746730320842047E-028
   63.625000000000000       1.31898138056968790E-028
   63.875000000000000       3.19869664535512936E-029
   64.125000000000000       7.71382571963528984E-030
   64.375000000000000       1.85011380157605670E-030
   64.625000000000000       4.41392870308995807E-031
   64.875000000000000       1.04764450304810250E-031
   65.125000000000000       2.47414469916742426E-032
   65.375000000000000       5.81456185752939838E-033
   65.625000000000000       1.36002040853086522E-033
   65.875000000000000       3.16638623069016433E-034
   66.125000000000000       7.33877756247819094E-035
   66.375000000000000       1.69345722619679027E-035
   66.625000000000000       3.89101381953899134E-036
   66.875000000000000       8.90296941305446100E-037
   67.125000000000000       2.02877717924287647E-037
   67.375000000000000       4.60472109570340212E-038
   67.625000000000000       1.04107592534439060E-038
   67.875000000000000       2.34482625871977616E-039
   68.125000000000000       5.26169672286763421E-040
   68.375000000000000       1.17642481302161448E-040
   68.625000000000000       2.62096259634045485E-041
   68.875000000000000       5.81901663282146473E-042
   69.125000000000000       1.28754727954068746E-042
   69.375000000000000       2.83944303371397835E-043
   69.625000000000000       6.24151532277781696E-044
   69.875000000000000       1.36761337097979755E-044
   70.125000000000000       2.98731897290333705E-045
   70.375000000000000       6.50537658111688497E-046
   70.625000000000000       1.41241595574274315E-046
   70.875000000000000       3.05758131415092472E-047
   71.125000000000000       6.59999695495927156E-048
   71.375000000000000       1.42064017383369045E-048
   71.625000000000000       3.04945804203605057E-049
   71.875000000000000       6.52803256843197829E-050
   72.125000000000000       1.39375111147308844E-050
   72.375000000000000       2.96792508820998494E-051
   72.625000000000000       6.30385679673742169E-052
   72.875000000000000       1.33556717504357222E-052
   73.125000000000000       2.82260981110569486E-053
   73.375000000000000       5.95087503212796712E-054
   73.625000000000000       1.25162523816105809E-054
   73.875000000000000       2.62633064110897609E-055
   74.125000000000000       5.49824020235006734E-056
   74.375000000000000       1.14845602786172184E-056
   74.625000000000000       2.39352551925135312E-057
   74.875000000000000       4.97749704777860406E-058
   75.125000000000000       1.03287798476078103E-058
   75.375000000000000       2.13878673128547520E-059
   75.625000000000000       4.41958391497759312E-060
   75.875000000000000       9.11392264911566309E-061
   76.125000000000000       1.87565768496916585E-061
   76.375000000000000       3.85247643770396610E-062
   76.625000000000000       7.89729031261746957E-063
   76.875000000000000       1.61577586720150091E-063
   77.125000000000000       3.29960467242462774E-064
   77.375000000000000       6.72563115215293347E-065
   77.625000000000000       1.36838022229225750E-065
   77.875000000000000       2.77904198747192782E-066
   78.125000000000000       5.63390726167942776E-067
   78.375000000000000       1.14014991623504071E-067
   78.625000000000000       2.30336654972569232E-068
   78.875000000000000       4.64540812113809168E-069
   79.125000000000000       9.35308889793632338E-070
   79.375000000000000       1.88003970575475794E-070
   79.625000000000000       3.77285333794073338E-071
   79.875000000000000       7.55916302006025507E-072
   80.125000000000000       1.51212645180379784E-072
   80.375000000000000       3.02010910453672278E-073
   80.625000000000000       6.02263553541835660E-074
   80.875000000000000       1.19919294357828516E-074
   81.125000000000000       2.38417971492286598E-075
   81.375000000000000       4.73309341481827300E-076
   81.625000000000000       9.38244147260970987E-077
   81.875000000000000       1.85720443272198153E-077
   82.125000000000000       3.67100355095448350E-078
   82.375000000000000       7.24601386278791550E-079
   82.625000000000000       1.42827104952555021E-079
   82.875000000000000       2.81142768729166930E-080
   83.125000000000000       5.52656844637718290E-081
   83.375000000000000       1.08493552418529494E-081
   83.625000000000000       2.12705779270279304E-082
   83.875000000000000       4.16474806167284945E-083
   84.125000000000000       8.14402739350414838E-084
   84.375000000000000       1.59051434356004735E-084
   84.625000000000000       3.10234807448458043E-085
   84.875000000000000       6.04372356148683469E-086
   85.125000000000000       1.17594291314217484E-086
   85.375000000000000       2.28529246044831183E-087
   85.625000000000000       4.43585598196483393E-088
   85.875000000000000       8.60001639146508191E-089
   86.125000000000000       1.66537977610086315E-089
   86.375000000000000       3.22125662997038068E-090
   86.625000000000000       6.22359258725028848E-091
   86.875000000000000       1.20106477274909810E-091
   87.125000000000000       2.31529696084030887E-092
   87.375000000000000       4.45828087485190768E-093
   87.625000000000000       8.57539154844384554E-094
   87.875000000000000       1.64767504194545217E-094
   88.125000000000000       3.16246268419070775E-095
   88.375000000000000       6.06346086138981025E-096
   88.625000000000000       1.16134716137417271E-096
   88.875000000000000       2.22205481951967505E-097
   89.125000000000000       4.24720790619155333E-098
   89.375000000000000       8.10985443929710464E-099
   89.625000000000000       1.54699192263951168E-099
   89.875000000000000       2.94803791431057112E-100
   90.125000000000000       5.61245176971632568E-101
   90.375000000000000       1.06745887065642187E-101
   90.625000000000000       2.02830382755820933E-102
   90.875000000000000       3.85037021502412609E-103
   91.125000000000000       7.30236952768756632E-104
   91.375000000000000       1.38363363778583583E-104
   91.625000000000000       2.61925927084055491E-105
   91.875000000000000       4.95381699909314247E-106
   92.125000000000000       9.36072474092757663E-107
   92.375000000000000       1.76722126631858117E-107
   92.625000000000000       3.33340554788082321E-108
   92.875000000000000       6.28210109314033855E-109
   93.125000000000000       1.18289158818519450E-109
   93.375000000000000       2.22541944072149394E-110
   93.625000000000000       4.18320669138797251E-111
   93.875000000000000       7.85671186647194218E-112
   94.125000000000000       1.47438151571236042E-112
   94.375000000000000       2.76452114411867019E-113
   94.625000000000000       5.17933889728261981E-114
   94.875000000000000       9.69563936622794951E-115
   95.125000000000000       1.81355017889550178E-115
   95.375000000000000       3.38951013946418280E-116
   95.625000000000000       6.32997110301969361E-117
   95.875000000000000       1.18120993598448800E-117
   96.125000000000000       2.20250107376771421E-118
   96.375000000000000       4.10366494172058060E-119
   96.625000000000000       7.64007105873384142E-120
   96.875000000000000       1.42133224284872980E-120
   97.125000000000000       2.64222288825012536E-121
   97.375000000000000       4.90819500170246500E-122
   97.625000000000000       9.11077932193187959E-123
   97.875000000000000       1.68994826707598509E-123
   98.125000000000000       3.13240726070093569E-124
   98.375000000000000       5.80193273775391392E-125
   98.625000000000000       1.07388926877412509E-125
   98.875000000000000       1.98628385690260482E-126
   99.125000000000000       3.67130729482524690E-127
   99.375000000000000       6.78110323529695486E-128
   99.625000000000000       1.25164945792862058E-128
   99.875000000000000       2.30871501558298153E-129
   100.12500000000000       4.25564772049314106E-130
   100.37500000000000       7.83918996751134732E-131
   100.62500000000000       1.44307630774566500E-131
   100.87500000000000       2.65474232867584869E-132
   101.12500000000000       4.88059502369666095E-133
   101.37500000000000       8.96690999905343020E-134
   101.62500000000000       1.64639780274489790E-134
   101.87500000000000       3.02100144992474285E-135
   102.12500000000000       5.53979264313451207E-136
   102.37500000000000       1.01523061678292113E-136
   102.62500000000000       1.85937376876112985E-137
   102.87500000000000       3.40331098742146077E-138
   103.12500000000000       6.22546268168315785E-139
   103.37500000000000       1.13809571355908326E-139
   103.62500000000000       2.07933834920137329E-140
   103.87500000000000       3.79675699974960641E-141
   104.12500000000000       6.92857177716432522E-142
   104.37500000000000       1.26362994424718596E-142
   104.62500000000000       2.30326195548817845E-143
   104.87500000000000       4.19581121005273947E-144
   105.12500000000000       7.63905509541511346E-145
   105.37500000000000       1.39000492829587229E-145
   105.62500000000000       2.52783024124049436E-146
   105.87500000000000       4.59447812466298140E-147
   106.12500000000000       8.34608911060401552E-148
   106.37500000000000       1.51527060917041445E-148
   106.62500000000000       2.74953669485497232E-149
   106.87500000000000       4.98646463386967203E-150
   107.12500000000000       9.03840114618628006E-151
   107.37500000000000       1.63741155620506398E-151
   107.62500000000000       2.96478471113769191E-152
   107.87500000000000       5.36536447880610144E-153
   108.12500000000000       9.70460173347429926E-154
   108.37500000000000       1.75440666902906010E-154
   108.62500000000000       3.16999453278265668E-155
   108.87500000000000       5.72484925790109726E-156
   109.12500000000000       1.03335248067456118E-156
   109.37500000000000       1.86428959973975370E-157
   109.62500000000000       3.36171026846523299E-158
   109.87500000000000       6.05885744756543422E-159
   110.12500000000000       1.09145606276587083E-159
   110.37500000000000       1.96520722560237596E-160
   110.62500000000000       3.53670229582580266E-161
   110.87500000000000       6.36177321479774355E-162
   111.12500000000000       1.14379670833808010E-162
   111.37500000000000       2.05547367550027546E-163
   111.62500000000000       3.69206072398307611E-164
   111.87500000000000       6.62858755914575642E-165
   112.12500000000000       1.18951465380949547E-165
   112.37500000000000       2.13361771753637696E-166
   112.62500000000000       3.82527618351775798E-167
   112.87500000000000       6.85503546397975533E-168
   113.12500000000000       1.22788775941891609E-168
   113.37500000000000       2.19842172605713103E-169
   113.62500000000000       3.93430498122856989E-170
   113.87500000000000       7.03770416743502601E-171
   114.12500000000000       1.25834937618359358E-171
   114.37500000000000       2.24895093166682718E-172
   114.62500000000000       4.01761654347212893E-173
   114.87500000000000       7.17410927474135065E-174
   115.12500000000000       1.28050039508844164E-174
   115.37500000000000       2.28457218288030250E-175
   115.62500000000000       4.07422201367436900E-176
   115.87500000000000       7.26273711597587237E-177
   116.12500000000000       1.29411526923771722E-177
   116.37500000000000       2.30496197864808833E-178
   116.62500000000000       4.10368380655040782E-179
   116.87500000000000       7.30305340167723637E-180
   117.12500000000000       1.29914208863829356E-180
   117.37500000000000       2.31010403557698600E-181
   117.62500000000000       4.10610679947701758E-182
   117.87500000000000       7.29547975039869970E-183
   118.12500000000000       1.29569705000166107E-183
   118.37500000000000       2.30027710545363436E-184
   118.62500000000000       4.08211261515792940E-185
   118.87500000000000       7.24134098151590944E-186
   119.12500000000000       1.28405388786797677E-186
   119.37500000000000       2.27603413688503328E-187
   119.62500000000000       4.03279908519142665E-188
   119.87500000000000       7.14278712826761644E-189
   120.12500000000000       1.26462900961860604E-189
   120.37500000000000       2.23817416548252643E-190
   120.62500000000000       3.95968745954944584E-191
   120.87500000000000       7.00269489673047723E-192
   121.12500000000000       1.23796320058974024E-192
   121.37500000000000       2.18770851291434173E-193
   121.62500000000000       3.86466023263893453E-194
   121.87500000000000       6.82455376424155386E-195
   122.12500000000000       1.20470083530764997E-195
   122.37500000000000       2.12582297573433407E-196
   122.62500000000000       3.74989259417095515E-197
   122.87500000000000       6.61234208321606167E-198
   123.12500000000000       1.16556754896495634E-198
   123.37500000000000       2.05383769528699205E-199
   123.62500000000000       3.61778049388798642E-200
   123.87500000000000       6.37039845739023165E-201
   124.12500000000000       1.12134729455284749E-201
   124.37500000000000       1.97316632996434326E-202
   124.62500000000000       3.47086815240081673E-203
   124.87500000000000       6.10329332404256724E-204
   125.12500000000000       1.07285964255459534E-204
   125.37500000000000       1.88527601382243001E-205
   125.62500000000000       3.31177758054000646E-206
   125.87500000000000       5.81570515320462301E-207
   126.12500000000000       1.02093808015415182E-207
   126.37500000000000       1.79164939633142671E-208
   126.62500000000000       3.14314231448467910E-209
   126.87500000000000       5.51230501341125834E-210
   127.12500000000000       9.66409944537056485E-211
   127.37500000000000       1.69374983297444944E-211
   127.62500000000000       2.96754716225891856E-212
   127.87500000000000       5.19765250421455075E-213
   128.12500000000000       9.10078489085060197E-214
   128.37500000000000       1.59299055142013594E-214
   128.62500000000000       2.78747531686892758E-215
   128.87500000000000       4.87610526723872766E-216
   129.12500000000000       8.52707440579795674E-217
   129.37500000000000       1.49070836780392274E-217
   129.62500000000000       2.60526374786119411E-218
   129.87500000000000       4.55174350385794204E-219
   130.12500000000000       7.95008267463745830E-220
   130.37500000000000       1.38814228513458327E-220
   130.62500000000000       2.42306735833208371E-221
   130.87500000000000       4.22831018580551079E-222
   131.12500000000000       7.37630250035214672E-223
   131.37500000000000       1.28641708154601527E-223
   131.62500000000000       2.24283200605990738E-224
   131.87500000000000       3.90916697453800273E-225
   132.12500000000000       6.81153328036672632E-226
   132.37500000000000       1.18653179802841381E-226
   132.62500000000000       2.06627614850578107E-227
   132.87500000000000       3.59726528711085691E-228
   133.12500000000000       6.26083602824933034E-229
   133.37500000000000       1.08935286878581239E-229
   133.62500000000000       1.89488059038984342E-230
   133.87500000000000       3.29513147372289947E-231
   134.12500000000000       5.72851292162704413E-232
   134.37500000000000       9.95611505392939430E-233
   134.62500000000000       1.72988559354115813E-233
   134.87500000000000       3.00486471054216097E-234
   135.12500000000000       5.21810876330747781E-235
   135.37500000000000       9.05904849159008074E-236
   135.62500000000000       1.57229445208380194E-236
   135.87500000000000       2.72814596001938653E-237
   136.12500000000000       4.73243134307942931E-238
   136.37500000000000       8.20700343368408685E-239
   136.62500000000000       1.42288253893082717E-239
   136.87500000000000       2.46625620338615897E-240
   137.12500000000000       4.27358746891215269E-241
   137.37500000000000       7.40342745692417950E-242
   137.62500000000000       1.28221078672390252E-242
   137.87500000000000       2.22010209612548279E-243
   138.12500000000000       3.84303137853093979E-244
   138.37500000000000       6.65063197307124692E-245
   138.62500000000000       1.15064257075176929E-245
   138.87500000000000       1.99024722381808885E-246
   139.12500000000000       3.44162232146791531E-247
   139.37500000000000       5.94989784680383421E-248
   139.62500000000000       1.02836300492412479E-248
   139.87500000000000       1.77694722824585295E-249
   140.12500000000000       3.06968829119832032E-250
   140.37500000000000       5.30159067846024756E-251
   140.62500000000000       9.15399736050520104E-252
   140.87500000000000       1.58018721678396846E-252
   141.12500000000000       2.72709315988425751E-253
   141.37500000000000       4.70528100487893806E-254
   141.62500000000000       8.11644418042510382E-255
   141.87500000000000       1.39972004709878448E-255
   142.12500000000000       2.41330479853784821E-256
   142.37500000000000       4.15986527759311505E-257
   142.62500000000000       7.16874158288011480E-258
   142.87500000000000       1.23510428019551580E-258
   143.12500000000000       2.12746212917150682E-259
   143.37500000000000       3.66368413331127566E-260
   143.62500000000000       6.30772346212466845E-261
   143.87500000000000       1.08574080567643581E-261
   144.12500000000000       1.86843943171930811E-262
   144.37500000000000       3.21463514103104396E-263
   144.62500000000000       5.52948392822135258E-264
   144.87500000000000       9.50907353276345281E-265
   145.12500000000000       1.63490659957317152E-265
   145.37500000000000       2.81027786354039362E-266
   145.62500000000000       4.82956024814048223E-267
   145.87500000000000       8.29790305941834258E-268
   146.12500000000000       1.42538438945260378E-268
   146.37500000000000       2.44792968511325741E-269
   146.62500000000000       4.20309883766571843E-270
   146.87500000000000       7.21513415533800111E-271
   147.12500000000000       1.23829403354669923E-271
   147.37500000000000       2.12475141482002996E-272
   147.62500000000000       3.64500277223447821E-273
   147.87500000000000       6.25163188197928177E-274
   148.12500000000000       1.07200086731148695E-274
   148.37500000000000       1.83782216497809399E-275
   148.62500000000000       3.15006013555792496E-276
   148.87500000000000       5.39810917993625314E-277
   149.12500000000000       9.24855854986591641E-278
   149.37500000000000       1.58443630365175324E-278
   149.62500000000000       2.72666306347765311E-279
   149.87500000000000       5.44051644208356599E-280
   150.12500000000000       5.44051644208356599E-280
