 -0.12500000000000000      -1.74173532853810968E-006
  0.12500000000000000      -1.74173532853810968E-006
  0.37500000000000000       5.26161630208959046E-006
  0.62500000000000000       4.11794540594339158E-007
  0.87500000000000000      -4.99202416376900544E-006
   1.1250000000000000      -1.26588181882711172E-006
   1.3750000000000000       5.05182494254332898E-006
   1.6250000000000000       5.64316089598268416E-006
   1.8750000000000000       4.28333920317823177E-007
   2.1250000000000000      -4.71702097774187812E-006
   2.3750000000000000      -4.96331137806620490E-006
   2.6250000000000000      -4.07112457717005465E-007
   2.8750000000000000       5.08152006628596014E-006
   3.1250000000000000       7.48690500690088053E-006
   3.3750000000000000       5.46156054350958779E-006
   3.6250000000000000       7.33921148515422439E-007
   3.8750000000000000      -3.47006641656884929E-006
   4.1250000000000000      -4.54555096849527388E-006
   4.3750000000000000      -1.85749202882826406E-006
   4.6250000000000000       3.20831156007510499E-006
   4.8750000000000000       8.21993662897163420E-006
   5.1250000000000000       1.10045331471806902E-005
   5.3750000000000000       1.06134056521441536E-005
   5.6250000000000000       7.59044099334950881E-006
   5.8750000000000000       3.56417988716048701E-006
   6.1250000000000000       4.61646012922438091E-007
   6.3750000000000000      -2.77784957997639559E-007
   6.6250000000000000       1.80878122880669219E-006
   6.8750000000000000       6.14436741886491652E-006
   7.1250000000000000       1.14189981905725484E-005
   7.3750000000000000       1.61016629212119946E-005
   7.6250000000000000       1.89758416997036864E-005
   7.8750000000000000       1.94970322152243099E-005
   8.1250000000000000       1.78962033143344601E-005
   8.3750000000000000       1.50459924711874246E-005
   8.6250000000000000       1.21532705851478349E-005
   8.8750000000000000       1.03995362245852001E-005
   9.1250000000000000       1.06289328377585498E-005
   9.3750000000000000       1.31357479380172849E-005
   9.6250000000000000       1.76403753559587280E-005
   9.8750000000000000       2.34859383914495330E-005
   10.125000000000000       2.97934116973482513E-005
   10.375000000000000       3.56559172030911502E-005
   10.625000000000000       4.03263743147383438E-005
   10.875000000000000       4.33650328639082998E-005
   11.125000000000000       4.48580576547878414E-005
   11.375000000000000       4.53760553893756428E-005
   11.625000000000000       4.54653958143265045E-005
   11.875000000000000       4.57574961789740563E-005
   12.125000000000000       4.73721465513869382E-005
   12.375000000000000       5.10788531368291344E-005
   12.625000000000000       5.65677498242029135E-005
   12.875000000000000       6.40696137409854280E-005
   13.125000000000000       7.38197021930362264E-005
   13.375000000000000       8.49378837237621949E-005
   13.625000000000000       9.69810901277783809E-005
   13.875000000000000       1.09410428231242646E-004
   14.125000000000000       1.21818354363918368E-004
   14.375000000000000       1.33700860195642876E-004
   14.625000000000000       1.45112808167947442E-004
   14.875000000000000       1.56130176504557834E-004
   15.125000000000000       1.67176892200177236E-004
   15.375000000000000       1.78796026826297369E-004
   15.625000000000000       1.91496635294164698E-004
   15.875000000000000       2.05813477402657231E-004
   16.125000000000000       2.22291047969620602E-004
   16.375000000000000       2.41418846205111325E-004
   16.625000000000000       2.63573442717503789E-004
   16.875000000000000       2.88985672150107503E-004
   17.125000000000000       3.17729143929916373E-004
   17.375000000000000       3.49731389849829329E-004
   17.625000000000000       3.84804033090962625E-004
   17.875000000000000       4.22692522702615360E-004
   18.125000000000000       4.63133720459060424E-004
   18.375000000000000       5.05899075921987639E-004
   18.625000000000000       5.50833366213501394E-004
   18.875000000000000       5.97877392880403796E-004
   19.125000000000000       6.47077743148817791E-004
   19.375000000000000       6.98584513549967883E-004
   19.625000000000000       7.52640451216470387E-004
   19.875000000000000       8.09564246776919567E-004
   20.125000000000000       8.69729892994897504E-004
   20.375000000000000       9.33543826615751112E-004
   20.625000000000000       1.00142124621316222E-003
   20.875000000000000       1.07376289452024956E-003
   21.125000000000000       1.15093361901712687E-003
   21.375000000000000       1.23324371906776797E-003
   21.625000000000000       1.32093329286908016E-003
   21.875000000000000       1.41415886232045874E-003
   22.125000000000000       1.51298129429891124E-003
   22.375000000000000       1.61735608959792210E-003
   22.625000000000000       1.72713047645743287E-003
   22.875000000000000       1.84205090248802769E-003
   23.125000000000000       1.96177794303329560E-003
   23.375000000000000       2.08589559693216769E-003
   23.625000000000000       2.21390221025853087E-003
   23.875000000000000       2.34531401247699408E-003
   24.125000000000000       2.47958665911068811E-003
   24.375000000000000       2.61613291932632532E-003
   24.625000000000000       2.75441492632261644E-003
   24.875000000000000       2.89383878907398077E-003
   25.125000000000000       3.03384347855265328E-003
   25.375000000000000       3.17377649807416146E-003
   25.625000000000000       3.31313300597449586E-003
   25.875000000000000       3.45144808909132001E-003
   26.125000000000000       3.58827564645358959E-003
   26.375000000000000       3.72307193969714095E-003
   26.625000000000000       3.85518564463566225E-003
   26.875000000000000       3.98448534346223984E-003
   27.125000000000000       4.11049491629079423E-003
   27.375000000000000       4.23258732800391429E-003
   27.625000000000000       4.35052179094271973E-003
   27.875000000000000       4.46426173430792845E-003
   28.125000000000000       4.57353877040432653E-003
   28.375000000000000       4.67786843258456882E-003
   28.625000000000000       4.77739027008573097E-003
   28.875000000000000       4.87237458999840046E-003
   29.125000000000000       4.96270341025196147E-003
   29.375000000000000       5.04855489631241688E-003
   29.625000000000000       5.13034730893656334E-003
   29.875000000000000       5.20837824606993401E-003
   30.125000000000000       5.28289348500968724E-003
   30.375000000000000       5.35421660802601600E-003
   30.625000000000000       5.42274684311838413E-003
   30.875000000000000       5.48888354940823761E-003
   31.125000000000000       5.55291986993338999E-003
   31.375000000000000       5.61504390554626136E-003
   31.625000000000000       5.67544210989214155E-003
   31.875000000000000       5.73432560536721921E-003
   32.125000000000000       5.79192304105739970E-003
   32.375000000000000       5.84847420124442064E-003
   32.625000000000000       5.90420798726142091E-003
   32.875000000000000       5.95931258100118599E-003
   33.125000000000000       6.01391507232453253E-003
   33.375000000000000       6.06806687571308494E-003
   33.625000000000000       6.12176911377434931E-003
   33.875000000000000       6.17501052411068008E-003
   34.125000000000000       6.22779902880643381E-003
   34.375000000000000       6.28019416354623494E-003
   34.625000000000000       6.33232782888384135E-003
   34.875000000000000       6.38440142445297586E-003
   35.125000000000000       6.43665492403308875E-003
   35.375000000000000       6.48931336125031007E-003
   35.625000000000000       6.54252888128476189E-003
   35.875000000000000       6.59634606020672188E-003
   36.125000000000000       6.65071298187462547E-003
   36.375000000000000       6.70554962924885256E-003
   36.625000000000000       6.76085574414689739E-003
   36.875000000000000       6.81680598553087089E-003
   37.125000000000000       6.87376534207278112E-003
   37.375000000000000       6.93218222908359265E-003
   37.625000000000000       6.99238651962629226E-003
   37.875000000000000       7.05441143219638547E-003
   38.125000000000000       7.11800301992972402E-003
   38.375000000000000       7.18290646266706630E-003
   38.625000000000000       7.24929613105437538E-003
   38.875000000000000       7.31795581043721572E-003
   39.125000000000000       7.38979313389961662E-003
   39.375000000000000       7.46492155930859359E-003
   39.625000000000000       7.54185885921819250E-003
   39.875000000000000       7.62174095607344015E-003
   40.125000000000000       7.70996015897747623E-003
   40.375000000000000       7.80038279908846187E-003
   40.625000000000000       7.89608679541199156E-003
   40.875000000000000       7.99867268100464338E-003
   41.125000000000000       8.10947408559793519E-003
   41.375000000000000       8.22924218486812548E-003
   41.625000000000000       8.35873325212558617E-003
   41.875000000000000       8.49908443894748303E-003
   42.125000000000000       8.65172440768482466E-003
   42.375000000000000       8.81813789119676762E-003
   42.625000000000000       8.99988719227462833E-003
   42.875000000000000       9.19893093349770721E-003
   43.125000000000000       9.41780905437652333E-003
   43.375000000000000       9.65933115334281951E-003
   43.625000000000000       9.92624482755958756E-003
   43.875000000000000       1.02218183827301676E-002
   44.125000000000000       1.05508421801418211E-002
   44.375000000000000       1.09189688243013436E-002
   44.625000000000000       1.13310308152437759E-002
   44.875000000000000       1.17926305905133640E-002
   45.125000000000000       1.23124691507450652E-002
   45.375000000000000       1.28981129093348554E-002
   45.625000000000000       1.35573992327430119E-002
   45.875000000000000       1.43044087664380235E-002
   46.125000000000000       1.51474567870157999E-002
   46.375000000000000       1.61036423757063320E-002
   46.625000000000000       1.71827139717929712E-002
   46.875000000000000       1.84032045326019689E-002
   47.125000000000000       1.97722491236479447E-002
   47.375000000000000       2.13053854994394165E-002
   47.625000000000000       2.30087753505019144E-002
   47.875000000000000       2.48842641731776698E-002
   48.125000000000000       2.69347258778243163E-002
   48.375000000000000       2.91530097760671035E-002
   48.625000000000000       3.15220726506901597E-002
   48.875000000000000       3.40186447748272516E-002
   49.125000000000000       3.66085858338870626E-002
   49.375000000000000       3.92428560555404538E-002
   49.625000000000000       4.18582232843573987E-002
   49.875000000000000       4.43829086365384526E-002
   50.125000000000000       4.71064680814762132E-002
   50.375000000000000       5.00560211738973262E-002
   50.625000000000000       5.28047148504380906E-002
   50.875000000000000       5.53223821433136836E-002
   51.125000000000000       5.75704702426781817E-002
   51.375000000000000       5.95043337849819956E-002
   51.625000000000000       6.10784982096542889E-002
   51.875000000000000       6.22206843315588481E-002
   52.125000000000000       6.28441507991246151E-002
   52.375000000000000       6.28773145846979464E-002
   52.625000000000000       6.22085095727432716E-002
   52.875000000000000       6.05396054000673992E-002
   53.125000000000000       5.73116302447249787E-002
   53.375000000000000       5.20133092941535494E-002
   53.625000000000000       4.47938195233418893E-002
   53.875000000000000       3.66375938230128623E-002
   54.125000000000000       2.87825759067957127E-002
   54.375000000000000       2.20604773125474656E-002
   54.625000000000000       1.67326161154975582E-002
   54.875000000000000       1.26852982740347838E-002
   55.125000000000000       9.66383751327174779E-003
   55.375000000000000       7.41275942054266807E-003
   55.625000000000000       5.72736407741816431E-003
   55.875000000000000       4.45636632963410106E-003
   56.125000000000000       3.48941437701801027E-003
   56.375000000000000       2.74632999377573796E-003
   56.625000000000000       2.17015317601811607E-003
   56.875000000000000       1.72097838622219091E-003
   57.125000000000000       1.36980257399173136E-003
   57.375000000000000       1.09405387915601838E-003
   57.625000000000000       8.75775464012955307E-004
   57.875000000000000       7.01417653509646974E-004
   58.125000000000000       5.61515592310538243E-004
   58.375000000000000       4.49534309259662335E-004
   58.625000000000000       3.60403631155854168E-004
   58.875000000000000       2.89578464424085640E-004
   59.125000000000000       2.32915869087986028E-004
   59.375000000000000       1.87020282858897148E-004
   59.625000000000000       1.49518665403936175E-004
   59.875000000000000       1.18975937464414343E-004
   60.125000000000000       9.45167091384079081E-005
   60.375000000000000       7.54042041852128847E-005
   60.625000000000000       6.07877150941360587E-005
   60.875000000000000       4.96769335692759248E-005
   61.125000000000000       4.10691913290301027E-005
   61.375000000000000       3.41094822746719749E-005
   61.625000000000000       2.81928273282773894E-005
   61.875000000000000       2.29783229987809767E-005
   62.125000000000000       1.83333969524758898E-005
   62.375000000000000       1.42479229460218471E-005
   62.625000000000000       1.07541788902952458E-005
   62.875000000000000       7.87274253164837602E-006
   63.125000000000000       5.58809134564052395E-006
   63.375000000000000       3.84722786822714466E-006
   63.625000000000000       2.57106276346280521E-006
   63.875000000000000       1.66950605742370866E-006
   64.125000000000000       1.05451011310403976E-006
   64.375000000000000       6.48624456283777754E-007
   64.625000000000000       3.88959872897416766E-007
   64.875000000000000       2.27646010003368950E-007
   65.125000000000000       1.30170836453186127E-007
   65.375000000000000       7.27942887603962956E-008
   65.625000000000000       3.98490825636762807E-008
   65.875000000000000       2.13727416809495351E-008
   66.125000000000000       1.12404405987078462E-008
   66.375000000000000       5.80130747603379970E-009
   66.625000000000000       2.94039332695958864E-009
   66.875000000000000       1.46460384088583747E-009
   67.125000000000000       7.17381756891208283E-010
   67.375000000000000       3.45747833438069222E-010
   67.625000000000000       1.64057362227883906E-010
   67.875000000000000       7.66819195314618665E-011
   68.125000000000000       3.53241651828832301E-011
   68.375000000000000       1.60450472852855937E-011
   68.625000000000000       7.18947942998837877E-012
   68.875000000000000       3.17927400285908146E-012
   69.125000000000000       1.38806419518364258E-012
   69.375000000000000       5.98563484953675360E-013
   69.625000000000000       2.55029003671203913E-013
   69.875000000000000       1.07398799306662618E-013
   70.125000000000000       4.47181997780019069E-014
   70.375000000000000       1.84154349468929501E-014
   70.625000000000000       7.50280811454024208E-015
   70.875000000000000       3.02506952291271837E-015
   71.125000000000000       1.20735908932066486E-015
   71.375000000000000       4.77135604862363100E-016
   71.625000000000000       1.86750284618063798E-016
   71.875000000000000       7.24102414818441574E-017
   72.125000000000000       2.78201113515394947E-017
   72.375000000000000       1.05933827249304655E-017
   72.625000000000000       3.99871387576590239E-018
   72.875000000000000       1.49659801816574911E-018
   73.125000000000000       5.55488456012726483E-019
   73.375000000000000       2.04509065123256990E-019
   73.625000000000000       7.46959890370423658E-020
   73.875000000000000       2.70710946700613690E-020
   74.125000000000000       9.73670534699322024E-021
   74.375000000000000       3.47605902959668788E-021
   74.625000000000000       1.23196933933205094E-021
   74.875000000000000       4.33527508507082246E-022
   75.125000000000000       1.51496126447002399E-022
   75.375000000000000       5.25795009343495137E-023
   75.625000000000000       1.81268089230777608E-023
   75.875000000000000       6.20832107760648939E-024
   76.125000000000000       2.11266666906394293E-024
   76.375000000000000       7.14407642936537991E-025
   76.625000000000000       2.40088911441151528E-025
   76.875000000000000       8.01973434279623305E-026
   77.125000000000000       2.66292628172603498E-026
   77.375000000000000       8.79057954750072057E-027
   77.625000000000000       2.88523749492365364E-027
   77.875000000000000       9.41665032688444008E-028
   78.125000000000000       3.05637013151424866E-028
   78.375000000000000       9.86626158107945117E-029
   78.625000000000000       3.16794635958902203E-029
   78.875000000000000       1.01186297700130058E-029
   79.125000000000000       3.21531366199695669E-030
   79.375000000000000       1.01653123344455458E-030
   79.625000000000000       3.19779636653584290E-031
   79.875000000000000       1.00103564085949552E-031
   80.125000000000000       3.11854445469977762E-032
   80.375000000000000       9.66923433439333338E-033
   80.625000000000000       2.98402993516747001E-033
   80.875000000000000       9.16679566012368111E-034
   81.125000000000000       2.80328159842772789E-034
   81.375000000000000       8.53456564002203339E-035
   81.625000000000000       2.58697119399725906E-035
   81.875000000000000       7.80775984619700287E-036
   82.125000000000000       2.34646715272187099E-036
   82.375000000000000       7.02236651948940257E-037
   82.625000000000000       2.09295852652398947E-037
   82.875000000000000       6.21258517520003622E-038
   83.125000000000000       1.83672677151004378E-038
   83.375000000000000       5.40881940832889702E-039
   83.625000000000000       1.58661225504071818E-039
   83.875000000000000       4.63632244309712888E-040
   84.125000000000000       1.34969153130150848E-040
   84.375000000000000       3.91450185406585306E-041
   84.625000000000000       1.13115490999287138E-041
   84.875000000000000       3.25681644072275909E-042
   85.125000000000000       9.34354373775382045E-043
   85.375000000000000       2.67114933720282501E-043
   85.625000000000000       7.60980495625352941E-044
   85.875000000000000       2.16051784221670745E-044
   86.125000000000000       6.11323230452462564E-045
   86.375000000000000       1.72397900426927549E-045
   86.625000000000000       4.84573870872012960E-046
   86.875000000000000       1.35760517178631734E-046
   87.125000000000000       3.79132128854980977E-047
   87.375000000000000       1.05542914468832381E-047
   87.625000000000000       2.92891235827356487E-048
   87.875000000000000       8.10288237448556499E-049
   88.125000000000000       2.23483405203154866E-049
   88.375000000000000       6.14525637078579260E-050
   88.625000000000000       1.68476674779455594E-050
   88.875000000000000       4.60532588475979179E-051
   89.125000000000000       1.25521238044493121E-051
   89.375000000000000       3.41134370865962203E-052
   89.625000000000000       9.24485340356034048E-053
   89.875000000000000       2.49836248973421271E-053
   90.125000000000000       6.73296034863693285E-054
   90.375000000000000       1.80953043729860349E-054
   90.625000000000000       4.85007822755493277E-055
   90.875000000000000       1.29648692571381330E-055
   91.125000000000000       3.45650645165290387E-056
   91.375000000000000       9.19114205745946727E-057
   91.625000000000000       2.43768323815464798E-057
   91.875000000000000       6.44871716574306293E-058
   92.125000000000000       1.70164911090440550E-058
   92.375000000000000       4.47898341696201811E-059
   92.625000000000000       1.17601696251661844E-059
   92.875000000000000       3.08023693368744597E-060
   93.125000000000000       8.04827087430844240E-061
   93.375000000000000       2.09787827769902855E-061
   93.625000000000000       5.45542203231230589E-062
   93.875000000000000       1.41533003357126225E-062
   94.125000000000000       3.66335617805381117E-063
   94.375000000000000       9.46026268185775964E-064
   94.625000000000000       2.43747554714694012E-064
   94.875000000000000       6.26614710453596796E-065
   95.125000000000000       1.60728987127292797E-065
   95.375000000000000       4.11368492151204729E-066
   95.625000000000000       1.05055977633857429E-066
   95.875000000000000       2.67715190258676758E-067
   96.125000000000000       6.80764941443202830E-068
   96.375000000000000       1.72743829868418100E-068
   96.625000000000000       4.37419584994881919E-069
   96.875000000000000       1.10533317059799281E-069
   97.125000000000000       2.78738090867807620E-070
   97.375000000000000       7.01481594621825417E-071
   97.625000000000000       1.76182046105751896E-071
   97.875000000000000       4.41611997799557474E-072
   98.125000000000000       1.10474547459084173E-072
   98.375000000000000       2.75825194043457623E-073
   98.625000000000000       6.87327981512022286E-074
   98.875000000000000       1.70946590868665848E-074
   99.125000000000000       4.24356646520798662E-075
   99.375000000000000       1.05143739672793220E-075
   99.625000000000000       2.60031082824842729E-076
   99.875000000000000       6.41895039419875581E-077
   100.12500000000000       1.58163785700942642E-077
   100.37500000000000       3.89010765437456828E-078
   100.62500000000000       9.55069289382927884E-079
   100.87500000000000       2.34063602059619215E-079
   101.12500000000000       5.72618773861420333E-080
   101.37500000000000       1.39841742887523458E-080
   101.62500000000000       3.40921488244421092E-081
   101.87500000000000       8.29707251184296503E-082
   102.12500000000000       2.01583473815291321E-082
   102.37500000000000       4.88934822431720509E-083
   102.62500000000000       1.18391195019899567E-083
   102.87500000000000       2.86197956056113934E-084
   103.12500000000000       6.90714465373551220E-085
   103.37500000000000       1.66426163418777838E-085
   103.62500000000000       4.00351741628289575E-086
   103.87500000000000       9.61534507727322400E-087
   104.12500000000000       2.30566890067526916E-087
   104.37500000000000       5.52005908052484012E-088
   104.62500000000000       1.31950473660994239E-088
   104.87500000000000       3.14922923740512878E-089
   105.12500000000000       7.50462966083406942E-090
   105.37500000000000       1.78562981373520332E-090
   105.62500000000000       4.24224937934897434E-091
   105.87500000000000       1.00634970799276783E-091
   106.12500000000000       2.38371818772278495E-092
   106.37500000000000       5.63792603257032684E-093
   106.62500000000000       1.33151932003707187E-093
   106.87500000000000       3.14010591231464649E-094
   107.12500000000000       7.39460317489803251E-095
   107.37500000000000       1.73885818612687656E-095
   107.62500000000000       4.08316632735455935E-096
   107.87500000000000       9.57455136364907561E-097
   108.12500000000000       2.24198668876099329E-097
   108.37500000000000       5.24258620817009231E-098
   108.62500000000000       1.22422360174814154E-098
   108.87500000000000       2.85484896209743801E-099
   109.12500000000000       6.64840235747645847E-100
   109.37500000000000       1.54620728879731161E-100
   109.62500000000000       3.59119377493982461E-101
   109.87500000000000       8.32980913746904720E-102
   110.12500000000000       1.92957063708862140E-102
   110.37500000000000       4.46395712367647554E-103
   110.62500000000000       1.03137661290067335E-103
   110.87500000000000       2.37988875078003928E-104
   111.12500000000000       5.48456611689277117E-105
   111.37500000000000       1.26234545931087632E-105
   111.62500000000000       2.90180703230713273E-106
   111.87500000000000       6.66219260766746761E-107
   112.12500000000000       1.52766500529189757E-107
   112.37500000000000       3.49868838514091957E-108
   112.62500000000000       8.00299296331244947E-109
   112.87500000000000       1.82840943336980405E-109
   113.12500000000000       4.17226689926572770E-110
   113.37500000000000       9.50937653349233179E-111
   113.62500000000000       2.16479620578349602E-111
   113.87500000000000       4.92232905612100557E-112
   114.12500000000000       1.11793490415659104E-112
   114.37500000000000       2.53605223839471158E-113
   114.62500000000000       5.74644425823231584E-114
   114.87500000000000       1.30059776983157643E-114
   115.12500000000000       2.94030956029782028E-115
   115.37500000000000       6.63976570207265153E-116
   115.62500000000000       1.49770219755508328E-116
   115.87500000000000       3.37453955107090829E-117
   116.12500000000000       7.59492019731949490E-118
   116.37500000000000       1.70747676212714614E-118
   116.62500000000000       3.83453323620078442E-119
   116.87500000000000       8.60200156097209959E-120
   117.12500000000000       1.92760919024863168E-120
   117.37500000000000       4.31493284493142834E-121
   117.62500000000000       9.64867689431439010E-122
   117.87500000000000       2.15527757848882053E-122
   118.12500000000000       4.80931703418914923E-123
   118.37500000000000       1.07204087282289798E-123
   118.62500000000000       2.38720646225421028E-124
   118.87500000000000       5.31033905032747867E-125
   119.12500000000000       1.18007891438889246E-125
   119.37500000000000       2.61974639519961303E-126
   119.62500000000000       5.80991386599940884E-127
   119.87500000000000       1.28719750504184521E-127
   120.12500000000000       2.84897422841154297E-128
   120.37500000000000       6.29944723649579900E-129
   120.62500000000000       1.39152073546655552E-129
   120.87500000000000       3.07080994855648861E-130
   121.12500000000000       6.77009690529182018E-131
   121.37500000000000       1.49113912855171415E-131
   121.62500000000000       3.28114484615945699E-132
   121.87500000000000       7.21305406054790501E-133
   122.12500000000000       1.58417110548830201E-133
   122.37500000000000       3.47597502211750620E-134
   122.62500000000000       7.61983176386609266E-135
   122.87500000000000       1.66882496551851872E-135
   123.12500000000000       3.65153385882276029E-136
   123.37500000000000       7.98254653963170444E-137
   123.62500000000000       1.74345840760304576E-137
   123.87500000000000       3.80441710721765453E-138
   124.12500000000000       8.29417965907661313E-139
   124.37500000000000       1.80663275877273221E-139
   124.62500000000000       3.93169466560171635E-140
   124.87500000000000       8.54880583955805318E-141
   125.12500000000000       1.85715938561705269E-141
   125.37500000000000       4.03100391206382501E-142
   125.62500000000000       8.74177900428551214E-143
   125.87500000000000       1.89413622611584254E-143
   126.12500000000000       4.10062053556653082E-144
   126.37500000000000       8.86986725592299629E-145
   126.62500000000000       1.91697295237887815E-145
   126.87500000000000       4.13950410660299759E-146
   127.12500000000000       8.93133211684100847E-147
   127.37500000000000       1.92540391754284830E-147
   127.62500000000000       4.14731704071251618E-148
   127.87500000000000       8.92595016740813103E-149
   128.12500000000000       1.91948870591636189E-149
   128.37500000000000       4.12441703732266351E-150
   128.62500000000000       8.85497825848459640E-151
   128.87500000000000       1.89960074930193213E-151
   129.12500000000000       4.07182442756811991E-152
   129.37500000000000       8.72106628799259592E-153
   129.62500000000000       1.86640505363803937E-153
   129.87500000000000       3.99116705511170485E-154
   130.12500000000000       8.52812394717106715E-155
   130.37500000000000       1.82082656546085024E-155
   130.62500000000000       3.88460627831488910E-156
   130.87500000000000       8.28114973384691368E-157
   131.12500000000000       1.76401107331314068E-157
   131.37500000000000       3.75474837625496560E-158
   131.62500000000000       7.98603181881930231E-159
   131.87500000000000       1.69728077162556973E-159
   132.12500000000000       3.60454604354116879E-160
   132.37500000000000       7.64933100705329237E-161
   132.62500000000000       1.62208671067611916E-161
   132.87500000000000       3.43719477016621051E-162
   133.12500000000000       7.27805607384132000E-163
   133.37500000000000       1.53996032251511164E-163
   133.62500000000000       3.25602874302457178E-164
   133.87500000000000       6.87944123367726397E-165
   134.12500000000000       1.45246606384730369E-165
   134.37500000000000       3.06442051164565112E-166
   134.62500000000000       6.46073450423875200E-167
   134.87500000000000       1.36115697353854169E-167
   135.12500000000000       2.86568808018117542E-168
   135.37500000000000       6.02900436915880627E-169
   135.62500000000000       1.26753462931763285E-169
   135.87500000000000       2.66301237558817258E-170
   136.12500000000000       5.59097054188427209E-171
   136.37500000000000       1.17301463168711374E-171
   136.62500000000000       2.45936725511694921E-172
   136.87500000000000       5.15286291068354449E-173
   137.12500000000000       1.07889836892909493E-173
   137.37500000000000       2.25746340923527463E-174
   137.62500000000000       4.72031101597539745E-175
   137.87500000000000       9.86351449095618790E-176
   138.12500000000000       2.05970673779268354E-176
   138.37500000000000       4.29826477523498520E-177
   138.62500000000000       8.96388843170922557E-178
   138.87500000000000       1.86817106797933785E-178
   139.12500000000000       3.89094570801739482E-179
   139.37500000000000       8.09866483925369256E-180
   139.62500000000000       1.68458447294486479E-180
   139.87500000000000       3.50182668227142333E-181
   140.12500000000000       7.27478818239391241E-182
   140.37500000000000       1.51032795975631326E-182
   140.62500000000000       3.13363723853709005E-183
   140.87500000000000       6.49761622902890113E-184
   141.12500000000000       1.34644493436203054E-184
   141.37500000000000       2.78839086469270654E-185
   141.62500000000000       5.77099266636156672E-186
   141.87500000000000       1.19365961976257215E-186
   142.12500000000000       2.46743018543268505E-187
   142.37500000000000       5.09735531998952345E-188
   142.62500000000000       1.05240249422387996E-188
   142.87500000000000       2.17148587679108623E-189
   143.12500000000000       4.47787094533924789E-190
   143.37500000000000       9.22840815620198258E-191
   143.62500000000000       1.90074518430631593E-191
   143.87500000000000       3.91258785293648710E-192
   144.12500000000000       8.04912388246866180E-193
   144.37500000000000       1.65492617382237334E-193
   144.62500000000000       3.40059827850866570E-194
   144.87500000000000       6.98360889791329022E-195
   145.12500000000000       1.43335423274042564E-195
   145.37500000000000       2.94020332479897374E-196
   145.62500000000000       6.02771288072477230E-197
   145.87500000000000       1.23503782281772924E-197
   146.12500000000000       2.52907439077311341E-198
   146.37500000000000       5.17604119915316866E-199
   146.62500000000000       1.05874102195014995E-199
   146.87500000000000       2.16440617930987512E-200
   147.12500000000000       4.42227660246494404E-201
   147.37500000000000       9.03050944994080254E-202
   147.62500000000000       1.84305756131391228E-202
   147.87500000000000       3.75947262914410981E-203
   148.12500000000000       7.66438671843323064E-204
   148.37500000000000       1.56167771244176266E-204
   148.62500000000000       3.18031401293835814E-205
   148.87500000000000       6.47313189203215413E-206
   149.12500000000000       1.31683467069088318E-206
   149.37500000000000       2.67826379275741756E-207
   149.62500000000000       5.48616357531686609E-208
   149.87500000000000       1.32932855300137284E-208
   150.12500000000000       1.32932855300137284E-208
