 -0.12500000000000000       1.14089121592065108E-006
  0.12500000000000000       1.14089121592065108E-006
  0.37500000000000000      -9.61686638302943685E-006
  0.62500000000000000      -4.31530667840051517E-006
  0.87500000000000000       4.33893687648799560E-006
   1.1250000000000000       5.91115400121802093E-006
   1.3750000000000000       1.20668827362124864E-007
   1.6250000000000000      -7.45084521412769678E-006
   1.8750000000000000      -1.13865058594958670E-005
   2.1250000000000000      -9.68537568481852006E-006
   2.3750000000000000      -3.84772290118222599E-006
   2.6250000000000000       2.82823254411147820E-006
   2.8750000000000000       7.21498307585865516E-006
   3.1250000000000000       7.64581195645912858E-006
   3.3750000000000000       4.25343815477252701E-006
   3.6250000000000000      -1.44684523798582305E-006
   3.8750000000000000      -7.34346436816962385E-006
   4.1250000000000000      -1.15142723740826018E-005
   4.3750000000000000      -1.27696806535617903E-005
   4.6250000000000000      -1.08636169660506504E-005
   4.8750000000000000      -6.40449192090772938E-006
   5.1250000000000000      -5.66628614099539646E-007
   5.3750000000000000       5.27467684736301043E-006
   5.6250000000000000       9.87958810255747184E-006
   5.8750000000000000       1.23882657829712192E-005
   6.1250000000000000       1.24388341912357397E-005
   6.3750000000000000       1.01658453939928674E-005
   6.6250000000000000       6.10636394266262239E-006
   6.8750000000000000       1.05097590905249904E-006
   7.1250000000000000      -4.12348288893152212E-006
   7.3750000000000000      -8.58822644782769953E-006
   7.6250000000000000      -1.17008451209687592E-005
   7.8750000000000000      -1.30595621240855941E-005
   8.1250000000000000      -1.25243620486420555E-005
   8.3750000000000000      -1.02028626429300006E-005
   8.6250000000000000      -6.40755058330188705E-006
   8.8750000000000000      -1.59880418625178222E-006
   9.1250000000000000       3.67051032880117928E-006
   9.3750000000000000       8.84776143214893727E-006
   9.6250000000000000       1.34599160987633523E-005
   9.8750000000000000       1.70542425610141681E-005
   10.125000000000000       1.93303203372806540E-005
   10.375000000000000       2.01478008632515483E-005
   10.625000000000000       1.95143670902994487E-005
   10.875000000000000       1.75514194452129631E-005
   11.125000000000000       1.44144357267768569E-005
   11.375000000000000       1.00976100317386841E-005
   11.625000000000000       5.07900968626111715E-006
   11.875000000000000      -1.22196915951741177E-007
   12.125000000000000      -5.55672306714327691E-006
   12.375000000000000      -1.11574348400750567E-005
   12.625000000000000      -1.60429421542564566E-005
   12.875000000000000      -2.01702081264545387E-005
   13.125000000000000      -2.38864747648833904E-005
   13.375000000000000      -2.64663043155492618E-005
   13.625000000000000      -2.80515944947901367E-005
   13.875000000000000      -2.86305167714853538E-005
   14.125000000000000      -2.84408083636615332E-005
   14.375000000000000      -2.71964673989269980E-005
   14.625000000000000      -2.51754735406442600E-005
   14.875000000000000      -2.21560938348553786E-005
   15.125000000000000      -1.82781413887926858E-005
   15.375000000000000      -1.36673074741920471E-005
   15.625000000000000      -8.39634815930577834E-006
   15.875000000000000      -2.54378558820635705E-006
   16.125000000000000       3.81660156838244277E-006
   16.375000000000000       1.06325679891075100E-005
   16.625000000000000       1.78781482781651341E-005
   16.875000000000000       2.55480705743480759E-005
   17.125000000000000       3.36520810430339194E-005
   17.375000000000000       4.22106979752482540E-005
   17.625000000000000       5.12575754112025054E-005
   17.875000000000000       6.08364943521147637E-005
   18.125000000000000       7.09953065592182846E-005
   18.375000000000000       8.17940696362194625E-005
   18.625000000000000       9.33003584253445982E-005
   18.875000000000000       1.05593306418718338E-004
   19.125000000000000       1.18763059452198076E-004
   19.375000000000000       1.32912537995370371E-004
   19.625000000000000       1.48158343679525147E-004
   19.875000000000000       1.64631618788309725E-004
   20.125000000000000       1.82478823139551986E-004
   20.375000000000000       2.01862296299703170E-004
   20.625000000000000       2.22960729455684895E-004
   20.875000000000000       2.45969675229872032E-004
   21.125000000000000       2.71102208142683164E-004
   21.375000000000000       2.98589822784189017E-004
   21.625000000000000       3.28683699855443912E-004
   21.875000000000000       3.61656499058054289E-004
   22.125000000000000       3.97804650736281837E-004
   22.375000000000000       4.37450986772162063E-004
   22.625000000000000       4.80946079274782864E-004
   22.875000000000000       5.28668673550497753E-004
   23.125000000000000       5.81027545282654335E-004
   23.375000000000000       6.38468238462707480E-004
   23.625000000000000       7.01496776007419259E-004
   23.875000000000000       7.70661560081359071E-004
   24.125000000000000       8.46492229930064909E-004
   24.375000000000000       9.29735993947407345E-004
   24.625000000000000       1.02101897360871627E-003
   24.875000000000000       1.12113020583210930E-003
   25.125000000000000       1.23088279426802351E-003
   25.375000000000000       1.35119548289364274E-003
   25.625000000000000       1.48306011174959571E-003
   25.875000000000000       1.62745871491387032E-003
   26.125000000000000       1.78561626795566077E-003
   26.375000000000000       1.95883246891269012E-003
   26.625000000000000       2.14860593354871321E-003
   26.875000000000000       2.35624686123834734E-003
   27.125000000000000       2.58315435525491690E-003
   27.375000000000000       2.83146877356772915E-003
   27.625000000000000       3.10298824430703911E-003
   27.875000000000000       3.39934984858677970E-003
   28.125000000000000       3.72283386649914809E-003
   28.375000000000000       4.07607229957218306E-003
   28.625000000000000       4.46129446327766816E-003
   28.875000000000000       4.88091685931238417E-003
   29.125000000000000       5.33805907469494991E-003
   29.375000000000000       5.83560120558156321E-003
   29.625000000000000       6.37646714583242191E-003
   29.875000000000000       6.96384668519388957E-003
   30.125000000000000       7.60115215544243834E-003
   30.375000000000000       8.29189823157996594E-003
   30.625000000000000       9.03962671268183915E-003
   30.875000000000000       9.84778348472979161E-003
   31.125000000000000       1.07197750395437129E-002
   31.375000000000000       1.16589022704954737E-002
   31.625000000000000       1.26682459648099714E-002
   31.875000000000000       1.37506043659969823E-002
   32.125000000000000       1.49083944317463732E-002
   32.375000000000000       1.61435144012244090E-002
   32.625000000000000       1.74571869267043829E-002
   32.875000000000000       1.88497968234293233E-002
   33.125000000000000       2.03207075158356905E-002
   33.375000000000000       2.18681117981993321E-002
   33.625000000000000       2.34888328612921429E-002
   33.875000000000000       2.51781461793698126E-002
   34.125000000000000       2.69296069527889294E-002
   34.375000000000000       2.87348857694601535E-002
   34.625000000000000       3.05836266129251889E-002
   34.875000000000000       3.24633437357068552E-002
   35.125000000000000       3.43593730876128114E-002
   35.375000000000000       3.62549003206724674E-002
   35.625000000000000       3.81310790907893882E-002
   35.875000000000000       3.99672549199778446E-002
   36.125000000000000       4.17413084496844750E-002
   36.375000000000000       4.34301172085897330E-002
   36.625000000000000       4.50101265168375009E-002
   36.875000000000000       4.64580078720518153E-002
   37.125000000000000       4.77513708861333624E-002
   37.375000000000000       4.88694861449077214E-002
   37.625000000000000       4.97939770402180681E-002
   37.875000000000000       5.05094435653316368E-002
   38.125000000000000       5.10040034137375156E-002
   38.375000000000000       5.12697523759653093E-002
   38.625000000000000       5.13031567185212103E-002
   38.875000000000000       5.11053707678038038E-002
   39.125000000000000       5.06824067994901539E-002
   39.375000000000000       5.00449772285471439E-002
   39.625000000000000       4.92077292568388405E-002
   39.875000000000000       4.81873858471542002E-002
   40.125000000000000       4.68915281243163368E-002
   40.375000000000000       4.54929953176269330E-002
   40.625000000000000       4.39548669262458530E-002
   40.875000000000000       4.22961139170584324E-002
   41.125000000000000       4.05366968490910376E-002
   41.375000000000000       3.86971897359209976E-002
   41.625000000000000       3.67978527115395554E-002
   41.875000000000000       3.48581255228618894E-002
   42.125000000000000       3.28964057528514306E-002
   42.375000000000000       3.09299441847760564E-002
   42.625000000000000       2.89747462576516006E-002
   42.875000000000000       2.70454378312651039E-002
   43.125000000000000       2.51551141241104885E-002
   43.375000000000000       2.33152270041600725E-002
   43.625000000000000       2.15355624880000651E-002
   43.875000000000000       1.98243081782021428E-002
   44.125000000000000       1.81881287775555733E-002
   44.375000000000000       1.66321313484297517E-002
   44.625000000000000       1.51597196759513091E-002
   44.875000000000000       1.37726101628052704E-002
   45.125000000000000       1.24713822536842971E-002
   45.375000000000000       1.12563213382976205E-002
   45.625000000000000       1.01272873822276718E-002
   45.875000000000000       9.08218279670194341E-003
   46.125000000000000       8.11729273862426756E-003
   46.375000000000000       7.23115036222702397E-003
   46.625000000000000       6.42166102393972558E-003
   46.875000000000000       5.68077473154046664E-003
   47.125000000000000       5.01044600618777338E-003
   47.375000000000000       4.39982657784848425E-003
   47.625000000000000       3.85250298847451041E-003
   47.875000000000000       3.35540393394874892E-003
   48.125000000000000       2.91170012383858709E-003
   48.375000000000000       2.51556979231474164E-003
   48.625000000000000       2.15936959797952219E-003
   48.875000000000000       1.84333657502608263E-003
   49.125000000000000       1.56501823373095218E-003
   49.375000000000000       1.31740167363247809E-003
   49.625000000000000       1.09671463888490455E-003
   49.875000000000000       9.02500584175308694E-004
   50.125000000000000       7.32720097906061911E-004
   50.375000000000000       5.92192754715282956E-004
   50.625000000000000       4.76920236150423144E-004
   50.875000000000000       3.84629406461173360E-004
   51.125000000000000       3.11110896190868391E-004
   51.375000000000000       2.50687636617216876E-004
   51.625000000000000       2.00258946679717154E-004
   51.875000000000000       1.59605246058867103E-004
   52.125000000000000       1.28282536929201393E-004
   52.375000000000000       1.04009908516887670E-004
   52.625000000000000       8.40146254916283126E-005
   52.875000000000000       6.68560509213249755E-005
   53.125000000000000       5.26146108937999369E-005
   53.375000000000000       4.17618176417099759E-005
   53.625000000000000       3.41424163544605175E-005
   53.875000000000000       2.88433170509541702E-005
   54.125000000000000       2.47066933962130503E-005
   54.375000000000000       2.08779924090015278E-005
   54.625000000000000       1.70236726956626990E-005
   54.875000000000000       1.32248925215351627E-005
   55.125000000000000       9.73786407809158788E-006
   55.375000000000000       6.79209702378154338E-006
   55.625000000000000       4.49539053627861260E-006
   55.875000000000000       2.83114052090438037E-006
   56.125000000000000       1.70193869843519467E-006
   56.375000000000000       9.79657372224388208E-007
   56.625000000000000       5.41556841657091383E-007
   56.875000000000000       2.88303602763213476E-007
   57.125000000000000       1.48179081689349131E-007
   57.375000000000000       7.36970184386564469E-008
   57.625000000000000       3.55420360253896536E-008
   57.875000000000000       1.66526567314711701E-008
   58.125000000000000       7.59308064642069582E-009
   58.375000000000000       3.37460735096860138E-009
   58.625000000000000       1.46391960373973558E-009
   58.875000000000000       6.20676118297860259E-010
   59.125000000000000       2.57504419549938921E-010
   59.375000000000000       1.04653132284756325E-010
   59.625000000000000       4.17067383534058935E-011
   59.875000000000000       1.63136694830494197E-011
   60.125000000000000       6.26849610510354521E-012
   60.375000000000000       2.36803991884708854E-012
   60.625000000000000       8.80140119879514007E-013
   60.875000000000000       3.22071843487125105E-013
   61.125000000000000       1.16110826596061116E-013
   61.375000000000000       4.12642785727450690E-014
   61.625000000000000       1.44644941176493500E-014
   61.875000000000000       5.00368897804418746E-015
   62.125000000000000       1.70903936615642135E-015
   62.375000000000000       5.76623499798552980E-016
   62.625000000000000       1.92266283958816974E-016
   62.875000000000000       6.33819492338879701E-017
   63.125000000000000       2.06657331808063373E-017
   63.375000000000000       6.66684923737170823E-018
   63.625000000000000       2.12876765838028906E-018
   63.875000000000000       6.73006021796088587E-019
   64.125000000000000       2.10732016753628996E-019
   64.375000000000000       6.53723220550033170E-020
   64.625000000000000       2.00971100241246509E-020
   64.875000000000000       6.12446435188869665E-021
   65.125000000000000       1.85059036145635968E-021
   65.375000000000000       5.54584586731655471E-022
   65.625000000000000       1.64870639063736424E-022
   65.875000000000000       4.86334380050584941E-023
   66.125000000000000       1.42375909714156944E-023
   66.375000000000000       4.13749644449230917E-024
   66.625000000000000       1.19377971538534697E-024
   66.875000000000000       3.42041217952046630E-025
   67.125000000000000       9.73372838698430924E-026
   67.375000000000000       2.75170682686258739E-026
   67.625000000000000       7.72893847972812762E-027
   67.875000000000000       2.15725762357124857E-027
   68.125000000000000       5.98433162161287679E-028
   68.375000000000000       1.65015675050767842E-028
   68.625000000000000       4.52368806103788642E-029
   68.875000000000000       1.23304145544103651E-029
   69.125000000000000       3.34224102897117168E-030
   69.375000000000000       9.01007296883029569E-031
   69.625000000000000       2.41603217154412341E-031
   69.875000000000000       6.44484537039130655E-032
   70.125000000000000       1.71043824396731907E-032
   70.375000000000000       4.51684735131090656E-033
   70.625000000000000       1.18697870079712287E-033
   70.875000000000000       3.10437914173269585E-034
   71.125000000000000       8.08116995849951135E-035
   71.375000000000000       2.09403189909661344E-035
   71.625000000000000       5.40184940998577606E-036
   71.875000000000000       1.38736598408226967E-036
   72.125000000000000       3.54786447451128431E-037
   72.375000000000000       9.03456497752374721E-038
   72.625000000000000       2.29111775265846207E-038
   72.875000000000000       5.78658214820555301E-039
   73.125000000000000       1.45567674984865256E-039
   73.375000000000000       3.64761034687678306E-040
   73.625000000000000       9.10508915992672016E-041
   73.875000000000000       2.26424237645948331E-041
   74.125000000000000       5.60989023205848477E-042
   74.375000000000000       1.38486516267806312E-042
   74.625000000000000       3.40651586317475956E-043
   74.875000000000000       8.35007686530832504E-044
   75.125000000000000       2.03973731171729174E-044
   75.375000000000000       4.96578102519250269E-045
   75.625000000000000       1.20491273124911736E-045
   75.875000000000000       2.91408890140545724E-046
   76.125000000000000       7.02510784229892115E-047
   76.375000000000000       1.68822132340345668E-047
   76.625000000000000       4.04440409883220334E-048
   76.875000000000000       9.65940733006247305E-049
   77.125000000000000       2.30005720279052468E-049
   77.375000000000000       5.46059426813314562E-050
   77.625000000000000       1.29263129853726528E-050
   77.875000000000000       3.05114450744338842E-051
   78.125000000000000       7.18163969934277464E-052
   78.375000000000000       1.68568365643738716E-052
   78.625000000000000       3.94583217837293703E-053
   78.875000000000000       9.21147580645314385E-054
   79.125000000000000       2.14469463503037932E-054
   79.375000000000000       4.98040335465865634E-055
   79.625000000000000       1.15356780637230457E-055
   79.875000000000000       2.66512550039733970E-056
   80.125000000000000       6.14191951839964123E-057
   80.375000000000000       1.41194612125706725E-057
   80.625000000000000       3.23798587086332563E-058
   80.875000000000000       7.40780475628912861E-059
   81.125000000000000       1.69073856504271580E-059
   81.375000000000000       3.84990508059484808E-060
   81.625000000000000       8.74629624358243827E-061
   81.875000000000000       1.98249730193414131E-061
   82.125000000000000       4.48361854163571145E-062
   82.375000000000000       1.01177844116168864E-062
   82.625000000000000       2.27822023897045929E-063
   82.875000000000000       5.11884579682130333E-064
   83.125000000000000       1.14769560965333128E-064
   83.375000000000000       2.56786239762899298E-065
   83.625000000000000       5.73348794574715466E-066
   83.875000000000000       1.27755534384262007E-066
   84.125000000000000       2.84096253364186029E-067
   84.375000000000000       6.30503248119201884E-068
   84.625000000000000       1.39654856231836402E-068
   84.875000000000000       3.08732455023919284E-069
   85.125000000000000       6.81202904320932886E-070
   85.375000000000000       1.50019903485869073E-070
   85.625000000000000       3.29768741601140580E-071
   85.875000000000000       7.23549323839813413E-072
   86.125000000000000       1.58465415725843925E-072
   86.375000000000000       3.46432005971073894E-073
   86.625000000000000       7.56010750363513994E-074
   86.875000000000000       1.64692375918047886E-074
   87.125000000000000       3.58148818996517715E-075
   87.375000000000000       7.77511525082829569E-076
   87.625000000000000       1.68504711479091481E-076
   87.875000000000000       3.64575620774636326E-077
   88.125000000000000       7.87484238030589415E-078
   88.375000000000000       1.69817696371979873E-078
   88.625000000000000       3.65610671518170599E-079
   88.875000000000000       7.85882279522637105E-080
   89.125000000000000       1.68657856372282522E-080
   89.375000000000000       3.61387978028404076E-081
   89.625000000000000       7.73154587041513291E-082
   89.875000000000000       1.65155035611770872E-082
   90.125000000000000       3.52255158226427384E-083
   90.375000000000000       7.50187889799748964E-084
   90.625000000000000       1.59527974463336739E-084
   90.875000000000000       3.38738544833601141E-085
   91.125000000000000       7.18224283518344636E-086
   91.375000000000000       1.52065213671344627E-086
   91.625000000000000       3.21499652091681887E-087
   91.875000000000000       6.78763350067158465E-088
   92.125000000000000       1.43103353401086976E-088
   92.375000000000000       3.01287412054794477E-089
   92.625000000000000       6.33458274266079646E-090
   92.875000000000000       1.33004670733976164E-090
   93.125000000000000       2.78890378164154661E-091
   93.375000000000000       5.84014651959597289E-092
   93.625000000000000       1.22135875379032817E-092
   93.875000000000000       2.55092495646842289E-093
   94.125000000000000       5.32099176607840180E-094
   94.375000000000000       1.10849418850890048E-094
   94.625000000000000       2.30635182609802934E-095
   94.875000000000000       4.79263430090810334E-096
   95.125000000000000       9.94683314081507894E-097
   95.375000000000000       2.06187490905131705E-097
   95.625000000000000       4.26885880207477971E-098
   95.875000000000000       8.82751047736031990E-099
   96.125000000000000       1.82325147555135228E-099
   96.375000000000000       3.76133156908911910E-100
   96.625000000000000       7.75047178162711642E-101
   96.875000000000000       1.59518415313420182E-101
   97.125000000000000       3.27939933500161088E-102
   97.375000000000000       6.73415531833768489E-103
   97.625000000000000       1.38128021517983874E-103
   97.875000000000000       2.83005397066547314E-104
   98.125000000000000       5.79196957688290153E-105
   98.375000000000000       1.18407920802555067E-105
   98.625000000000000       2.41803402645267627E-106
   98.875000000000000       4.93259446841974526E-107
   99.125000000000000       1.00513382622839130E-107
   99.375000000000000       2.04602956505260838E-108
   99.625000000000000       4.16048029522404650E-109
   99.875000000000000       8.45128089010599467E-110
   100.12500000000000       1.71495609311403395E-110
   100.37500000000000       3.47647190542990501E-111
   100.62500000000000       7.04017551653238128E-112
   100.87500000000000       1.42426576941277270E-112
   101.12500000000000       2.87849227145287338E-113
   101.37500000000000       5.81178077391050624E-114
   101.62500000000000       1.17226851520653276E-114
   101.87500000000000       2.36223035914368636E-115
   102.12500000000000       4.75552164777576667E-116
   102.37500000000000       9.56441265263504135E-117
   102.62500000000000       1.92179068638235325E-117
   102.87500000000000       3.85784581568012498E-118
   103.12500000000000       7.73709580725760942E-119
   103.37500000000000       1.55027480640147027E-119
   103.62500000000000       3.10341781477070601E-120
   103.87500000000000       6.20691574703084657E-121
   104.12500000000000       1.24027688687257616E-121
   104.37500000000000       2.47612044665678285E-122
   104.62500000000000       4.93899146618673116E-123
   104.87500000000000       9.84285796323850413E-124
   105.12500000000000       1.95985343745064955E-124
   105.37500000000000       3.89895633029983913E-125
   105.62500000000000       7.74994238779837944E-126
   105.87500000000000       1.53913529097786582E-126
   106.12500000000000       3.05412068584327695E-127
   106.37500000000000       6.05521392403464944E-128
   106.62500000000000       1.19952546834924551E-128
   106.87500000000000       2.37426339192827341E-129
   107.12500000000000       4.69559337428258563E-130
   107.37500000000000       9.27890902637277571E-131
   107.62500000000000       1.83210711019358309E-131
   107.87500000000000       3.61455582714397113E-132
   108.12500000000000       7.12544088598646515E-133
   108.37500000000000       1.40353690994965912E-133
   108.62500000000000       2.76244577024015023E-134
   108.87500000000000       5.43280372473504538E-135
   109.12500000000000       1.06762092247585370E-135
   109.37500000000000       2.09640598696713575E-136
   109.62500000000000       4.11340412916562844E-137
   109.87500000000000       8.06487114383285852E-138
   110.12500000000000       1.58003211784362445E-138
   110.37500000000000       3.09320827890514644E-139
   110.62500000000000       6.05103256711758749E-140
   110.87500000000000       1.18284865286465671E-140
   111.12500000000000       2.31052403828638689E-141
   111.37500000000000       4.50999083707430663E-142
   111.62500000000000       8.79684407519160721E-143
   111.87500000000000       1.71461405802508092E-143
   112.12500000000000       3.33961404382054454E-144
   112.37500000000000       6.50008037906591758E-145
   112.62500000000000       1.26425837545307831E-145
   112.87500000000000       2.45725205370876408E-146
   113.12500000000000       4.77268088688416020E-147
   113.37500000000000       9.26351816349279395E-148
   113.62500000000000       1.79676968233248717E-148
   113.87500000000000       3.48268151158120163E-149
   114.12500000000000       6.74593243010234136E-150
   114.37500000000000       1.30580717388190129E-150
   114.62500000000000       2.52596244811980115E-151
   114.87500000000000       4.88300787487250104E-152
   115.12500000000000       9.43327626102857919E-153
   115.37500000000000       1.82118537715543452E-153
   115.62500000000000       3.51369521979496902E-154
   115.87500000000000       6.77476434160719593E-155
   116.12500000000000       1.30540806375165477E-155
   116.37500000000000       2.51375058294568015E-156
   116.62500000000000       4.83752983404051741E-157
   116.87500000000000       9.30363090977526549E-158
   117.12500000000000       1.78817649230840043E-158
   117.37500000000000       3.43478147047832714E-159
   117.62500000000000       6.59356626958586245E-160
   117.87500000000000       1.26495730892907301E-160
   118.12500000000000       2.42531006578825510E-161
   118.37500000000000       4.64725216331313193E-162
   118.62500000000000       8.89947568068096939E-163
   118.87500000000000       1.70323057565576291E-163
   119.12500000000000       3.25780378166294601E-164
   119.37500000000000       6.22759630221959141E-165
   119.62500000000000       1.18976616080938063E-165
   119.87500000000000       2.27169472732542666E-166
   120.12500000000000       4.33497976363633945E-167
   120.37500000000000       8.26750490087234055E-168
   120.62500000000000       1.57584555114318475E-168
   120.87500000000000       3.00196861101572768E-169
   121.12500000000000       5.71548965380487416E-170
   121.37500000000000       1.08756948825240842E-170
   121.62500000000000       2.06832283046716401E-171
   121.87500000000000       3.93132387913329715E-172
   122.12500000000000       7.46826888455014036E-173
   122.37500000000000       1.41795716563076632E-173
   122.62500000000000       2.69072758073240665E-174
   122.87500000000000       5.10318364207297623E-175
   123.12500000000000       9.67339436921259749E-176
   123.37500000000000       1.83266965697275689E-176
   123.62500000000000       3.47023144574042148E-177
   123.87500000000000       6.56754401342379390E-178
   124.12500000000000       1.24227908732280381E-178
   124.37500000000000       2.34859594825550975E-179
   124.62500000000000       4.43784059211813759E-180
   124.87500000000000       8.38128565124729279E-181
   125.12500000000000       1.58207265384736525E-181
   125.37500000000000       2.98483490029042483E-182
   125.62500000000000       5.62851170825448004E-183
   125.87500000000000       1.06083405317717279E-183
   126.12500000000000       1.99840352678446620E-184
   126.37500000000000       3.76272090501912116E-185
   126.62500000000000       7.08117169517295511E-186
   126.87500000000000       1.33196786760701777E-186
   127.12500000000000       2.50420034340342459E-187
   127.37500000000000       4.70578712239931283E-188
   127.62500000000000       8.83862157779079381E-189
   127.87500000000000       1.65930806379219568E-189
   128.12500000000000       3.11358610823462224E-190
   128.37500000000000       5.83965586773151622E-191
   128.62500000000000       1.09473065269730417E-191
   128.87500000000000       2.05126644469183619E-192
   129.12500000000000       3.84178237674399843E-193
   129.37500000000000       7.19184693189113664E-194
   129.62500000000000       1.34569363102052029E-194
   129.87500000000000       2.51681405025856077E-195
   130.12500000000000       4.70496405680247792E-196
   130.37500000000000       8.79149644309663983E-197
   130.62500000000000       1.64199440087480196E-197
   130.87500000000000       3.06537746562344312E-198
   131.12500000000000       5.72006166575058678E-199
   131.37500000000000       1.06689813094624947E-199
   131.62500000000000       1.98907754204119248E-200
   131.87500000000000       3.70670483140242795E-201
   132.12500000000000       6.90450948744003021E-202
   132.37500000000000       1.28554472724894174E-202
   132.62500000000000       2.39250071150241288E-203
   132.87500000000000       4.45070146505606377E-204
   133.12500000000000       8.27593996331724027E-205
   133.37500000000000       1.53822420725523648E-205
   133.62500000000000       2.85782974656138001E-206
   133.87500000000000       5.30723616272267780E-207
   134.12500000000000       9.85182676439762150E-208
   134.37500000000000       1.82802590631782343E-208
   134.62500000000000       3.39051819228031647E-209
   134.87500000000000       6.28592050477553881E-210
   135.12500000000000       1.16490812486229266E-210
   135.37500000000000       2.15792006649600984E-211
   135.62500000000000       3.99577310598990907E-212
   135.87500000000000       7.39586478489927918E-213
   136.12500000000000       1.36836093171005291E-213
   136.37500000000000       2.53067751503678349E-214
   136.62500000000000       4.67840971766717704E-215
   136.87500000000000       8.64541546423308690E-216
   137.12500000000000       1.59698379385049621E-216
   137.37500000000000       2.94878442079430397E-217
   137.62500000000000       5.44269821684560529E-218
   137.87500000000000       1.00418802574706267E-218
   138.12500000000000       1.85202227029449676E-219
   138.37500000000000       3.41435423507877847E-220
   138.62500000000000       6.29220655918879065E-221
   138.87500000000000       1.15912480242094442E-221
   139.12500000000000       2.13447495842079790E-222
   139.37500000000000       3.92903923147478574E-223
   139.62500000000000       7.22964370464723660E-224
   139.87500000000000       1.32979115063011525E-224
   140.12500000000000       2.44504455278772574E-225
   140.37500000000000       4.49394429546257225E-226
   140.62500000000000       8.25670808283170065E-227
   140.87500000000000       1.51644015664545644E-227
   141.12500000000000       2.78409134499161239E-228
   141.37500000000000       5.10954576347446499E-229
   141.62500000000000       9.37394630324535191E-230
   141.87500000000000       1.71911419001331258E-230
   142.12500000000000       3.15159076512929958E-231
   142.37500000000000       5.77561815998384732E-232
   142.62500000000000       1.05806271681319051E-232
   142.87500000000000       1.93762331792319304E-233
   143.12500000000000       3.54709654771114648E-234
   143.37500000000000       6.49117162223444928E-235
   143.62500000000000       1.18746358915329425E-235
   143.87500000000000       2.17152752238619940E-236
   144.12500000000000       3.96971102479138610E-237
   144.37500000000000       7.25440263196778622E-238
   144.62500000000000       1.32523930760832109E-238
   144.87500000000000       2.42012350854339979E-239
   145.12500000000000       4.41806390694187798E-240
   145.37500000000000       8.06266039384943958E-241
   145.62500000000000       1.47088024547321698E-241
   145.87500000000000       2.68243678742632567E-242
   146.12500000000000       4.89030071174142813E-243
   146.37500000000000       8.91243081830064350E-244
   146.62500000000000       1.62372306828111211E-244
   146.87500000000000       2.95721958085002612E-245
   147.12500000000000       5.38408174578548851E-246
   147.37500000000000       9.79933959416592480E-247
   147.62500000000000       1.78295215902002106E-247
   147.87500000000000       3.24295493437910999E-248
   148.12500000000000       5.89659224858696042E-249
   148.37500000000000       1.07181752930855974E-249
   148.62500000000000       1.94760464410080793E-250
   148.87500000000000       3.53786799348713559E-251
   149.12500000000000       6.42460544495448445E-252
   149.37500000000000       1.16652214753704010E-252
   149.62500000000000       2.12920583466036896E-253
   149.87500000000000       4.53637000805004481E-254
   150.12500000000000       4.53637000805004481E-254
