 -0.12500000000000000       1.73065454501629130E-003
  0.12500000000000000       1.73065454501629130E-003
  0.37500000000000000       1.73515026901999657E-003
  0.62500000000000000       1.75581235724557171E-003
  0.87500000000000000       1.77503273060747205E-003
   1.1250000000000000       1.79932280611646189E-003
   1.3750000000000000       1.83848091079648942E-003
   1.6250000000000000       1.88712737330704321E-003
   1.8750000000000000       1.93704290151676980E-003
   2.1250000000000000       1.98922481414296566E-003
   2.3750000000000000       2.05034880501324965E-003
   2.6250000000000000       2.12349676977318822E-003
   2.8750000000000000       2.20526749136660096E-003
   3.1250000000000000       2.29026770499208112E-003
   3.3750000000000000       2.37648372794241553E-003
   3.6250000000000000       2.46635848922280949E-003
   3.8750000000000000       2.56373079943476986E-003
   4.1250000000000000       2.67018115691019164E-003
   4.3750000000000000       2.78381858189343748E-003
   4.6250000000000000       2.90089340542783961E-003
   4.8750000000000000       3.01847100392399741E-003
   5.1250000000000000       3.13608749974057582E-003
   5.3750000000000000       3.25546948414527811E-003
   5.6250000000000000       3.37885761837632961E-003
   5.8750000000000000       3.50723519603083787E-003
   6.1250000000000000       3.63954438918788654E-003
   6.3750000000000000       3.77318860687668066E-003
   6.6250000000000000       3.90533110888683158E-003
   6.8750000000000000       4.03415148046309957E-003
   7.1250000000000000       4.15940566314403765E-003
   7.3750000000000000       4.28213108706135357E-003
   7.6250000000000000       4.40372093724024360E-003
   7.8750000000000000       4.52497589442897152E-003
   8.1250000000000000       4.64553597444313220E-003
   8.3750000000000000       4.76392363446069469E-003
   8.6250000000000000       4.87810992390663549E-003
   8.8750000000000000       4.98626510827137725E-003
   9.1250000000000000       5.08734210039420588E-003
   9.3750000000000000       5.18136348670595118E-003
   9.6250000000000000       5.26930997157818055E-003
   9.8750000000000000       5.35255859263872834E-003
   10.125000000000000       5.43236652928856274E-003
   10.375000000000000       5.50931290722391810E-003
   10.625000000000000       5.58317260336923388E-003
   10.875000000000000       5.65325296670165286E-003
   11.125000000000000       5.71865863274456133E-003
   11.375000000000000       5.77835469035694379E-003
   11.625000000000000       5.83226352072282322E-003
   11.875000000000000       5.88109331230638691E-003
   12.125000000000000       5.92570293727194553E-003
   12.375000000000000       5.96738567501817804E-003
   12.625000000000000       6.00812538601063189E-003
   12.875000000000000       6.04886520642316378E-003
   13.125000000000000       6.08986725699163511E-003
   13.375000000000000       6.13184915628614286E-003
   13.625000000000000       6.17412905554130462E-003
   13.875000000000000       6.21609372729616146E-003
   14.125000000000000       6.25704571731190273E-003
   14.375000000000000       6.29697711292748555E-003
   14.625000000000000       6.33551896140648572E-003
   14.875000000000000       6.37330833564777634E-003
   15.125000000000000       6.41100551845254912E-003
   15.375000000000000       6.44943246072804399E-003
   15.625000000000000       6.48930834653488244E-003
   15.875000000000000       6.53101038124820951E-003
   16.125000000000000       6.57458337469821186E-003
   16.375000000000000       6.61975413767720931E-003
   16.625000000000000       6.66593812743500498E-003
   16.875000000000000       6.71231353609004922E-003
   17.125000000000000       6.75797863028447347E-003
   17.375000000000000       6.80214284339850355E-003
   17.625000000000000       6.84429369883035946E-003
   17.875000000000000       6.88428245163555819E-003
   18.125000000000000       6.92231997476288035E-003
   18.375000000000000       6.95890508974780428E-003
   18.625000000000000       6.99468569323816614E-003
   18.875000000000000       7.03031773642455362E-003
   19.125000000000000       7.06633787065103283E-003
   19.375000000000000       7.10307596950076475E-003
   19.625000000000000       7.14061248942869393E-003
   19.875000000000000       7.17877955697569185E-003
   20.125000000000000       7.21719771245469231E-003
   20.375000000000000       7.25533714020968820E-003
   20.625000000000000       7.29259265321009504E-003
   20.875000000000000       7.32836295628946748E-003
   21.125000000000000       7.36212553874694958E-003
   21.375000000000000       7.39349800546051494E-003
   21.625000000000000       7.42227569529999368E-003
   21.875000000000000       7.44843708470562318E-003
   22.125000000000000       7.47211525571797337E-003
   22.375000000000000       7.49354229044121162E-003
   22.625000000000000       7.51297500901078330E-003
   22.875000000000000       7.53060880213852080E-003
   23.125000000000000       7.54649191365118401E-003
   23.375000000000000       7.56048059492118920E-003
   23.625000000000000       7.57227345060280423E-003
   23.875000000000000       7.58136024459124275E-003
   24.125000000000000       7.58704675291081449E-003
   24.375000000000000       7.58873090999264126E-003
   24.625000000000000       7.58553977410626745E-003
   24.875000000000000       7.57671061703361643E-003
   25.125000000000000       7.56150121326699780E-003
   25.375000000000000       7.53934805051563461E-003
   25.625000000000000       7.50986056911372678E-003
   25.875000000000000       7.47268306547307568E-003
   26.125000000000000       7.42759443463540669E-003
   26.375000000000000       7.37436728284776317E-003
   26.625000000000000       7.31312962606875394E-003
   26.875000000000000       7.24367467212992059E-003
   27.125000000000000       7.16562119297003888E-003
   27.375000000000000       7.07925343258756189E-003
   27.625000000000000       6.98429433815986149E-003
   27.875000000000000       6.88019385305662159E-003
   28.125000000000000       6.76697843246897544E-003
   28.375000000000000       6.64458278633876277E-003
   28.625000000000000       6.51240164871440610E-003
   28.875000000000000       6.37024384271833808E-003
   29.125000000000000       6.21829912789376767E-003
   29.375000000000000       6.05623370098266282E-003
   29.625000000000000       5.88399962537807571E-003
   29.875000000000000       5.70188806755000336E-003
   30.125000000000000       5.51022841026983790E-003
   30.375000000000000       5.30950417857944858E-003
   30.625000000000000       5.10054751826433724E-003
   30.875000000000000       4.88445930621849572E-003
   31.125000000000000       4.66256324797898521E-003
   31.375000000000000       4.43626957021449678E-003
   31.625000000000000       4.20704208463222769E-003
   31.875000000000000       3.97645204386297847E-003
   32.125000000000000       3.74612252051991943E-003
   32.375000000000000       3.51764595162987236E-003
   32.625000000000000       3.29255737463748054E-003
   32.875000000000000       3.07234321422046987E-003
   33.125000000000000       2.85843748995736821E-003
   33.375000000000000       2.65221836653358779E-003
   33.625000000000000       2.45491515297589259E-003
   33.875000000000000       2.26751139374683488E-003
   34.125000000000000       2.09065061065481133E-003
   34.375000000000000       1.92459064308943511E-003
   34.625000000000000       1.76925277746648769E-003
   34.875000000000000       1.62434639466208994E-003
   35.125000000000000       1.48949803610967397E-003
   35.375000000000000       1.36430940683817076E-003
   35.625000000000000       1.24830268689135604E-003
   35.875000000000000       1.14079332826883331E-003
   36.125000000000000       1.04080303570544173E-003
   36.375000000000000       9.47125411603715896E-004
   36.625000000000000       8.58572442056779574E-004
   36.875000000000000       7.74282005093034987E-004
   37.125000000000000       6.93866511233023160E-004
   37.375000000000000       6.17253897047132546E-004
   37.625000000000000       5.44328443310467393E-004
   37.875000000000000       4.74734980637000190E-004
   38.125000000000000       4.08172292465956666E-004
   38.375000000000000       3.45005861245132131E-004
   38.625000000000000       2.86438890818712982E-004
   38.875000000000000       2.33618750182696885E-004
   39.125000000000000       1.86399350003545639E-004
   39.375000000000000       1.43757320466518772E-004
   39.625000000000000       1.06625220594148542E-004
   39.875000000000000       7.62475984222935608E-005
   40.125000000000000       4.80285824765914568E-005
   40.375000000000000       2.54784041271110368E-005
   40.625000000000000       6.35553502107492711E-006
   40.875000000000000      -1.17048672702348573E-005
   41.125000000000000      -2.89705091741604885E-005
   41.375000000000000      -4.48489755339693890E-005
   41.625000000000000      -5.91939831801059399E-005
   41.875000000000000      -7.23759933553848301E-005
   42.125000000000000      -8.43186720954049255E-005
   42.375000000000000      -9.43963301986970344E-005
   42.625000000000000      -1.02753363024964117E-004
   42.875000000000000      -1.10476954913520101E-004
   43.125000000000000      -1.17897356624209126E-004
   43.375000000000000      -1.24987135120261538E-004
   43.625000000000000      -1.33096179757215272E-004
   43.875000000000000      -1.42379007857092784E-004
   44.125000000000000      -1.51270938454457922E-004
   44.375000000000000      -1.60910940563604163E-004
   44.625000000000000      -1.70978816303295563E-004
   44.875000000000000      -1.80877493305414553E-004
   45.125000000000000      -1.93187017239156329E-004
   45.375000000000000      -2.05043852513506832E-004
   45.625000000000000      -2.19245302751020399E-004
   45.875000000000000      -2.32559514210052489E-004
   46.125000000000000      -2.49036030015216663E-004
   46.375000000000000      -2.64877944686205461E-004
   46.625000000000000      -2.83452685233272423E-004
   46.875000000000000      -3.02645846498979622E-004
   47.125000000000000      -3.22486606653743112E-004
   47.375000000000000      -3.45488923429859457E-004
   47.625000000000000      -3.69253357157150043E-004
   47.875000000000000      -3.94470193103595948E-004
   48.125000000000000      -4.23049742847458237E-004
   48.375000000000000      -4.53906014128225893E-004
   48.625000000000000      -4.86307357746247669E-004
   48.875000000000000      -5.22178435763933930E-004
   49.125000000000000      -5.62141659225346563E-004
   49.375000000000000      -6.04895370857768690E-004
   49.625000000000000      -6.51303223781598390E-004
   49.875000000000000      -7.03030826270251434E-004
   50.125000000000000      -7.58320630528047678E-004
   50.375000000000000      -8.11549997399001015E-004
   50.625000000000000      -8.63109670802383183E-004
   50.875000000000000      -9.13019871496895531E-004
   51.125000000000000      -9.58036426380674908E-004
   51.375000000000000      -9.96805987058776424E-004
   51.625000000000000      -1.02765622655900013E-003
   51.875000000000000      -1.04592012017426387E-003
   52.125000000000000      -1.04817805740447622E-003
   52.375000000000000      -1.03167453877258232E-003
   52.625000000000000      -9.92510281962583974E-004
   52.875000000000000      -9.26126343939791675E-004
   53.125000000000000      -8.25037273441428824E-004
   53.375000000000000      -6.79816908546907166E-004
   53.625000000000000      -4.83520027288569278E-004
   53.875000000000000      -2.29076572834461384E-004
   54.125000000000000       9.50253399282573012E-005
   54.375000000000000       5.00447033043141358E-004
   54.625000000000000       9.94996080839607522E-004
   54.875000000000000       1.58690585909766237E-003
   55.125000000000000       2.28672463988487378E-003
   55.375000000000000       3.10114247756346478E-003
   55.625000000000000       4.02997875729940377E-003
   55.875000000000000       5.07083838714182580E-003
   56.125000000000000       6.22118527684209759E-003
   56.375000000000000       7.47459976930461237E-003
   56.625000000000000       8.82058146728176631E-003
   56.875000000000000       1.02499563862363235E-002
   57.125000000000000       1.17564838810573381E-002
   57.375000000000000       1.33323478682463425E-002
   57.625000000000000       1.49661376045334381E-002
   57.875000000000000       1.66460972780927627E-002
   58.125000000000000       1.83626849550215764E-002
   58.375000000000000       2.01103981945341403E-002
   58.625000000000000       2.18931160533935888E-002
   58.875000000000000       2.37236959487289872E-002
   59.125000000000000       2.56020995757061873E-002
   59.375000000000000       2.74844756843818129E-002
   59.625000000000000       2.92914099518840031E-002
   59.875000000000000       3.09880692829698767E-002
   60.125000000000000       3.26864892632275222E-002
   60.375000000000000       3.46377349589398129E-002
   60.625000000000000       3.70059300529627586E-002
   60.875000000000000       3.95109987592153836E-002
   61.125000000000000       4.13481937299556013E-002
   61.375000000000000       4.18557358945991775E-002
   61.625000000000000       4.15967156445180425E-002
   61.875000000000000       4.25933995201870294E-002
   62.125000000000000       4.70098820023504976E-002
   62.375000000000000       5.44915007925048031E-002
   62.625000000000000       5.97941764047081048E-002
   62.875000000000000       5.65657006068678372E-002
   63.125000000000000       4.63694549298604430E-002
   63.375000000000000       3.79722181366022732E-002
   63.625000000000000       3.97901884675238363E-002
   63.875000000000000       5.82023906453373249E-002
   64.125000000000000       8.82386737941703858E-002
   64.375000000000000       9.66856218208557994E-002
   64.625000000000000       6.76511451015906901E-002
   64.875000000000000       3.43188344277911908E-002
   65.125000000000000       1.57826368385314691E-002
   65.375000000000000       7.67129486796434487E-003
   65.625000000000000       4.19868032107275323E-003
   65.875000000000000       2.60361711820630837E-003
   66.125000000000000       1.78108127311713514E-003
   66.375000000000000       1.29927596587581825E-003
   66.625000000000000       9.84779511010976018E-004
   66.875000000000000       7.63222525910002320E-004
   67.125000000000000       5.99309745295416763E-004
   67.375000000000000       4.74163286788030708E-004
   67.625000000000000       3.76578522887787781E-004
   67.875000000000000       2.99442899605569424E-004
   68.125000000000000       2.38060783511784784E-004
   68.375000000000000       1.89207304632161639E-004
   68.625000000000000       1.50520306188023546E-004
   68.875000000000000       1.20114033718290349E-004
   69.125000000000000       9.63689973194718492E-005
   69.375000000000000       7.78535413764653466E-005
   69.625000000000000       6.33237801300877168E-005
   69.875000000000000       5.17509781825409258E-005
   70.125000000000000       4.23400712696594698E-005
   70.375000000000000       3.45225451321767030E-005
   70.625000000000000       2.79237187100693469E-005
   70.875000000000000       2.23144049059863983E-005
   71.125000000000000       1.75595788259765554E-005
   71.375000000000000       1.35742027691090298E-005
   71.625000000000000       1.02916352596953166E-005
   71.875000000000000       7.64546543754353828E-006
   72.125000000000000       5.56247617935579088E-006
   72.375000000000000       3.96305162905186720E-006
   72.625000000000000       2.76536164020867165E-006
   72.875000000000000       1.89048450678706414E-006
   73.125000000000000       1.26671960463858856E-006
   73.375000000000000       8.32321874643562822E-007
   73.625000000000000       5.36586428391023418E-007
   73.875000000000000       3.39599789168709454E-007
   74.125000000000000       2.11114331829673540E-007
   74.375000000000000       1.28982583253413498E-007
   74.625000000000000       7.74894288676737016E-008
   74.875000000000000       4.58014971021950385E-008
   75.125000000000000       2.66478574424318035E-008
   75.375000000000000       1.52686692012016351E-008
   75.625000000000000       8.61982186357796036E-009
   75.875000000000000       4.79674559345792516E-009
   76.125000000000000       2.63227196424268473E-009
   76.375000000000000       1.42503816024318443E-009
   76.625000000000000       7.61380610101071378E-010
   76.875000000000000       4.01621485178263784E-010
   77.125000000000000       2.09230399267393050E-010
   77.375000000000000       1.07688998626285178E-010
   77.625000000000000       5.47767224267271283E-011
   77.875000000000000       2.75443263079647274E-011
   78.125000000000000       1.36964211633623699E-011
   78.375000000000000       6.73663184096585485E-012
   78.625000000000000       3.27835541485689521E-012
   78.875000000000000       1.57891453650056122E-012
   79.125000000000000       7.52762242822484558E-013
   79.375000000000000       3.55350186874142196E-013
   79.625000000000000       1.66132109863416175E-013
   79.875000000000000       7.69385228176597297E-014
   80.125000000000000       3.53035674214293307E-014
   80.375000000000000       1.60533479395909709E-014
   80.625000000000000       7.23551473389624933E-015
   80.875000000000000       3.23304269298633598E-015
   81.125000000000000       1.43241910025439352E-015
   81.375000000000000       6.29391820224864925E-016
   81.625000000000000       2.74307342970676570E-016
   81.875000000000000       1.18601347699151188E-016
   82.125000000000000       5.08798446516671188E-017
   82.375000000000000       2.16606619693927060E-017
   82.625000000000000       9.15231871184550964E-018
   82.875000000000000       3.83871269213695069E-018
   83.125000000000000       1.59843425359033646E-018
   83.375000000000000       6.60870545843164727E-019
   83.625000000000000       2.71335379560991501E-019
   83.875000000000000       1.10641769300590175E-019
   84.125000000000000       4.48133144573621579E-020
   84.375000000000000       1.80310629850661582E-020
   84.625000000000000       7.20794473519823043E-021
   84.875000000000000       2.86302754420518862E-021
   85.125000000000000       1.13008287857091101E-021
   85.375000000000000       4.43313712994928237E-022
   85.625000000000000       1.72851153310684493E-022
   85.875000000000000       6.69941023163245149E-023
   86.125000000000000       2.58134348998808975E-023
   86.375000000000000       9.88873182589674514E-024
   86.625000000000000       3.76669569349940707E-024
   86.875000000000000       1.42673767525799815E-024
   87.125000000000000       5.37438662450891138E-025
   87.375000000000000       2.01349903588083772E-025
   87.625000000000000       7.50321388768223423E-026
   87.875000000000000       2.78132251209421266E-026
   88.125000000000000       1.02564574205843694E-026
   88.375000000000000       3.76286354955184944E-027
   88.625000000000000       1.37355757341713611E-027
   88.875000000000000       4.98900629723645694E-028
   89.125000000000000       1.80322846029844048E-028
   89.375000000000000       6.48614987464712608E-029
   89.625000000000000       2.32194560909183264E-029
   89.875000000000000       8.27322008367341647E-030
   90.125000000000000       2.93415173777072893E-030
   90.375000000000000       1.03586550334645138E-030
   90.625000000000000       3.64052252158173023E-031
   90.875000000000000       1.27376635878782953E-031
   91.125000000000000       4.43718059289815602E-032
   91.375000000000000       1.53900749327512955E-032
   91.625000000000000       5.31514536723944490E-033
   91.875000000000000       1.82790787538971737E-033
   92.125000000000000       6.26010563500998769E-034
   92.375000000000000       2.13510965777823209E-034
   92.625000000000000       7.25257723778545819E-035
   92.875000000000000       2.45369298280483387E-035
   93.125000000000000       8.26847347193429615E-036
   93.375000000000000       2.77542089503406500E-036
   93.625000000000000       9.28007503133201901E-037
   93.875000000000000       3.09110349289594216E-037
   94.125000000000000       1.02573443368627345E-037
   94.375000000000000       3.39105764446702362E-038
   94.625000000000000       1.11694913904807853E-038
   94.875000000000000       3.66562794280917621E-039
   95.125000000000000       1.19866697579562507E-039
   95.375000000000000       3.90572747504005972E-040
   95.625000000000000       1.26816656301178245E-040
   95.875000000000000       4.10335433442228991E-041
   96.125000000000000       1.32314420759760307E-041
   96.375000000000000       4.25204191436100998E-042
   96.625000000000000       1.36184145083062830E-042
   96.875000000000000       4.34720754860092107E-043
   97.125000000000000       1.38313600247074384E-043
   97.375000000000000       4.38637410160419537E-044
   97.625000000000000       1.38658990967101772E-044
   97.875000000000000       4.36925135900683573E-045
   98.125000000000000       1.37245285169419734E-045
   98.375000000000000       4.29767701257767561E-046
   98.625000000000000       1.34162247598041400E-046
   98.875000000000000       4.17542919025197334E-047
   99.125000000000000       1.29556725372605502E-047
   99.375000000000000       4.00793258047237534E-048
   99.625000000000000       1.23622008552188752E-048
   99.875000000000000       3.80188733604274793E-049
   100.12500000000000       1.16585261176438786E-049
   100.37500000000000       3.56485365301448499E-050
   100.62500000000000       1.08694080421695616E-050
   100.87500000000000       3.30482519131905499E-051
   101.12500000000000       1.00203199556707439E-051
   101.37500000000000       3.02982171670279915E-052
   101.62500000000000       9.13622214536730528E-053
   101.87500000000000       2.74752617225724483E-053
   102.12500000000000       8.24050780081034188E-054
   102.37500000000000       2.46498467544217372E-054
   102.62500000000000       7.35416847426368177E-055
   102.87500000000000       2.18838056749388404E-055
   103.12500000000000       6.49520263735887129E-056
   103.37500000000000       1.92288643118427670E-056
   103.62500000000000       5.67826918122364679E-057
   103.87500000000000       1.67259160183233828E-057
   104.12500000000000       4.91456938179666775E-058
   104.37500000000000       1.44049758542814582E-058
   104.62500000000000       4.21192704460245030E-059
   104.87500000000000       1.22857021073400371E-059
   105.12500000000000       3.57502769640152419E-060
   105.37500000000000       1.03783532188992281E-060
   105.62500000000000       3.00577366069895734E-061
   105.87500000000000       8.68504241509581865E-062
   106.12500000000000       2.50371204554223288E-062
   106.37500000000000       7.20115861119606527E-063
   106.62500000000000       2.06649620039303794E-063
   106.87500000000000       5.91683739347648235E-064
   107.12500000000000       1.69034704683566769E-064
   107.37500000000000       4.81838682730347985E-065
   107.62500000000000       1.37048784291825433E-065
   107.87500000000000       3.88959643013430906E-066
   108.12500000000000       1.10153349929260885E-066
   108.37500000000000       3.11288128432768742E-067
   108.62500000000000       8.77822798854878598E-068
   108.87500000000000       2.47023496481286908E-068
   109.12500000000000       6.93688258379865175E-069
   109.37500000000000       1.94398340199508761E-069
   109.62500000000000       5.43663595390711181E-070
   109.87500000000000       1.51734629765174921E-070
   110.12500000000000       4.22632695512748588E-071
   110.37500000000000       1.17482309878008131E-071
   110.62500000000000       3.25926632893545757E-072
   110.87500000000000       9.02427054560517277E-073
   111.12500000000000       2.49376804018312985E-073
   111.37500000000000       6.87794049886052469E-074
   111.62500000000000       1.89332784218029509E-074
   111.87500000000000       5.20193388076982765E-075
   112.12500000000000       1.42653326505916726E-075
   112.37500000000000       3.90466192121166417E-076
   112.62500000000000       1.06678214696400658E-076
   112.87500000000000       2.90914280490503888E-077
   113.12500000000000       7.91876576722310230E-078
   113.37500000000000       2.15158836913370632E-078
   113.62500000000000       5.83547374153990508E-079
   113.87500000000000       1.57984406659357630E-079
   114.12500000000000       4.26952304448967312E-080
   114.37500000000000       1.15180066669869293E-080
   114.62500000000000       3.10180031522111314E-081
   114.87500000000000       8.33862696954824300E-082
   115.12500000000000       2.23781944229921532E-082
   115.37500000000000       5.99529898801563666E-083
   115.62500000000000       1.60345735058397968E-083
   115.87500000000000       4.28124551651201543E-084
   116.12500000000000       1.14118049230021312E-084
   116.37500000000000       3.03679374009011097E-085
   116.62500000000000       8.06785733728436247E-086
   116.87500000000000       2.13987413612635960E-086
   117.12500000000000       5.66644192831315720E-087
   117.37500000000000       1.49806231241255492E-087
   117.62500000000000       3.95413516612270637E-088
   117.87500000000000       1.04203008309769152E-088
   118.12500000000000       2.74170660756353567E-089
   118.37500000000000       7.20242066515808054E-090
   118.62500000000000       1.88911120739249642E-090
   118.87500000000000       4.94723800122728027E-091
   119.12500000000000       1.29359691285104708E-091
   119.37500000000000       3.37730764020837257E-092
   119.62500000000000       8.80404609518623094E-093
   119.87500000000000       2.29159847389537813E-093
   120.12500000000000       5.95584959386373633E-094
   120.37500000000000       1.54561847805762142E-094
   120.62500000000000       4.00514843709530098E-095
   120.87500000000000       1.03632738489154764E-095
   121.12500000000000       2.67757495251125790E-096
   121.37500000000000       6.90807141847477247E-097
   121.62500000000000       1.77969955523070962E-097
   121.87500000000000       4.57841739630145955E-098
   122.12500000000000       1.17616154537546924E-098
   122.37500000000000       3.01720981485593910E-099
   122.62500000000000       7.72920790138403409E-100
   122.87500000000000       1.97723989868824394E-100
   123.12500000000000       5.05106034593331895E-101
   123.37500000000000       1.28857125822755953E-101
   123.62500000000000       3.28277298389431128E-102
   123.87500000000000       8.35186730896354325E-103
   124.12500000000000       2.12197568870668434E-103
   124.37500000000000       5.38412364995544703E-104
   124.62500000000000       1.36430393661236741E-104
   124.87500000000000       3.45248953382545150E-105
   125.12500000000000       8.72533980685878573E-106
   125.37500000000000       2.20223997449400264E-106
   125.62500000000000       5.55114771972003752E-107
   125.87500000000000       1.39746287781612966E-107
   126.12500000000000       3.51350516738324260E-108
   126.37500000000000       8.82240859204363196E-109
   126.62500000000000       2.21250057577262054E-109
   126.87500000000000       5.54156763706540517E-110
   127.12500000000000       1.38623940285351622E-110
   127.37500000000000       3.46340673037354480E-111
   127.62500000000000       8.64234661122651201E-112
   127.87500000000000       2.15390244055507883E-112
   128.12500000000000       5.36154244217752495E-113
   128.37500000000000       1.33298731437737629E-113
   128.62500000000000       3.31007610494984175E-114
   128.87500000000000       8.20972770530809679E-115
   129.12500000000000       2.03376807099596069E-115
   129.37500000000000       5.03221343389226672E-116
   129.62500000000000       1.24366858994567670E-116
   129.87500000000000       3.07002042759006890E-117
   130.12500000000000       7.56958070382336925E-118
   130.37500000000000       1.86422911508937478E-118
   130.62500000000000       4.58592102790409739E-119
   130.87500000000000       1.12682525115645832E-119
   131.12500000000000       2.76561771076293480E-120
   131.37500000000000       6.78010065768398785E-121
   131.62500000000000       1.66031833652570320E-121
   131.87500000000000       4.06125821658195280E-122
   132.12500000000000       9.92308289326275691E-123
   132.37500000000000       2.42187737341227086E-123
   132.62500000000000       5.90445621709789103E-124
   132.87500000000000       1.43791289126673407E-124
   133.12500000000000       3.49794378469496641E-125
   133.37500000000000       8.50008544999638305E-126
   133.62500000000000       2.06332001803030888E-126
   133.87500000000000       5.00317068320403822E-127
   134.12500000000000       1.21188677005883331E-127
   134.37500000000000       2.93237369768063167E-128
   134.62500000000000       7.08793388082572761E-129
   134.87500000000000       1.71145535468374267E-129
   135.12500000000000       4.12818876744144541E-130
   135.37500000000000       9.94727300906619954E-131
   135.62500000000000       2.39442634746434220E-131
   135.87500000000000       5.75776984623357770E-132
   136.12500000000000       1.38313601344982816E-132
   136.37500000000000       3.31921683547999631E-133
   136.62500000000000       7.95735736670755214E-134
   136.87500000000000       1.90575443894131589E-134
   137.12500000000000       4.55965698553178272E-135
   137.37500000000000       1.08985032407171427E-135
   137.62500000000000       2.60239533780171421E-136
   137.87500000000000       6.20802810913135773E-137
   138.12500000000000       1.47948410748318435E-137
   138.37500000000000       3.52245441834945074E-138
   138.62500000000000       8.37840036605797831E-139
   138.87500000000000       1.99094687146968074E-139
   139.12500000000000       4.72653885338609874E-140
   139.37500000000000       1.12102149800324523E-140
   139.62500000000000       2.65628046371176743E-141
   139.87500000000000       6.28818493727783114E-142
   140.12500000000000       1.48720271684915027E-142
   140.37500000000000       3.51407154469114298E-143
   140.62500000000000       8.29561627430263696E-144
   140.87500000000000       1.95652941719073769E-144
   141.12500000000000       4.61026414641347440E-145
   141.37500000000000       1.08534784479936336E-145
   141.62500000000000       2.55280590190933653E-146
   141.87500000000000       5.99893740335817799E-147
   142.12500000000000       1.40844702715198640E-147
   142.37500000000000       3.30383466333918035E-148
   142.62500000000000       7.74300656137545508E-149
   142.87500000000000       1.81307763568998762E-149
   143.12500000000000       4.24170566339279897E-150
   143.37500000000000       9.91479866232268708E-151
   143.62500000000000       2.31551919365539441E-151
   143.87500000000000       5.40301091296473086E-152
   144.12500000000000       1.25964486843417878E-152
   144.37500000000000       2.93418198269279381E-153
   144.62500000000000       6.82895785997315980E-154
   144.87500000000000       1.58800579734741354E-154
   145.12500000000000       3.68962124135166837E-155
   145.37500000000000       8.56535393586173964E-156
   145.62500000000000       1.98675551243005071E-156
   145.87500000000000       4.60448298232400660E-157
   146.12500000000000       1.06624346789481695E-157
   146.37500000000000       2.46702006153478328E-158
   146.62500000000000       5.70336901946484839E-159
   146.87500000000000       1.31745093875460360E-159
   147.12500000000000       3.04076809598936766E-160
   147.37500000000000       7.01261001146862995E-161
   147.62500000000000       1.61594014425155086E-161
   147.87500000000000       3.72067462483480953E-162
   148.12500000000000       8.55993735306483015E-163
   148.37500000000000       1.96776654819623378E-163
   148.62500000000000       4.51993609420988068E-164
   148.87500000000000       1.03740652863514543E-164
   149.12500000000000       2.37923464424479128E-165
   149.37500000000000       5.45543774741100520E-166
   149.62500000000000       1.26332451297044031E-166
   149.87500000000000       3.50942843229969044E-167
   150.12500000000000       3.50942843229969044E-167
