 -0.12500000000000000       1.41217984296808800E-005
  0.12500000000000000       1.41217984296808800E-005
  0.37500000000000000      -1.07585584309765172E-005
  0.62500000000000000      -2.38986583162417944E-005
  0.87500000000000000      -2.72746288123537833E-005
   1.1250000000000000      -2.34021506936153660E-005
   1.3750000000000000      -1.46161560148820932E-005
   1.6250000000000000      -2.79321338644038372E-006
   1.8750000000000000       1.06991574495944766E-005
   2.1250000000000000       2.49495097243653379E-005
   2.3750000000000000       3.94126455375739992E-005
   2.6250000000000000       5.38166844180261946E-005
   2.8750000000000000       6.80818827395438431E-005
   3.1250000000000000       8.22568713021644171E-005
   3.3750000000000000       9.64702382881076190E-005
   3.6250000000000000       1.10897563575713013E-004
   3.8750000000000000       1.25739401653669048E-004
   4.1250000000000000       1.41207727338273613E-004
   4.3750000000000000       1.57518489827068546E-004
   4.6250000000000000       1.74888335935826923E-004
   4.8750000000000000       1.93533730685829081E-004
   5.1250000000000000       2.13673103638619576E-004
   5.3750000000000000       2.35528915481606713E-004
   5.6250000000000000       2.59328570981743733E-004
   5.8750000000000000       2.85309421084625422E-004
   6.1250000000000000       3.13721398204429487E-004
   6.3750000000000000       3.44830173052266490E-004
   6.6250000000000000       3.78920311162391247E-004
   6.8750000000000000       4.16298437045530358E-004
   7.1250000000000000       4.57291705911634617E-004
   7.3750000000000000       5.02270491377567407E-004
   7.6250000000000000       5.51622750239884525E-004
   7.8750000000000000       6.05774797914833928E-004
   8.1250000000000000       6.65192857287664574E-004
   8.3750000000000000       7.30386187680047145E-004
   8.6250000000000000       8.01910999553489753E-004
   8.8750000000000000       8.80374677377918362E-004
   9.1250000000000000       9.66426920225340203E-004
   9.3750000000000000       1.06079310080682597E-003
   9.6250000000000000       1.16430772100494981E-003
   9.8750000000000000       1.27779836113961682E-003
   10.125000000000000       1.40219764241110651E-003
   10.375000000000000       1.53852391170770063E-003
   10.625000000000000       1.68788639571257771E-003
   10.875000000000000       1.85149074102376656E-003
   11.125000000000000       2.03064723080152113E-003
   11.375000000000000       2.22652507155943376E-003
   11.625000000000000       2.44092926735591355E-003
   11.875000000000000       2.67580999424252763E-003
   12.125000000000000       2.93263955986928322E-003
   12.375000000000000       3.21307702523624230E-003
   12.625000000000000       3.51967064603123667E-003
   12.875000000000000       3.85437325052289661E-003
   13.125000000000000       4.21901011433770210E-003
   13.375000000000000       4.61677926483733403E-003
   13.625000000000000       5.05017368444757222E-003
   13.875000000000000       5.52205996215857520E-003
   14.125000000000000       6.03513524271478280E-003
   14.375000000000000       6.59278207925455620E-003
   14.625000000000000       7.19783778621283215E-003
   14.875000000000000       7.85386698466336228E-003
   15.125000000000000       8.56410047103068825E-003
   15.375000000000000       9.33186510108399009E-003
   15.625000000000000       1.01605170527115669E-002
   15.875000000000000       1.10533143908936177E-002
   16.125000000000000       1.20133523600397928E-002
   16.375000000000000       1.30434889056898345E-002
   16.625000000000000       1.41462481601859896E-002
   16.875000000000000       1.53237033198605418E-002
   17.125000000000000       1.65773442407516694E-002
   17.375000000000000       1.79079292625572740E-002
   17.625000000000000       1.93153280470564417E-002
   17.875000000000000       2.07983436874340302E-002
   18.125000000000000       2.23545221973220319E-002
   18.375000000000000       2.39799711346695560E-002
   18.625000000000000       2.56691638647748750E-002
   18.875000000000000       2.74147661721317534E-002
   19.125000000000000       2.92074770936236218E-002
   19.375000000000000       3.10359072052584679E-002
   19.625000000000000       3.28865038448640234E-002
   19.875000000000000       3.47435401999574497E-002
   20.125000000000000       3.65891833896747343E-002
   20.375000000000000       3.84036554293832391E-002
   20.625000000000000       4.01654983692649181E-002
   20.875000000000000       4.18519501198553120E-002
   21.125000000000000       4.34394310041491122E-002
   21.375000000000000       4.49041330149300075E-002
   21.625000000000000       4.62226947469944194E-002
   21.875000000000000       4.73729357104039836E-002
   22.125000000000000       4.83346150823401877E-002
   22.375000000000000       4.90901735629659455E-002
   22.625000000000000       4.96254121227548903E-002
   22.875000000000000       4.99300641833634179E-002
   23.125000000000000       4.99982227366075407E-002
   23.375000000000000       4.98285925692404444E-002
   23.625000000000000       4.94245507065501355E-002
   23.875000000000000       4.87939865991936852E-002
   24.125000000000000       4.79488856244278394E-002
   24.375000000000000       4.69051400526752232E-002
   24.625000000000000       4.56814158586214339E-002
   24.875000000000000       4.42989312323557524E-002
   25.125000000000000       4.27804321992512060E-002
   25.375000000000000       4.11495058064632463E-002
   25.625000000000000       3.94299108057630937E-002
   25.875000000000000       3.76447702300692702E-002
   26.125000000000000       3.58164193119078905E-002
   26.375000000000000       3.39655131251301312E-002
   26.625000000000000       3.21109760927996007E-002
   26.875000000000000       3.02695880514635800E-002
   27.125000000000000       2.84560203033120754E-002
   27.375000000000000       2.66835117615427352E-002
   27.625000000000000       2.49620711068910192E-002
   27.875000000000000       2.32998629786605460E-002
   28.125000000000000       2.17038771712897045E-002
   28.375000000000000       2.01788452653611471E-002
   28.625000000000000       1.87276622814818508E-002
   28.875000000000000       1.73524821349614125E-002
   29.125000000000000       1.60544401390908358E-002
   29.375000000000000       1.48330111030520444E-002
   29.625000000000000       1.36870850243713590E-002
   29.875000000000000       1.26149092163338906E-002
   30.125000000000000       1.16142153872941627E-002
   30.375000000000000       1.06823401122691248E-002
   30.625000000000000       9.81633110690115218E-003
   30.875000000000000       9.01299738185405361E-003
   31.125000000000000       8.26911132607931372E-003
   31.375000000000000       7.58134967023369345E-003
   31.625000000000000       6.94636062429694785E-003
   31.875000000000000       6.36084528544756354E-003
   32.125000000000000       5.82157863155996578E-003
   32.375000000000000       5.32543510986046090E-003
   32.625000000000000       4.86940790955337020E-003
   32.875000000000000       4.45062218411759487E-003
   33.125000000000000       4.06633906094557018E-003
   33.375000000000000       3.71398416737981968E-003
   33.625000000000000       3.39111562811074537E-003
   33.875000000000000       3.09544503422801761E-003
   34.125000000000000       2.82483086421157987E-003
   34.375000000000000       2.57727472704409079E-003
   34.625000000000000       2.35091654701879245E-003
   34.875000000000000       2.14402896736839294E-003
   35.125000000000000       1.95501051283794016E-003
   35.375000000000000       1.78238124892769875E-003
   35.625000000000000       1.62477454061649347E-003
   35.875000000000000       1.48092994401986832E-003
   36.125000000000000       1.34968793243793700E-003
   36.375000000000000       1.22998327289785257E-003
   36.625000000000000       1.12083898308263123E-003
   36.875000000000000       1.02136055949579932E-003
   37.125000000000000       9.30730439308320463E-004
   37.375000000000000       8.48202622980237866E-004
   37.625000000000000       7.73098068957279397E-004
   37.875000000000000       7.04798542791060223E-004
   38.125000000000000       6.42741630537064460E-004
   38.375000000000000       5.86414271131327079E-004
   38.625000000000000       5.35345033804772680E-004
   38.875000000000000       4.89094142723892197E-004
   39.125000000000000       4.47240054781249423E-004
   39.375000000000000       4.09360986047202708E-004
   39.625000000000000       3.75009533489870160E-004
   39.875000000000000       3.43754829347298020E-004
   40.125000000000000       3.09653234787068759E-004
   40.375000000000000       2.84249417687322807E-004
   40.625000000000000       2.60777300743226072E-004
   40.875000000000000       2.38916895703810453E-004
   41.125000000000000       2.18480218211751303E-004
   41.375000000000000       1.99360153981749269E-004
   41.625000000000000       1.81496354534685719E-004
   41.875000000000000       1.64852016511141765E-004
   42.125000000000000       1.49398825527329840E-004
   42.375000000000000       1.35107923344927866E-004
   42.625000000000000       1.21945087323841313E-004
   42.875000000000000       1.09868767538045774E-004
   43.125000000000000       9.88299345048714473E-005
   43.375000000000000       8.87729640562577262E-005
   43.625000000000000       7.96370020421135452E-005
   43.875000000000000       7.13574264917821724E-005
   44.125000000000000       6.38671491814053104E-005
   44.375000000000000       5.70976405369400227E-005
   44.625000000000000       5.09796964703670161E-005
   44.875000000000000       4.54442133913429333E-005
   45.125000000000000       4.04236871084926437E-005
   45.375000000000000       3.58559659868563972E-005
   45.625000000000000       3.16930428041628390E-005
   45.875000000000000       2.79187989404492657E-005
   46.125000000000000       2.45775654788319002E-005
   46.375000000000000       2.17995470587646510E-005
   46.625000000000000       1.97510592900810755E-005
   46.875000000000000       1.82844598268620421E-005
   47.125000000000000       1.58289004436456053E-005
   47.375000000000000       1.29435262914903105E-005
   47.625000000000000       1.06771310326465213E-005
   47.875000000000000       1.25674473774450993E-005
   48.125000000000000       1.16528598198974432E-005
   48.375000000000000       8.94871458485564636E-006
   48.625000000000000       5.93565030964389394E-006
   48.875000000000000       3.48221209872714977E-006
   49.125000000000000       1.82886029158444366E-006
   49.375000000000000       8.63993436564404754E-007
   49.625000000000000       3.66943201569584864E-007
   49.875000000000000       1.39204692387100412E-007
   50.125000000000000       4.61968306456408837E-008
   50.375000000000000       1.41816046777119879E-008
   50.625000000000000       4.13949059779150214E-009
   50.875000000000000       1.15752244187135703E-009
   51.125000000000000       3.11933411914110019E-010
   51.375000000000000       8.14013405750711833E-011
   51.625000000000000       2.06510440571908858E-011
   51.875000000000000       5.10975337818095015E-012
   52.125000000000000       1.23645790461615528E-012
   52.375000000000000       2.93271389074877180E-013
   52.625000000000000       6.83144470077821465E-014
   52.875000000000000       1.56541518280314357E-014
   53.125000000000000       3.53381764698745689E-015
   53.375000000000000       7.86862357722774320E-016
   53.625000000000000       1.73008869304927415E-016
   53.875000000000000       3.75985571933616105E-017
   54.125000000000000       8.08309226251416208E-018
   54.375000000000000       1.72035064279364513E-018
   54.625000000000000       3.62730509550918660E-019
   54.875000000000000       7.58129425547387046E-020
   55.125000000000000       1.57156798131108407E-020
   55.375000000000000       3.23272843280184611E-021
   55.625000000000000       6.60157123817879110E-022
   55.875000000000000       1.33889274602876392E-022
   56.125000000000000       2.69791073837623966E-023
   56.375000000000000       5.40308691505313102E-024
   56.625000000000000       1.07578640514711221E-024
   56.875000000000000       2.13013028429558656E-025
   57.125000000000000       4.19564653191700921E-026
   57.375000000000000       8.22265582264475880E-027
   57.625000000000000       1.60378392504105213E-027
   57.875000000000000       3.11381687366525000E-028
   58.125000000000000       6.01922071809699900E-029
   58.375000000000000       1.15869237893037522E-029
   58.625000000000000       2.22152956759669908E-030
   58.875000000000000       4.24289861865435849E-031
   59.125000000000000       8.07357601778765229E-032
   59.375000000000000       1.53081959635755545E-032
   59.625000000000000       2.89264553327484378E-033
   59.875000000000000       5.44796703390631530E-034
   60.125000000000000       1.02280662815501519E-034
   60.375000000000000       1.91434962248673814E-035
   60.625000000000000       3.57243058476305056E-036
   60.875000000000000       6.64759916088442037E-037
   61.125000000000000       1.23357535979234688E-037
   61.375000000000000       2.28299829986566461E-038
   61.625000000000000       4.21426398911520341E-039
   61.875000000000000       7.75978124216939116E-040
   62.125000000000000       1.42535295413166684E-040
   62.375000000000000       2.61199626119134067E-041
   62.625000000000000       4.77562637599676838E-042
   62.875000000000000       8.71214000892118933E-043
   63.125000000000000       1.58592916231606515E-043
   63.375000000000000       2.88093614777037114E-044
   63.625000000000000       5.22275544990418319E-045
   63.875000000000000       9.44944188735642781E-046
   64.125000000000000       1.70638174794147604E-046
   64.375000000000000       3.07561514357663285E-047
   64.625000000000000       5.53343485104942149E-048
   64.875000000000000       9.93768028242019147E-049
   65.125000000000000       1.78164928731906065E-049
   65.375000000000000       3.18878462817220281E-050
   65.625000000000000       5.69786277224112801E-051
   65.875000000000000       1.01648265361859135E-051
   66.125000000000000       1.81053050628974755E-052
   66.375000000000000       3.21992446835021455E-053
   66.625000000000000       5.71787903647340619E-054
   66.875000000000000       1.01388476838474214E-054
   67.125000000000000       1.79523359753009834E-055
   67.375000000000000       3.17428514270344645E-056
   67.625000000000000       5.60501638113722506E-057
   67.875000000000000       9.88386339335839122E-058
   68.125000000000000       1.74063598171082847E-058
   68.375000000000000       3.06148833446396587E-059
   68.625000000000000       5.37789531477764462E-060
   68.875000000000000       9.43535906792876812E-061
   69.125000000000000       1.65341463196909255E-061
   69.375000000000000       2.89396270962489052E-062
   69.625000000000000       5.05943606847489820E-063
   69.875000000000000       8.83525766744907398E-064
   70.125000000000000       1.54118169657825990E-064
   70.375000000000000       2.68543891505812311E-065
   70.625000000000000       4.67425650084256159E-066
   70.875000000000000       8.12745128641885206E-067
   71.125000000000000       1.41172227281728277E-067
   71.375000000000000       2.44965797534325936E-068
   71.625000000000000       4.24649804254089427E-069
   71.875000000000000       7.35416660105774773E-070
   72.125000000000000       1.27239105457215118E-070
   72.375000000000000       2.19937707027337781E-071
   72.625000000000000       3.79820020811805240E-072
   72.875000000000000       6.55332978168307647E-073
   73.125000000000000       1.12968913028311091E-073
   73.375000000000000       1.94569694874981601E-074
   73.625000000000000       3.34824443882593698E-075
   73.875000000000000       5.75693128359006782E-076
   74.125000000000000       9.89015103553435638E-077
   74.375000000000000       1.69769117738363475E-077
   74.625000000000000       2.91181714112294346E-078
   74.875000000000000       4.99027807533475178E-079
   75.125000000000000       8.54566961973934729E-080
   75.375000000000000       1.46228989917113841E-080
   75.625000000000000       2.50029979134998294E-081
   75.875000000000000       4.27195804708083973E-082
   76.125000000000000       7.29361956766436041E-083
   76.375000000000000       1.24435785339025567E-083
   76.625000000000000       2.12147660596233161E-084
   76.875000000000000       3.61431971997142922E-085
   77.125000000000000       6.15339429214220831E-086
   77.375000000000000       1.04690473618414537E-086
   77.625000000000000       1.77995127200508957E-087
   77.875000000000000       3.02427847066038365E-088
   78.125000000000000       5.13513955862030770E-089
   78.375000000000000       8.71371865675949205E-090
   78.625000000000000       1.47767708076179349E-090
   78.875000000000000       2.50428693388248704E-091
   79.125000000000000       4.24151420638751227E-092
   79.375000000000000       7.17949194801160244E-093
   79.625000000000000       1.21452379935749580E-093
   79.875000000000000       2.05334242812449532E-094
   80.125000000000000       3.46947049100101249E-095
   80.375000000000000       5.85888318142463515E-096
   80.625000000000000       9.88825350196271423E-097
   80.875000000000000       1.66794097203782672E-097
   81.125000000000000       2.81190891464617005E-098
   81.375000000000000       4.73788370226940683E-099
   81.625000000000000       7.97871857363268969E-100
   81.875000000000000       1.34292100538556054E-100
   82.125000000000000       2.25911980816074515E-101
   82.375000000000000       3.79841477179419803E-102
   82.625000000000000       6.38326138659817420E-103
   82.875000000000000       1.07216772517055670E-103
   83.125000000000000       1.79997045156090843E-104
   83.375000000000000       3.02032168615578577E-105
   83.625000000000000       5.06557546164738863E-106
   83.875000000000000       8.49170065579135208E-107
   84.125000000000000       1.42283109869215176E-107
   84.375000000000000       2.38290785190842935E-108
   84.625000000000000       3.98895162868311780E-109
   84.875000000000000       6.67436979659088699E-110
   85.125000000000000       1.11625660756999858E-110
   85.375000000000000       1.86604609948976717E-111
   85.625000000000000       3.11808154117797539E-112
   85.875000000000000       5.20788670084403191E-113
   86.125000000000000       8.69454165798480076E-114
   86.375000000000000       1.45092536275244283E-114
   86.625000000000000       2.42024169334082428E-115
   86.875000000000000       4.03542913678240518E-116
   87.125000000000000       6.72573936877547953E-117
   87.375000000000000       1.12049940175563394E-117
   87.625000000000000       1.86597767169204879E-118
   87.875000000000000       3.10617824523046946E-119
   88.125000000000000       5.16860435087884907E-120
   88.375000000000000       8.59704150397672372E-121
   88.625000000000000       1.42940528018938831E-121
   88.875000000000000       2.37571390430666863E-122
   89.125000000000000       3.94699922486964627E-123
   89.375000000000000       6.55504690537651365E-124
   89.625000000000000       1.08823356251242746E-124
   89.875000000000000       1.80595797253533591E-125
   90.125000000000000       2.99594618852334666E-126
   90.375000000000000       4.96824302983952479E-127
   90.625000000000000       8.23598775705996559E-128
   90.875000000000000       1.36481613354272723E-128
   91.125000000000000       2.26089155229405419E-129
   91.375000000000000       3.74398372393628011E-130
   91.625000000000000       6.19781054185378416E-131
   91.875000000000000       1.02563829209237611E-131
   92.125000000000000       1.69669267094188541E-132
   92.375000000000000       2.80586379891524086E-133
   92.625000000000000       4.63858831495960103E-134
   92.875000000000000       7.66588484080593185E-135
   93.125000000000000       1.26647705094162839E-135
   93.375000000000000       2.09166565628081972E-136
   93.625000000000000       3.45341227944752295E-137
   93.875000000000000       5.69989834008221914E-138
   94.125000000000000       9.40480044976026613E-139
   94.375000000000000       1.55130471479359802E-139
   94.625000000000000       2.55806120436461347E-140
   94.875000000000000       4.21688991109799400E-141
   95.125000000000000       6.94932003082668445E-142
   95.375000000000000       1.14488605456428875E-142
   95.625000000000000       1.88561616397642050E-143
   95.875000000000000       3.10467787427106712E-144
   96.125000000000000       5.11037965185446189E-145
   96.375000000000000       8.40938564743473992E-146
   96.625000000000000       1.38341017151959627E-146
   96.875000000000000       2.27517255883174231E-147
   97.125000000000000       3.74072234576905743E-148
   97.375000000000000       6.14858843580124598E-149
   97.625000000000000       1.01035788879431427E-149
   97.875000000000000       1.65980070313360905E-150
   98.125000000000000       2.72595425891663104E-151
   98.375000000000000       4.47573227762366233E-152
   98.625000000000000       7.34672095141244600E-153
   98.875000000000000       1.20561286319642306E-153
   99.125000000000000       1.97791694376156981E-154
   99.375000000000000       3.24410595249446062E-155
   99.625000000000000       5.31948696818607510E-156
   99.875000000000000       8.72033434138641212E-157
   100.12500000000000       1.42917728786823479E-157
   100.37500000000000       2.34169086240647156E-158
   100.62500000000000       3.83587453793968948E-159
   100.87500000000000       6.28190673493240603E-160
   101.12500000000000       1.02851753681492868E-160
   101.37500000000000       1.68354954693218905E-161
   101.62500000000000       2.75508457232876096E-162
   101.87500000000000       4.50754047805977134E-163
   102.12500000000000       7.37294221013803706E-164
   102.37500000000000       1.20570020272965401E-164
   102.62500000000000       1.97122388677725757E-165
   102.87500000000000       3.22204412203052477E-166
   103.12500000000000       5.26534351394912126E-167
   103.37500000000000       8.60245500713300468E-168
   103.62500000000000       1.40513919902727257E-168
   103.87500000000000       2.29465968910405607E-169
   104.12500000000000       3.74645024251732475E-170
   104.37500000000000       6.11540377249119931E-171
   104.62500000000000       9.98009143887200826E-172
   104.87500000000000       1.62835406071756539E-172
   105.12500000000000       2.65624918178304507E-173
   105.37500000000000       4.33206676794694655E-174
   105.62500000000000       7.06363942727582097E-175
   105.87500000000000       1.15151511621538584E-175
   106.12500000000000       1.87680514919930190E-176
   106.37500000000000       3.05828407455905092E-177
   106.62500000000000       4.98248751362001126E-178
   106.87500000000000       8.11568217345511072E-179
   107.12500000000000       1.32164527721474291E-179
   107.37500000000000       2.15187229389364355E-180
   107.62500000000000       3.50292164034365911E-181
   107.87500000000000       5.70108244521145763E-182
   108.12500000000000       9.27679185063612563E-183
   108.37500000000000       1.50921984795480050E-183
   108.62500000000000       2.45483335748729870E-184
   108.87500000000000       3.99215078532866011E-185
   109.12500000000000       6.49094400514043415E-186
   109.37500000000000       1.05517715928056761E-186
   109.62500000000000       1.71498400645832197E-187
   109.87500000000000       2.78684307362185888E-188
   110.12500000000000       4.52775866202489574E-189
   110.37500000000000       7.35483447548964618E-190
   110.62500000000000       1.19448848998086795E-190
   110.87500000000000       1.93959483173620796E-191
   111.12500000000000       3.14891250680989798E-192
   111.37500000000000       5.11129837849330347E-193
   111.62500000000000       8.29513525187253788E-194
   111.87500000000000       1.34597760111432861E-194
   112.12500000000000       2.18360881430951736E-195
   112.37500000000000       3.54188947800877724E-196
   112.62500000000000       5.74405834470376678E-197
   112.87500000000000       9.31379887954079724E-198
   113.12500000000000       1.50993949206257097E-198
   113.37500000000000       2.44747014350521176E-199
   113.62500000000000       3.96644028591910321E-200
   113.87500000000000       6.42703377363028301E-201
   114.12500000000000       1.04123046626992749E-201
   114.37500000000000       1.68659283013304993E-202
   114.62500000000000       2.73149997003681493E-203
   114.87500000000000       4.42303303414091221E-204
   115.12500000000000       7.16090082112059173E-205
   115.37500000000000       1.15916186017183455E-205
   115.62500000000000       1.87607375162526901E-206
   115.87500000000000       3.03588682675110746E-207
   116.12500000000000       4.91192284840562318E-208
   116.37500000000000       7.94599380573950627E-209
   116.62500000000000       1.28521583423127728E-209
   116.87500000000000       2.07843047740116157E-210
   117.12500000000000       3.36067837137100094E-211
   117.37500000000000       5.43313923691566678E-212
   117.62500000000000       8.78228589883696220E-213
   117.87500000000000       1.41937637376800646E-213
   118.12500000000000       2.29361883536925482E-214
   118.37500000000000       3.70577459309099895E-215
   118.62500000000000       5.98647581117306119E-216
   118.87500000000000       9.66937361733817267E-217
   119.12500000000000       1.56156735311642865E-217
   119.37500000000000       2.52149876719926040E-218
   119.62500000000000       4.07092260053099333E-219
   119.87500000000000       6.57148254544020154E-220
   120.12500000000000       1.06064653886016427E-220
   120.37500000000000       1.71165085654893614E-221
   120.62500000000000       2.76183188028127982E-222
   120.87500000000000       4.45571308240362201E-223
   121.12500000000000       7.18746071107214622E-224
   121.37500000000000       1.15923743896113679E-224
   121.62500000000000       1.86942618173306008E-225
   121.87500000000000       3.01428008880450602E-226
   122.12500000000000       4.85957850489255533E-227
   122.37500000000000       7.83346057833079237E-228
   122.62500000000000       1.26255157932543076E-228
   122.87500000000000       2.03462954453300753E-229
   123.12500000000000       3.27840537022859506E-230
   123.37500000000000       5.28179308176617518E-231
   123.62500000000000       8.50828193387335017E-232
   123.87500000000000       1.37039084839611124E-232
   124.12500000000000       2.20693449279399075E-233
   124.37500000000000       3.55367064572395596E-234
   124.62500000000000       5.72147452524101036E-235
   124.87500000000000       9.21047741780903972E-236
   125.12500000000000       1.48251812349847030E-236
   125.37500000000000       2.38595302569402999E-237
   125.62500000000000       3.83944177571651826E-238
   125.87500000000000       6.17758755811271911E-239
   126.12500000000000       9.93835864090146433E-240
   126.37500000000000       1.59865832714055413E-240
   126.62500000000000       2.57123740452297953E-241
   126.87500000000000       4.13499064481669512E-242
   127.12500000000000       6.64894914120169044E-243
   127.37500000000000       1.06900050009567165E-243
   127.62500000000000       1.71849990778257495E-244
   127.87500000000000       2.76228263054550846E-245
   128.12500000000000       4.43949929444072644E-246
   128.37500000000000       7.13423534517979698E-247
   128.62500000000000       1.14632750783992268E-247
   128.87500000000000       1.84169672487593075E-248
   129.12500000000000       2.95852955609547573E-249
   129.37500000000000       4.75206504661086447E-250
   129.62500000000000       7.63198977276371765E-251
   129.87500000000000       1.22558204551275681E-251
   130.12500000000000       1.96787031239108242E-252
   130.37500000000000       3.15936858638226342E-253
   130.62500000000000       5.07170654897656414E-254
   130.87500000000000       8.14063341642683589E-255
   131.12500000000000       1.30651017684935958E-255
   131.37500000000000       2.09661249006712233E-256
   131.62500000000000       3.36414392178848264E-257
   131.87500000000000       5.39737065921922828E-258
   132.12500000000000       8.65847581847961615E-259
   132.37500000000000       1.38884067840884594E-259
   132.62500000000000       2.22748828728918144E-260
   132.87500000000000       3.57215828380016892E-261
   133.12500000000000       5.72794007683384924E-262
   133.37500000000000       9.18372738481506164E-263
   133.62500000000000       1.47228702472720533E-263
   133.87500000000000       2.36003914088068889E-264
   134.12500000000000       3.78267806220572636E-265
   134.37500000000000       6.06224162192515879E-266
   134.62500000000000       9.71451269096191822E-267
   134.87500000000000       1.55654952542659220E-267
   135.12500000000000       2.49378632521723548E-268
   135.37500000000000       3.99493881687287640E-269
   135.62500000000000       6.39905505417637617E-270
   135.87500000000000       1.02488846094195354E-270
   136.12500000000000       1.64131758692593494E-271
   136.37500000000000       2.62823457094251817E-272
   136.62500000000000       4.20815106428258358E-273
   136.87500000000000       6.73712232056708606E-274
   137.12500000000000       1.07848390805878068E-274
   137.37500000000000       1.72627207043719358E-275
   137.62500000000000       2.76287582719436636E-276
   137.87500000000000       4.42150627706070696E-277
   138.12500000000000       7.07515711771845135E-278
   138.37500000000000       1.13203303459182487E-278
   138.62500000000000       1.81108771744000711E-279
   138.87500000000000       2.89719312161583799E-280
   139.12500000000000       4.63418302397456341E-281
   139.37500000000000       7.41185465387953149E-282
   139.62500000000000       1.18532864611094880E-282
   139.87500000000000       1.89543561378928602E-283
   140.12500000000000       3.03066447250553627E-284
   140.37500000000000       4.84535317820614263E-285
   140.62500000000000       7.74590149645704776E-286
   140.87500000000000       1.23816249091155438E-286
   141.12500000000000       1.97898566400251360E-287
   141.37500000000000       3.16276680821405692E-288
   141.62500000000000       5.05418812311130968E-289
   141.87500000000000       8.07598539352571939E-290
   142.12500000000000       1.29032681372504542E-290
   142.37500000000000       2.06140904806668858E-291
   142.62500000000000       3.29297985027127455E-292
   142.87500000000000       5.25986488704591494E-293
   143.12500000000000       8.40080496180665712E-294
   143.37500000000000       1.34161588495452384E-294
   143.62500000000000       2.14238063426430744E-295
   143.87500000000000       3.42078991867566934E-296
   144.12500000000000       5.46157214209322224E-297
   144.37500000000000       8.71907913901830842E-298
   144.62500000000000       1.39182748945013555E-298
   144.87500000000000       2.22158132300449908E-299
   145.12500000000000       3.54569362022907727E-300
   145.37500000000000       5.65851600556110600E-301
   145.62500000000000       9.02955630512536452E-302
   145.87500000000000       1.44076435992272053E-302
   146.12500000000000       2.29870029841734213E-303
   146.37500000000000       3.66720138369060631E-304
   146.62500000000000       5.84992558782400342E-305
   146.87500000000000       9.33102298466197594E-306
   147.12500000000000       1.48823554133628079E-306
   147.37500000000000       2.37343716648224680E-307
   147.62500000000000       3.78484080878131742E-308
   147.87500000000000       6.03505823535094998E-309
   148.12500000000000       9.62231205081833419E-310
   148.37500000000000       1.53405767405626551E-310
   148.62500000000000       2.44550396478082022E-311
   148.87500000000000       3.89816005768994094E-312
   149.12500000000000       6.21322062408372168E-313
   149.37500000000000       9.90332735652207560E-314
   149.62500000000000       1.58443987584014098E-314
   149.87500000000000       2.91529995026338649E-315
   150.12500000000000       2.91529995026338649E-315
