 -0.12500000000000000       2.07032146063057519E-006
  0.12500000000000000       2.07032146063057519E-006
  0.37500000000000000       3.69945975956710183E-006
  0.62500000000000000      -3.90635361646771791E-006
  0.87500000000000000      -1.67377772445350848E-006
   1.1250000000000000       5.56674556916208655E-006
   1.3750000000000000       7.53305197520382227E-006
   1.6250000000000000       2.64998229748668532E-006
   1.8750000000000000      -3.27225799481490655E-006
   2.1250000000000000      -4.60142933327164442E-006
   2.3750000000000000      -5.67391864835641293E-007
   2.6250000000000000       5.32416070490279097E-006
   2.8750000000000000       8.74702058123212205E-006
   3.1250000000000000       7.59439884552826525E-006
   3.3750000000000000       2.85512776969830183E-006
   3.6250000000000000      -2.52962425451904103E-006
   3.8750000000000000      -5.61996572592196027E-006
   4.1250000000000000      -5.00433144107157228E-006
   4.3750000000000000      -1.25593001233859924E-006
   4.6250000000000000       3.63177071576022930E-006
   4.8750000000000000       7.33728624344340672E-006
   5.1250000000000000       8.24325685969823194E-006
   5.3750000000000000       6.00212429360690464E-006
   5.6250000000000000       1.51316149442934771E-006
   5.8750000000000000      -3.56402138515881959E-006
   6.1250000000000000      -7.48809584451137337E-006
   6.3750000000000000      -9.03959176622720962E-006
   6.6250000000000000      -7.86266516615788712E-006
   6.8750000000000000      -4.48201588379896949E-006
   7.1250000000000000      -4.14172207217497104E-008
   7.3750000000000000       4.07797243264712016E-006
   7.6250000000000000       6.70115112161838354E-006
   7.8750000000000000       7.14319027106863384E-006
   8.1250000000000000       5.35387914837048359E-006
   8.3750000000000000       1.87414088842731612E-006
   8.6250000000000000      -2.35815779718224786E-006
   8.8750000000000000      -6.27535317062202652E-006
   9.1250000000000000      -8.92088686100964102E-006
   9.3750000000000000      -9.67432663860870427E-006
   9.6250000000000000      -8.38901917390258354E-006
   9.8750000000000000      -5.27741725016964309E-006
   10.125000000000000      -9.23550508925159426E-007
   10.375000000000000       3.92910365503752316E-006
   10.625000000000000       8.50717110270802811E-006
   10.875000000000000       1.20729933324649197E-005
   11.125000000000000       1.40360879892351716E-005
   11.375000000000000       1.44679656433306971E-005
   11.625000000000000       1.33305744498211170E-005
   11.875000000000000       1.08976571569497263E-005
   12.125000000000000       8.00211604692280087E-006
   12.375000000000000       5.39005592689418544E-006
   12.625000000000000       3.22652102647972069E-006
   12.875000000000000       2.10252854358190748E-006
   13.125000000000000       2.82183431266800045E-006
   13.375000000000000       5.02038033351052280E-006
   13.625000000000000       8.83170171285692453E-006
   13.875000000000000       1.39191208765044473E-005
   14.125000000000000       2.00352501000044377E-005
   14.375000000000000       2.63056218275509406E-005
   14.625000000000000       3.27014036532545228E-005
   14.875000000000000       3.86266610765278621E-005
   15.125000000000000       4.38795061066930717E-005
   15.375000000000000       4.82170096910886732E-005
   15.625000000000000       5.14846312499905764E-005
   15.875000000000000       5.37194813872197236E-005
   16.125000000000000       5.51217038445212703E-005
   16.375000000000000       5.60090200979399938E-005
   16.625000000000000       5.67721551304463826E-005
   16.875000000000000       5.78293484416499414E-005
   17.125000000000000       5.95844807365520585E-005
   17.375000000000000       6.23957394554707878E-005
   17.625000000000000       6.65520371908353002E-005
   17.875000000000000       7.22691060911619332E-005
   18.125000000000000       7.96937823546012665E-005
   18.375000000000000       8.88985616064961049E-005
   18.625000000000000       9.98968612264434391E-005
   18.875000000000000       1.12646856344444593E-004
   19.125000000000000       1.27063663474533492E-004
   19.375000000000000       1.43030065135400021E-004
   19.625000000000000       1.60410092183722641E-004
   19.875000000000000       1.79063565256669274E-004
   20.125000000000000       1.98860686035539226E-004
   20.375000000000000       2.19695739213092623E-004
   20.625000000000000       2.41498749367028022E-004
   20.875000000000000       2.64244391546738730E-004
   21.125000000000000       2.87957853448621325E-004
   21.375000000000000       3.12717729100044344E-004
   21.625000000000000       3.38656126293368509E-004
   21.875000000000000       3.65955844946994156E-004
   22.125000000000000       3.94844071883151113E-004
   22.375000000000000       4.25581470678460254E-004
   22.625000000000000       4.58449488140555200E-004
   22.875000000000000       4.93740417877195736E-004
   23.125000000000000       5.31754802077759304E-004
   23.375000000000000       5.72803836682519909E-004
   23.625000000000000       6.17188837457241209E-004
   23.875000000000000       6.65161727626630982E-004
   24.125000000000000       7.17147856268555962E-004
   24.375000000000000       7.73262663229851177E-004
   24.625000000000000       8.33887328049107363E-004
   24.875000000000000       8.99246586156481889E-004
   25.125000000000000       9.69503825298081100E-004
   25.375000000000000       1.04484069056890502E-003
   25.625000000000000       1.12527980821370394E-003
   25.875000000000000       1.21105239044724811E-003
   26.125000000000000       1.30214688064988842E-003
   26.375000000000000       1.39868887250119579E-003
   26.625000000000000       1.50054895704802784E-003
   26.875000000000000       1.60743904911327768E-003
   27.125000000000000       1.71973000105037316E-003
   27.375000000000000       1.83673984885255356E-003
   27.625000000000000       1.95823998999855283E-003
   27.875000000000000       2.08443839385954099E-003
   28.125000000000000       2.21473037004161133E-003
   28.375000000000000       2.34852986983763315E-003
   28.625000000000000       2.48576270157443253E-003
   28.875000000000000       2.62611692222680963E-003
   29.125000000000000       2.76882785869823249E-003
   29.375000000000000       2.91361782636711912E-003
   29.625000000000000       3.06000905012191468E-003
   29.875000000000000       3.20734008615826318E-003
   30.125000000000000       3.35500087468811048E-003
   30.375000000000000       3.50247698662767845E-003
   30.625000000000000       3.64922587076466206E-003
   30.875000000000000       3.79472198692689614E-003
   31.125000000000000       3.93835973744192155E-003
   31.375000000000000       4.07957753021805352E-003
   31.625000000000000       4.21794363630431483E-003
   31.875000000000000       4.35314407165334014E-003
   32.125000000000000       4.48499297428895868E-003
   32.375000000000000       4.61343038404264660E-003
   32.625000000000000       4.73849667688086128E-003
   32.875000000000000       4.86029666232744382E-003
   33.125000000000000       4.97900043483793554E-003
   33.375000000000000       5.09480856221254837E-003
   33.625000000000000       5.20798294931288860E-003
   33.875000000000000       5.31884524967162365E-003
   34.125000000000000       5.42778437984531553E-003
   34.375000000000000       5.53526870307701445E-003
   34.625000000000000       5.64185207540446668E-003
   34.875000000000000       5.74816761687760216E-003
   35.125000000000000       5.85490937472142765E-003
   35.375000000000000       5.96279585314128755E-003
   35.625000000000000       6.07252656725696706E-003
   35.875000000000000       6.18474413233707863E-003
   36.125000000000000       6.30001851801476834E-003
   36.375000000000000       6.41887383023247507E-003
   36.625000000000000       6.54185963881078695E-003
   36.875000000000000       6.66964540537027042E-003
   37.125000000000000       6.80309324416032788E-003
   37.375000000000000       6.94325667125308618E-003
   37.625000000000000       7.09127386370174331E-003
   37.875000000000000       7.24818871848236131E-003
   38.125000000000000       7.41480441675389582E-003
   38.375000000000000       7.59171886219837510E-003
   38.625000000000000       7.77962541991141648E-003
   38.875000000000000       7.97975518380324850E-003
   39.125000000000000       8.19407241886049680E-003
   39.375000000000000       8.42468493602768938E-003
   39.625000000000000       8.67316723768148112E-003
   39.875000000000000       8.93731141613108605E-003
   40.125000000000000       9.24142301396342798E-003
   40.375000000000000       9.55927118349855949E-003
   40.625000000000000       9.90938266355999124E-003
   40.875000000000000       1.02966832608685031E-002
   41.125000000000000       1.07253704272409212E-002
   41.375000000000000       1.11998016653312143E-002
   41.625000000000000       1.17252723293264135E-002
   41.875000000000000       1.23081095458631475E-002
   42.125000000000000       1.29554215883881611E-002
   42.375000000000000       1.36747997759581724E-002
   42.625000000000000       1.44741720241632881E-002
   42.875000000000000       1.53619275096442045E-002
   43.125000000000000       1.63472608903282995E-002
   43.375000000000000       1.74403931410424297E-002
   43.625000000000000       1.86521978830689467E-002
   43.875000000000000       1.99932329267772484E-002
   44.125000000000000       2.14730263267423165E-002
   44.375000000000000       2.31002848264615195E-002
   44.625000000000000       2.48827289133862102E-002
   44.875000000000000       2.68247715527644079E-002
   45.125000000000000       2.89258455679662040E-002
   45.375000000000000       3.11831240346433745E-002
   45.625000000000000       3.35904494126824174E-002
   45.875000000000000       3.61322103936621009E-002
   46.125000000000000       3.87925535432451785E-002
   46.375000000000000       4.15476521940861127E-002
   46.625000000000000       4.43673765010238613E-002
   46.875000000000000       4.72183743882645182E-002
   47.125000000000000       5.00598841971258979E-002
   47.375000000000000       5.28425411959993693E-002
   47.625000000000000       5.55184556411596891E-002
   47.875000000000000       5.80225473654891674E-002
   48.125000000000000       6.02887705552290487E-002
   48.375000000000000       6.22439368899825735E-002
   48.625000000000000       6.37982261607581702E-002
   48.875000000000000       6.48538733613892998E-002
   49.125000000000000       6.53032136738721930E-002
   49.375000000000000       6.50187916519484321E-002
   49.625000000000000       6.38589264650233912E-002
   49.875000000000000       6.16883107884874174E-002
   50.125000000000000       5.91150874462021969E-002
   50.375000000000000       5.62053835054152767E-002
   50.625000000000000       5.23994645204827400E-002
   50.875000000000000       4.77332164505637618E-002
   51.125000000000000       4.23619994669633890E-002
   51.375000000000000       3.65865453302597621E-002
   51.625000000000000       3.07937346261340401E-002
   51.875000000000000       2.53483499292122480E-002
   52.125000000000000       2.05126760928230380E-002
   52.375000000000000       1.64084575677571100E-002
   52.625000000000000       1.30333512442219052E-002
   52.875000000000000       1.03150259542957277E-002
   53.125000000000000       8.15566299952551720E-003
   53.375000000000000       6.45262416494524118E-003
   53.625000000000000       5.11117238759421430E-003
   53.875000000000000       4.05397369775855557E-003
   54.125000000000000       3.22147587520224370E-003
   54.375000000000000       2.56596645232180093E-003
   54.625000000000000       2.04791595178103417E-003
   54.875000000000000       1.63639989799824388E-003
   55.125000000000000       1.30905080175186084E-003
   55.375000000000000       1.04925794089586778E-003
   55.625000000000000       8.43028782291373505E-004
   55.875000000000000       6.78114052057575108E-004
   56.125000000000000       5.44909587316840449E-004
   56.375000000000000       4.36974664649464448E-004
   56.625000000000000       3.50145390638107097E-004
   56.875000000000000       2.81036140296094591E-004
   57.125000000000000       2.26172372003262412E-004
   57.375000000000000       1.82137037148932037E-004
   57.625000000000000       1.46185271742439623E-004
   57.875000000000000       1.16605698702131538E-004
   58.125000000000000       9.25479655721090104E-005
   58.375000000000000       7.35254935496069300E-005
   58.625000000000000       5.89667097143294240E-005
   58.875000000000000       4.80425284598192176E-005
   59.125000000000000       3.97625927288837325E-005
   59.375000000000000       3.31904707052807008E-005
   59.625000000000000       2.76232201914017462E-005
   59.875000000000000       2.26576464979744277E-005
   60.125000000000000       1.81485812910547837E-005
   60.375000000000000       1.41098483649661238E-005
   60.625000000000000       1.06119937849094081E-005
   60.875000000000000       7.71017716807414892E-006
   61.125000000000000       5.41101590125065264E-006
   61.375000000000000       3.67054014264753041E-006
   61.625000000000000       2.40931962520514491E-006
   61.875000000000000       1.53229296324073070E-006
   62.125000000000000       9.45535675522514630E-007
   62.375000000000000       5.66906096605533595E-007
   62.625000000000000       3.30699467554655162E-007
   62.875000000000000       1.87936339501986964E-007
   63.125000000000000       1.04178392896282395E-007
   63.375000000000000       5.63944435591459907E-008
   63.625000000000000       2.98439690949113313E-008
   63.875000000000000       1.54552918243406817E-008
   64.125000000000000       7.83984804850099133E-009
   64.375000000000000       3.89879136673610333E-009
   64.625000000000000       1.90239657855759515E-009
   64.875000000000000       9.11494989281987501E-010
   65.125000000000000       4.29142651771897796E-010
   65.375000000000000       1.98671477777015950E-010
   65.625000000000000       9.04961256944272264E-011
   65.875000000000000       4.05828570143417723E-011
   66.125000000000000       1.79273323819009985E-011
   66.375000000000000       7.80507947911083622E-012
   66.625000000000000       3.35075610845574266E-012
   66.875000000000000       1.41910783672559452E-012
   67.125000000000000       5.93181073364470783E-013
   67.375000000000000       2.44816379688882277E-013
   67.625000000000000       9.98038914232909996E-014
   67.875000000000000       4.02042555952393434E-014
   68.125000000000000       1.60092018749644243E-014
   68.375000000000000       6.30359638149858484E-015
   68.625000000000000       2.45509918878847111E-015
   68.875000000000000       9.46119231017388209E-016
   69.125000000000000       3.60866818307266278E-016
   69.375000000000000       1.36268215692439713E-016
   69.625000000000000       5.09572039637584449E-017
   69.875000000000000       1.88752099224271880E-017
   70.125000000000000       6.92723896358617507E-018
   70.375000000000000       2.51949344841244924E-018
   70.625000000000000       9.08341712396592089E-019
   70.875000000000000       3.24685229601088973E-019
   71.125000000000000       1.15091588271657178E-019
   71.375000000000000       4.04649851673126151E-020
   71.625000000000000       1.41141118465476809E-020
   71.875000000000000       4.88479709331967480E-021
   72.125000000000000       1.67778278855097233E-021
   72.375000000000000       5.71999630314199718E-022
   72.625000000000000       1.93596916262461421E-022
   72.875000000000000       6.50598552912478951E-023
   73.125000000000000       2.17123371777973195E-023
   73.375000000000000       7.19686590100176797E-024
   73.625000000000000       2.36965935533170210E-024
   73.875000000000000       7.75165283607154285E-025
   74.125000000000000       2.51957215365168976E-025
   74.375000000000000       8.13841190592730193E-026
   74.625000000000000       2.61268696231743607E-026
   74.875000000000000       8.33724667640655225E-027
   75.125000000000000       2.64482253226093310E-027
   75.375000000000000       8.34177530818988827E-028
   75.625000000000000       2.61611261255810301E-028
   75.875000000000000       8.15899834658220719E-029
   76.125000000000000       2.53072402476154753E-029
   76.375000000000000       7.80771569392484676E-030
   76.625000000000000       2.39616596519280758E-030
   76.875000000000000       7.31584859869440195E-031
   77.125000000000000       2.22232440856764931E-031
   77.375000000000000       6.71713416631934371E-032
   77.625000000000000       2.02037600729495268E-032
   77.875000000000000       6.04767909343995852E-033
   78.125000000000000       1.80172856165118566E-033
   78.375000000000000       5.34279902967872263E-034
   78.625000000000000       1.57710638338174225E-034
   78.875000000000000       4.63445576655121327E-035
   79.125000000000000       1.35585782217358256E-035
   79.375000000000000       3.94946654163137889E-036
   79.625000000000000       1.14551826928401548E-036
   79.875000000000000       3.30852583734906385E-037
   80.125000000000000       9.51622840725919075E-038
   80.375000000000000       2.72597056961971847E-038
   80.625000000000000       7.77733685724225251E-039
   80.875000000000000       2.21014560635285604E-039
   81.125000000000000       6.25629512865790461E-040
   81.375000000000000       1.76419033290007491E-040
   81.625000000000000       4.95598989724309989E-041
   81.875000000000000       1.38706385828115897E-041
   82.125000000000000       3.86782933144906258E-042
   82.375000000000000       1.07464775268405402E-042
   82.625000000000000       2.97519612913830668E-043
   82.875000000000000       8.20800909477287344E-044
   83.125000000000000       2.25659930160284756E-044
   83.375000000000000       6.18282001705713661E-045
   83.625000000000000       1.68832077893506878E-045
   83.875000000000000       4.59493898200967790E-046
   84.125000000000000       1.24646683069024818E-046
   84.375000000000000       3.37036736994794092E-047
   84.625000000000000       9.08423209560378857E-048
   84.875000000000000       2.44079996726917074E-048
   85.125000000000000       6.53773440167085493E-049
   85.375000000000000       1.74578687354782890E-049
   85.625000000000000       4.64773565712023608E-050
   85.875000000000000       1.23365828378067797E-050
   86.125000000000000       3.26488789515266655E-051
   86.375000000000000       8.61544934072646215E-052
   86.625000000000000       2.26693912475077779E-052
   86.875000000000000       5.94798312694617976E-053
   87.125000000000000       1.55626270628796381E-053
   87.375000000000000       4.06063982044332019E-054
   87.625000000000000       1.05662084223643067E-054
   87.875000000000000       2.74202558642912655E-055
   88.125000000000000       7.09685055882949490E-056
   88.375000000000000       1.83195825733791864E-056
   88.625000000000000       4.71666364635973605E-057
   88.875000000000000       1.21125913549045939E-057
   89.125000000000000       3.10266726025626491E-058
   89.375000000000000       7.92760910379537941E-059
   89.625000000000000       2.02055561789129771E-059
   89.875000000000000       5.13728174560116017E-060
   90.125000000000000       1.30299324097486689E-060
   90.375000000000000       3.29692549357295752E-061
   90.625000000000000       8.32235172788817681E-062
   90.875000000000000       2.09587089095465489E-062
   91.125000000000000       5.26593952776609822E-063
   91.375000000000000       1.32005263192964148E-063
   91.625000000000000       3.30157848562179935E-064
   91.875000000000000       8.23906203025397952E-065
   92.125000000000000       2.05149409288799848E-065
   92.375000000000000       5.09694000628261592E-066
   92.625000000000000       1.26358874544067838E-066
   92.875000000000000       3.12585625588011164E-067
   93.125000000000000       7.71630106078044561E-068
   93.375000000000000       1.90079791506171884E-068
   93.625000000000000       4.67260323669944554E-069
   93.875000000000000       1.14627134172051036E-069
   94.125000000000000       2.80627853876834900E-070
   94.375000000000000       6.85642952097113510E-071
   94.625000000000000       1.67185304300729467E-071
   94.875000000000000       4.06855155973758919E-072
   95.125000000000000       9.88170408827330996E-073
   95.375000000000000       2.39542556278946298E-073
   95.625000000000000       5.79563081311315659E-074
   95.875000000000000       1.39956861267350016E-074
   96.125000000000000       3.37342645109006695E-075
   96.375000000000000       8.11595934267002093E-076
   96.625000000000000       1.94898239354016293E-076
   96.875000000000000       4.67178830507551285E-077
   97.125000000000000       1.11782343898123443E-077
   97.375000000000000       2.66984224658655316E-078
   97.625000000000000       6.36542966155711310E-079
   97.875000000000000       1.51497989516596274E-079
   98.125000000000000       3.59940088762462223E-080
   98.375000000000000       8.53699146101913980E-081
   98.625000000000000       2.02133232510557007E-081
   98.875000000000000       4.77788517747930929E-082
   99.125000000000000       1.12747150499128591E-082
   99.375000000000000       2.65615849851743335E-083
   99.625000000000000       6.24723029094232829E-084
   99.875000000000000       1.46694096694918787E-084
   100.12500000000000       3.43902818171168653E-085
   100.37500000000000       8.04939242014353158E-086
   100.62500000000000       1.88105258837593205E-086
   100.87500000000000       4.38889671578023853E-087
   101.12500000000000       1.02242721358912610E-087
   101.37500000000000       2.37814319939369005E-088
   101.62500000000000       5.52303796333652107E-089
   101.87500000000000       1.28073200228810172E-089
   102.12500000000000       2.96540765321421716E-090
   102.37500000000000       6.85586220812285781E-091
   102.62500000000000       1.58269357217757473E-091
   102.87500000000000       3.64833031202017557E-092
   103.12500000000000       8.39768187625864504E-093
   103.37500000000000       1.93018068957920476E-093
   103.62500000000000       4.43011552006554353E-094
   103.87500000000000       1.01535019972682952E-094
   104.12500000000000       2.32383616725143326E-095
   104.37500000000000       5.31115585074228296E-096
   104.62500000000000       1.21219212927027311E-096
   104.87500000000000       2.76285230285304504E-097
   105.12500000000000       6.28857911049530791E-098
   105.37500000000000       1.42942321943984679E-098
   105.62500000000000       3.24479535759454180E-099
   105.87500000000000       7.35591392326219929E-100
   106.12500000000000       1.66538030555092708E-100
   106.37500000000000       3.76549628363005537E-101
   106.62500000000000       8.50290900736072901E-102
   106.87500000000000       1.91758131545271905E-102
   107.12500000000000       4.31902165437814563E-103
   107.37500000000000       9.71553315749991687E-104
   107.62500000000000       2.18273914265474893E-104
   107.87500000000000       4.89773407080274392E-105
   108.12500000000000       1.09761719859879054E-105
   108.37500000000000       2.45681845692174823E-106
   108.62500000000000       5.49244555615310230E-107
   108.87500000000000       1.22640245066892200E-107
   109.12500000000000       2.73513512818919978E-108
   109.37500000000000       6.09266108333162532E-109
   109.62500000000000       1.35556887460701716E-109
   109.87500000000000       3.01249493568308532E-110
   110.12500000000000       6.68690295016486968E-111
   110.37500000000000       1.48259119439399760E-111
   110.62500000000000       3.28336537771473285E-112
   110.87500000000000       7.26310079345975522E-113
   111.12500000000000       1.60484687635445676E-113
   111.37500000000000       3.54207194104711741E-114
   111.62500000000000       7.80902713590028459E-115
   111.87500000000000       1.71971213361891872E-115
   112.12500000000000       3.78300834746370480E-116
   112.37500000000000       8.31275491723022491E-117
   112.62500000000000       1.82466087475427365E-117
   112.87500000000000       4.00084922600459460E-118
   113.12500000000000       8.76311176047477374E-119
   113.37500000000000       1.91736112368593729E-119
   113.62500000000000       4.19075344557806046E-120
   113.87500000000000       9.15010588794835338E-121
   114.12500000000000       1.99576360671523789E-121
   114.37500000000000       4.34854698787968185E-122
   114.62500000000000       9.46530058123373523E-123
   114.87500000000000       2.05817775079524809E-123
   115.12500000000000       4.47087567118008551E-124
   115.37500000000000       9.70211766461013360E-125
   115.62500000000000       2.10333120978640787E-125
   115.87500000000000       4.55532011149216906E-126
   116.12500000000000       9.85605534057796030E-127
   116.37500000000000       2.13041015080486210E-127
   116.62500000000000       4.60046783927219042E-128
   116.87500000000000       9.92481138481709576E-129
   117.12500000000000       2.13907879298752544E-129
   117.37500000000000       4.60594025890888174E-130
   117.62500000000000       9.90830873608725274E-131
   117.87500000000000       2.12947799163595399E-131
   118.12500000000000       4.57237492024671239E-132
   118.37500000000000       9.80862641625283930E-133
   118.62500000000000       2.10220390109338775E-133
   118.87500000000000       4.50136615648127291E-134
   119.12500000000000       9.62984405438494299E-135
   119.37500000000000       2.05826884175932906E-135
   119.62500000000000       4.39536935370166946E-136
   119.87500000000000       9.37781271500037618E-137
   120.12500000000000       1.99904737163195869E-137
   120.37500000000000       4.25757582231453738E-138
   120.62500000000000       9.05986799664265050E-139
   120.87500000000000       1.92621117558937094E-139
   121.12500000000000       4.09176636038397082E-140
   121.37500000000000       8.68450334167615007E-141
   121.62500000000000       1.84165671633693013E-141
   121.87500000000000       3.90215210844396556E-142
   122.12500000000000       8.26102216474462231E-143
   122.37500000000000       1.74742964378305324E-143
   122.62500000000000       3.69321121973136937E-144
   122.87500000000000       7.79918685265537167E-145
   123.12500000000000       1.64564975982110890E-145
   123.37500000000000       3.46952927647331538E-146
   123.62500000000000       7.30888108314483570E-147
   123.87500000000000       1.53843992473133783E-147
   124.12500000000000       3.23565037072093433E-148
   124.37500000000000       6.79979948388390857E-149
   124.62500000000000       1.42786172216441932E-149
   124.87500000000000       2.99594445536704742E-150
   125.12500000000000       6.28117566855130627E-151
   125.37500000000000       1.31586002952918537E-151
   125.62500000000000       2.75449508254814770E-152
   125.87500000000000       5.76155641297543008E-153
   126.12500000000000       1.20421792692499849E-153
   126.37500000000000       2.51501010368261657E-154
   126.62500000000000       5.24862642456110974E-155
   126.87500000000000       1.09452267307236472E-155
   127.12500000000000       2.28075641590174254E-156
   127.37500000000000       4.74908503225760338E-157
   127.62500000000000       9.88142825301800683E-158
   127.87500000000000       2.05451849192772944E-158
   128.12500000000000       4.26857335631186658E-159
   128.37500000000000       8.86216016435022668E-160
   128.62500000000000       1.83857928945796719E-160
   128.87500000000000       3.81164822918105953E-161
   129.12500000000000       7.89646446836523850E-162
   129.37500000000000       1.63472124211065415E-162
   129.62500000000000       3.38179740063884342E-163
   129.87500000000000       6.99110816316934887E-164
   130.12500000000000       1.44424440366810675E-164
   130.37500000000000       2.98148939151357170E-165
   130.62500000000000       6.15071209062532332E-166
   130.87500000000000       1.26799844661862205E-166
   131.12500000000000       2.61225073968261555E-167
   131.37500000000000       5.37793348010029167E-168
   131.62500000000000       1.10642508391901223E-168
   131.87500000000000       2.27476325391117639E-169
   132.12500000000000       4.67368639337595743E-170
   132.37500000000000       9.59607556310280357E-171
   132.62500000000000       1.96897417787735137E-171
   132.87500000000000       4.03738515032191291E-172
   133.12500000000000       8.27324065692410107E-173
   133.37500000000000       1.69421277724289548E-173
   133.62500000000000       3.46719731718433442E-174
   133.87500000000000       7.09102394080634050E-175
   134.12500000000000       1.44930770186612618E-175
   134.37500000000000       2.96029476708285765E-176
   134.62500000000000       6.04273384154312773E-177
   134.87500000000000       1.23270045166552459E-177
   135.12500000000000       2.51309348376391980E-178
   135.37500000000000       5.12021431490994700E-179
   135.62500000000000       1.04255130590136639E-179
   135.87500000000000       2.12147500610508551E-180
   136.12500000000000       4.31430615929716748E-181
   136.37500000000000       8.76835092459658020E-182
   136.62500000000000       1.78098456354156588E-182
   136.87500000000000       3.61525552575485631E-183
   137.12500000000000       7.33425121884192854E-184
   137.37500000000000       1.48700292589478915E-184
   137.62500000000000       3.01306451403843167E-185
   137.87500000000000       6.10164451745935016E-186
   138.12500000000000       1.23489071263813139E-186
   138.37500000000000       2.49778224947683572E-187
   138.62500000000000       5.04924356583174548E-188
   138.87500000000000       1.02010533487657355E-188
   139.12500000000000       2.05973769225962915E-189
   139.37500000000000       4.15650446321363938E-190
   139.62500000000000       8.38291863430295228E-191
   139.87500000000000       1.68971762398696281E-191
   140.12500000000000       3.40397301898812629E-192
   140.37500000000000       6.85349935267801168E-193
   140.62500000000000       1.37909481383258145E-193
   140.87500000000000       2.77352789285692191E-194
   141.12500000000000       5.57479351269663611E-195
   141.37500000000000       1.11991234739790038E-195
   141.62500000000000       2.24853386589369387E-196
   141.87500000000000       4.51207315045023846E-197
   142.12500000000000       9.04930584340337977E-198
   142.37500000000000       1.81391931477922128E-198
   142.62500000000000       3.63400355608173040E-199
   142.87500000000000       7.27643285488679464E-200
   143.12500000000000       1.45619187306408981E-200
   143.37500000000000       2.91263908663797354E-201
   143.62500000000000       5.82269207941830857E-202
   143.87500000000000       1.16340555654220295E-202
   144.12500000000000       2.32332343542376248E-203
   144.37500000000000       4.63724995052581339E-204
   144.62500000000000       9.25091487997441237E-205
   144.87500000000000       1.84451953628677505E-205
   145.12500000000000       3.67584566230398166E-206
   145.37500000000000       7.32162942376665057E-207
   145.62500000000000       1.45759110745191187E-207
   145.87500000000000       2.90029506986426754E-208
   146.12500000000000       5.76803884208001145E-209
   146.37500000000000       1.14655446049787453E-209
   146.62500000000000       2.27794227969376897E-210
   146.87500000000000       4.52348595031474383E-211
   147.12500000000000       8.97815833759597574E-212
   147.37500000000000       1.78108945707771133E-212
   147.62500000000000       3.53158473204544213E-213
   147.87500000000000       6.99906317302478604E-214
   148.12500000000000       1.38642868341640862E-214
   148.37500000000000       2.74500690635206942E-215
   148.62500000000000       5.43223538481825066E-216
   148.87500000000000       1.07449415906092272E-216
   149.12500000000000       2.12434620945312114E-217
   149.37500000000000       4.19912241097196439E-218
   149.62500000000000       8.35514802771587212E-219
   149.87500000000000       1.95992009679167749E-219
   150.12500000000000       1.95992009679167749E-219
