 -0.12500000000000000       1.44578554501485056E-002
  0.12500000000000000       1.44578554501485056E-002
  0.37500000000000000       1.44545386498726239E-002
  0.62500000000000000       1.44445893233939218E-002
  0.87500000000000000       1.44395494934830108E-002
   1.1250000000000000       1.44256176143275124E-002
   1.3750000000000000       1.44044996350052405E-002
   1.6250000000000000       1.43868601953608174E-002
   1.8750000000000000       1.43703364066007627E-002
   2.1250000000000000       1.43467361455566125E-002
   2.3750000000000000       1.43165080306621537E-002
   2.6250000000000000       1.42867641998691182E-002
   2.8750000000000000       1.42605862663662819E-002
   3.1250000000000000       1.42338712998913170E-002
   3.3750000000000000       1.42015209528875714E-002
   3.6250000000000000       1.41634563399377061E-002
   3.8750000000000000       1.41238798434057313E-002
   4.1250000000000000       1.40860740296833587E-002
   4.3750000000000000       1.40489132545075848E-002
   4.6250000000000000       1.40080976014688215E-002
   4.8750000000000000       1.39600500482870080E-002
   5.1250000000000000       1.39045128436371991E-002
   5.3750000000000000       1.38438562607261211E-002
   5.6250000000000000       1.37802517207839901E-002
   5.8750000000000000       1.37133411440400216E-002
   6.1250000000000000       1.36401480834772160E-002
   6.3750000000000000       1.35569561910933827E-002
   6.6250000000000000       1.34615004516120424E-002
   6.8750000000000000       1.33538913828685542E-002
   7.1250000000000000       1.32358293770898604E-002
   7.3750000000000000       1.31088487430533456E-002
   7.6250000000000000       1.29729298227106472E-002
   7.8750000000000000       1.28262515380348739E-002
   8.1250000000000000       1.26661658244864826E-002
   8.3750000000000000       1.24906045714093111E-002
   8.6250000000000000       1.22990262525520151E-002
   8.8750000000000000       1.20924433716870852E-002
   9.1250000000000000       1.18726876065076634E-002
   9.3750000000000000       1.16413391109014778E-002
   9.6250000000000000       1.13988939438263766E-002
   9.8750000000000000       1.11446737546392130E-002
   10.125000000000000       1.08772740003246129E-002
   10.375000000000000       1.05956402231815374E-002
   10.625000000000000       1.02998302644199454E-002
   10.875000000000000       9.99103004976901153E-003
   11.125000000000000       9.67123840275519765E-003
   11.375000000000000       9.34321944837272766E-003
   11.625000000000000       9.00914720758212544E-003
   11.875000000000000       8.67023415718413439E-003
   12.125000000000000       8.32690586157815507E-003
   12.375000000000000       7.97941104269610756E-003
   12.625000000000000       7.62795968101296490E-003
   12.875000000000000       7.27343927328348572E-003
   13.125000000000000       6.91759200559625888E-003
   13.375000000000000       6.56250237211824725E-003
   13.625000000000000       6.21135608736458032E-003
   13.875000000000000       5.86646035284322121E-003
   14.125000000000000       5.52986580726027004E-003
   14.375000000000000       5.20246567377272932E-003
   14.625000000000000       4.88517163047284646E-003
   14.875000000000000       4.57773926031239745E-003
   15.125000000000000       4.28035900043332879E-003
   15.375000000000000       3.99336036919495461E-003
   15.625000000000000       3.71753986636537848E-003
   15.875000000000000       3.45409643111597520E-003
   16.125000000000000       3.20436053368204068E-003
   16.375000000000000       2.96956059412091869E-003
   16.625000000000000       2.75052413286099983E-003
   16.875000000000000       2.54740062927896836E-003
   17.125000000000000       2.35958259544737049E-003
   17.375000000000000       2.18586885995150941E-003
   17.625000000000000       2.02476398774433615E-003
   17.875000000000000       1.87479076323085079E-003
   18.125000000000000       1.73471808297166546E-003
   18.375000000000000       1.60366375409279598E-003
   18.625000000000000       1.48109827445561722E-003
   18.875000000000000       1.36673919429710321E-003
   19.125000000000000       1.26039905667239848E-003
   19.375000000000000       1.16181550652365143E-003
   19.625000000000000       1.07051228544373877E-003
   19.875000000000000       9.85728583443435443E-004
   20.125000000000000       9.06440859802165881E-004
   20.375000000000000       8.31476168581389238E-004
   20.625000000000000       7.59689305969336263E-004
   20.875000000000000       6.90157676351913657E-004
   21.125000000000000       6.22342205725269081E-004
   21.375000000000000       5.56172100343060210E-004
   21.625000000000000       4.92033680369823642E-004
   21.875000000000000       4.30671117922660227E-004
   22.125000000000000       3.73026161027074964E-004
   22.375000000000000       3.20046427501930711E-004
   22.625000000000000       2.72491727721991801E-004
   22.875000000000000       2.30780359823801136E-004
   23.125000000000000       1.94931183914444080E-004
   23.375000000000000       1.64600169601015838E-004
   23.625000000000000       1.39118685182506332E-004
   23.875000000000000       1.17663451943948846E-004
   24.125000000000000       9.95451922148744931E-005
   24.375000000000000       8.38757056847438411E-005
   24.625000000000000       7.01369545873028203E-005
   24.875000000000000       5.77792949985823486E-005
   25.125000000000000       4.65418510814996078E-005
   25.375000000000000       3.63687259710592499E-005
   25.625000000000000       2.70857148638312425E-005
   25.875000000000000       1.86140490838598861E-005
   26.125000000000000       1.07699333675014600E-005
   26.375000000000000       3.69505671578976441E-006
   26.625000000000000      -2.96850145675732901E-006
   26.875000000000000      -9.64699616270465134E-006
   27.125000000000000      -1.59334229605482464E-005
   27.375000000000000      -2.22397570125514248E-005
   27.625000000000000      -2.85884042160986063E-005
   27.875000000000000      -3.47490795806845127E-005
   28.125000000000000      -4.07510954451501252E-005
   28.375000000000000      -4.62818694856169957E-005
   28.625000000000000      -5.09936164175347638E-005
   28.875000000000000      -5.48259918467466182E-005
   29.125000000000000      -5.75839926231170782E-005
   29.375000000000000      -5.87103278336926322E-005
   29.625000000000000      -5.82895846660090177E-005
   29.875000000000000      -5.64973242201501218E-005
   30.125000000000000      -5.34564112048760353E-005
   30.375000000000000      -4.95569129541320228E-005
   30.625000000000000      -4.54655841677894512E-005
   30.875000000000000      -4.17728887731880745E-005
   31.125000000000000      -3.89359007389512190E-005
   31.375000000000000      -3.71913218196359393E-005
   31.625000000000000      -3.65584933494645639E-005
   31.875000000000000      -3.68375217277383296E-005
   32.125000000000000      -3.76136071253190744E-005
   32.375000000000000      -3.84213446995930642E-005
   32.625000000000000      -3.89430718218750020E-005
   32.875000000000000      -3.90749451610790873E-005
   33.125000000000000      -3.88254428657280732E-005
   33.375000000000000      -3.82095071588844004E-005
   33.625000000000000      -3.71532007122635902E-005
   33.875000000000000      -3.55492434069021928E-005
   34.125000000000000      -3.33689070708894384E-005
   34.375000000000000      -3.07579767795847643E-005
   34.625000000000000      -2.80260904093504255E-005
   34.875000000000000      -2.54883851609886545E-005
   35.125000000000000      -2.32450168789642215E-005
   35.375000000000000      -2.10787684527959001E-005
   35.625000000000000      -1.85938532350579310E-005
   35.875000000000000      -1.55495587349341534E-005
   36.125000000000000      -1.21520802118154763E-005
   36.375000000000000      -9.03455050020319927E-006
   36.625000000000000      -6.88001450935724143E-006
   36.875000000000000      -5.97657937226171350E-006
   37.125000000000000      -6.12854256112089148E-006
   37.375000000000000      -7.03951237216071994E-006
   37.625000000000000      -8.72124495387423662E-006
   37.875000000000000      -1.12971163864599352E-005
   38.125000000000000      -1.42590163213107599E-005
   38.375000000000000      -1.62349928122585426E-005
   38.625000000000000      -1.61283715721786403E-005
   38.875000000000000      -1.44815971329451182E-005
   39.125000000000000      -1.26082277761321844E-005
   39.375000000000000      -1.01236441873060349E-005
   39.625000000000000      -6.64238869272551187E-006
   39.875000000000000      -5.38149023981726643E-006
   40.125000000000000      -2.03117968359549489E-006
   40.375000000000000       7.56025181532513590E-008
   40.625000000000000       2.39904085236312280E-006
   40.875000000000000       5.84243202085642301E-006
   41.125000000000000       8.79926310642752249E-006
   41.375000000000000       9.49416864694024179E-006
   41.625000000000000       8.39553916485709877E-006
   41.875000000000000       7.12548705410685453E-006
   42.125000000000000       5.72656247320167269E-006
   42.375000000000000       4.02992380150051049E-006
   42.625000000000000       2.33953363575843281E-006
   42.875000000000000      -5.20426713846935270E-007
   43.125000000000000      -3.65908217393781398E-006
   43.375000000000000      -5.21957292722128451E-006
   43.625000000000000      -6.60204797557161481E-006
   43.875000000000000      -6.73462678913496829E-006
   44.125000000000000      -6.62009014461580415E-006
   44.375000000000000      -5.35399239525026727E-006
   44.625000000000000      -3.03511214490323440E-006
   44.875000000000000      -9.34683233931326891E-007
   45.125000000000000       1.83730669633672176E-006
   45.375000000000000       4.84578742658087504E-006
   45.625000000000000       7.01601623695100991E-006
   45.875000000000000       9.64651534708335203E-006
   46.125000000000000       1.00901888997243657E-005
   46.375000000000000       1.03274049938689205E-005
   46.625000000000000       9.17771712380834788E-006
   46.875000000000000       5.77767679818945128E-006
   47.125000000000000       2.56384311346599044E-006
   47.375000000000000      -1.31704176527051484E-006
   47.625000000000000      -6.20052294971410669E-006
   47.875000000000000      -9.90617880847421342E-006
   48.125000000000000      -1.21439373761851148E-005
   48.375000000000000      -1.37462292463411944E-005
   48.625000000000000      -1.37123202205395109E-005
   48.875000000000000      -1.08942988484888457E-005
   49.125000000000000      -6.06125736081181015E-006
   49.375000000000000      -5.77735937608458722E-007
   49.625000000000000       6.14481981502085946E-006
   49.875000000000000       1.31173103037936533E-005
   50.125000000000000       1.78554105785142932E-005
   50.375000000000000       1.92063217728232830E-005
   50.625000000000000       1.84963385585785724E-005
   50.875000000000000       1.51663563318021523E-005
   51.125000000000000       9.08148520094221393E-006
   51.375000000000000       3.21637569348893839E-006
   51.625000000000000      -1.64398178180176320E-006
   51.875000000000000      -5.64072704434857555E-006
   52.125000000000000      -7.00851910060839596E-006
   52.375000000000000      -4.47634007599196412E-006
   52.625000000000000       4.41231553769755640E-008
   52.875000000000000       5.43407706905723309E-006
   53.125000000000000       1.25756655341539638E-005
   53.375000000000000       1.90976970483783345E-005
   53.625000000000000       2.26091108639961957E-005
   53.875000000000000       2.38689931020594594E-005
   54.125000000000000       2.16055113919936463E-005
   54.375000000000000       1.36353315925445219E-005
   54.625000000000000       6.20960965965728868E-007
   54.875000000000000      -1.69046146119081028E-005
   55.125000000000000      -3.93928480348003466E-005
   55.375000000000000      -6.64678007538925005E-005
   55.625000000000000      -9.79468968707057814E-005
   55.875000000000000      -1.33493162093574990E-004
   56.125000000000000      -1.71861908145440155E-004
   56.375000000000000      -2.13040793512605918E-004
   56.625000000000000      -2.57627611891586626E-004
   56.875000000000000      -3.04290823251281844E-004
   57.125000000000000      -3.52336955370909522E-004
   57.375000000000000      -4.03804744919347626E-004
   57.625000000000000      -4.58924506436676814E-004
   57.875000000000000      -5.14222787922822416E-004
   58.125000000000000      -5.68160168807091632E-004
   58.375000000000000      -6.23279586172870354E-004
   58.625000000000000      -6.80838732455911477E-004
   58.875000000000000      -7.38624033570708829E-004
   59.125000000000000      -7.95196571113751093E-004
   59.375000000000000      -8.51297831628249763E-004
   59.625000000000000      -9.06088828103844167E-004
   59.875000000000000      -9.56180314742257264E-004
   60.125000000000000      -9.99228558108429706E-004
   60.375000000000000      -1.03507974400198432E-003
   60.625000000000000      -1.06247090882497083E-003
   60.875000000000000      -1.07723765490839031E-003
   61.125000000000000      -1.07463764745777471E-003
   61.375000000000000      -1.05126569161933929E-003
   61.625000000000000      -1.00355247836249372E-003
   61.875000000000000      -9.25935422459150904E-004
   62.125000000000000      -8.11829835845254578E-004
   62.375000000000000      -6.55571237011425001E-004
   62.625000000000000      -4.52249912577589179E-004
   62.875000000000000      -1.96180167221415651E-004
   63.125000000000000       1.19020391238174814E-004
   63.375000000000000       4.98358029103781086E-004
   63.625000000000000       9.44047511271817576E-004
   63.875000000000000       1.45641585531029565E-003
   64.125000000000000       2.03553650354477414E-003
   64.375000000000000       2.68117227822125583E-003
   64.625000000000000       3.39109769036461794E-003
   64.875000000000000       4.16012078647751225E-003
   65.125000000000000       4.98128336247431833E-003
   65.375000000000000       5.84822028854097616E-003
   65.625000000000000       6.75683912752075150E-003
   65.875000000000000       7.70597337655655468E-003
   66.125000000000000       8.69772795132678356E-003
   66.375000000000000       9.73680336527788133E-003
   66.625000000000000       1.08261350704827661E-002
   66.875000000000000       1.19578245527529655E-002
   67.125000000000000       1.31045403225647176E-002
   67.375000000000000       1.42225044722628681E-002
   67.625000000000000       1.52751214295147857E-002
   67.875000000000000       1.62723878795114872E-002
   68.125000000000000       1.73018216358303695E-002
   68.375000000000000       1.85164133373025459E-002
   68.625000000000000       2.00544004726157625E-002
   68.875000000000000       2.18973241810704773E-002
   69.125000000000000       2.37382370426272547E-002
   69.375000000000000       2.50217345261697123E-002
   69.625000000000000       2.52918908353459183E-002
   69.875000000000000       2.46811508850147895E-002
   70.125000000000000       2.40979425162094231E-002
   70.375000000000000       2.49337047148545411E-002
   70.625000000000000       2.84618265640404350E-002
   70.875000000000000       3.47763475354651158E-002
   71.125000000000000       4.11990355430297620E-002
   71.375000000000000       4.27177257494013515E-002
   71.625000000000000       3.71390348282954474E-002
   71.875000000000000       2.82509831170523300E-002
   72.125000000000000       2.14676691940207075E-002
   72.375000000000000       2.02856453547423897E-002
   72.625000000000000       2.77594717333989847E-002
   72.875000000000000       4.68659770285346292E-002
   73.125000000000000       7.03336978146232167E-002
   73.375000000000000       7.35819652135304147E-002
   73.625000000000000       5.10094980213444751E-002
   73.875000000000000       2.67596692009586662E-002
   74.125000000000000       1.33034212400440621E-002
   74.375000000000000       8.72178265645762001E-003
   74.625000000000000       1.14794673036421914E-002
   74.875000000000000       2.62861079256577305E-002
   75.125000000000000       6.40774352305217981E-002
   75.375000000000000       0.11052330910113028     
   75.625000000000000       0.10376850762718254     
   75.875000000000000       5.41914563501056656E-002
   76.125000000000000       2.04589996711368911E-002
   76.375000000000000       7.17920445926359310E-003
   76.625000000000000       2.60928424904261153E-003
   76.875000000000000       1.04371911165665530E-003
   77.125000000000000       4.88013795901492259E-004
   77.375000000000000       2.74840923314054327E-004
   77.625000000000000       1.81411448306451669E-004
   77.875000000000000       1.32606061410007949E-004
   78.125000000000000       1.02417379791955147E-004
   78.375000000000000       8.13121313789295826E-005
   78.625000000000000       6.54154508465869478E-005
   78.875000000000000       5.29071972902843497E-005
   79.125000000000000       4.27983017530972535E-005
   79.375000000000000       3.44919791013846637E-005
   79.625000000000000       2.76057557614811282E-005
   79.875000000000000       2.18840819635516371E-005
   80.125000000000000       1.71471490668619903E-005
   80.375000000000000       1.32584605142015531E-005
   80.625000000000000       1.01047556484134896E-005
   80.875000000000000       7.58483217470664637E-006
   81.125000000000000       5.60455261575528005E-006
   81.375000000000000       4.07569107202201821E-006
   81.625000000000000       2.91672914453993799E-006
   81.875000000000000       2.05424981751888173E-006
   82.125000000000000       1.42410854271489381E-006
   82.375000000000000       9.71999760653235354E-007
   82.625000000000000       6.53346759532749478E-007
   82.875000000000000       4.32624138276635820E-007
   83.125000000000000       2.82299695220598917E-007
   83.375000000000000       1.81589357418336864E-007
   83.625000000000000       1.15186066390837755E-007
   83.875000000000000       7.20755338742595141E-008
   84.125000000000000       4.45042032963501942E-008
   84.375000000000000       2.71258519009894784E-008
   84.625000000000000       1.63258301840157361E-008
   84.875000000000000       9.70538987828581253E-009
   85.125000000000000       5.70070409610550550E-009
   85.375000000000000       3.30940065363411583E-009
   85.625000000000000       1.89932197150270252E-009
   85.875000000000000       1.07794063073764474E-009
   86.125000000000000       6.05135099118842885E-010
   86.375000000000000       3.36109734086791724E-010
   86.625000000000000       1.84751068022790097E-010
   86.875000000000000       1.00524484108711019E-010
   87.125000000000000       5.41544152765462254E-011
   87.375000000000000       2.88913245969134034E-011
   87.625000000000000       1.52673460610191223E-011
   87.875000000000000       7.99299924528935903E-012
   88.125000000000000       4.14658478916564754E-012
   88.375000000000000       2.13200039155419113E-012
   88.625000000000000       1.08662192933468427E-012
   88.875000000000000       5.49085347557895126E-013
   89.125000000000000       2.75134196116606654E-013
   89.375000000000000       1.36729819211362698E-013
   89.625000000000000       6.74006520585243832E-014
   89.875000000000000       3.29619666569138705E-014
   90.125000000000000       1.59946262135244712E-014
   90.375000000000000       7.70209327732398017E-015
   90.625000000000000       3.68109408487679026E-015
   90.875000000000000       1.74637059913281005E-015
   91.125000000000000       8.22514081974242826E-016
   91.375000000000000       3.84637905176098758E-016
   91.625000000000000       1.78613942264799901E-016
   91.875000000000000       8.23728944990557896E-017
   92.125000000000000       3.77318977960332457E-017
   92.375000000000000       1.71686655657637415E-017
   92.625000000000000       7.76094919819865314E-018
   92.875000000000000       3.48569245559250329E-018
   93.125000000000000       1.55561982571076805E-018
   93.375000000000000       6.89923733380333572E-019
   93.625000000000000       3.04105154552778829E-019
   93.875000000000000       1.33233153256307587E-019
   94.125000000000000       5.80238218081320904E-020
   94.375000000000000       2.51214376150416610E-020
   94.625000000000000       1.08134535796846384E-020
   94.875000000000000       4.62810075243077487E-021
   95.125000000000000       1.96967875360512316E-021
   95.375000000000000       8.33637178725170618E-022
   95.625000000000000       3.50898766172596289E-022
   95.875000000000000       1.46907133339253819E-022
   96.125000000000000       6.11776222710476821E-023
   96.375000000000000       2.53432664746481430E-023
   96.625000000000000       1.04444061500443360E-023
   96.875000000000000       4.28239024320964258E-024
   97.125000000000000       1.74702663723829939E-024
   97.375000000000000       7.09173354872917637E-025
   97.625000000000000       2.86465973329534979E-025
   97.875000000000000       1.15156632179871737E-025
   98.125000000000000       4.60709393239329357E-026
   98.375000000000000       1.83448309837549177E-026
   98.625000000000000       7.27067391061683445E-027
   98.875000000000000       2.86836980525958228E-027
   99.125000000000000       1.12647050844158166E-027
   99.375000000000000       4.40405656895828391E-028
   99.625000000000000       1.71418621714251305E-028
   99.875000000000000       6.64290956293321815E-029
   100.12500000000000       2.56316535580266757E-029
   100.37500000000000       9.84770674945040592E-030
   100.62500000000000       3.76752029359618038E-030
   100.87500000000000       1.43535551825356295E-030
   101.12500000000000       5.44587561887170513E-031
   101.37500000000000       2.05778908532377642E-031
   101.62500000000000       7.74424469046161379E-032
   101.87500000000000       2.90283342401100297E-032
   102.12500000000000       1.08380064634031142E-032
   102.37500000000000       4.03069536828922699E-033
   102.62500000000000       1.49324995678739581E-033
   102.87500000000000       5.51093576549032392E-034
   103.12500000000000       2.02617286697961101E-034
   103.37500000000000       7.42170397766768307E-035
   103.62500000000000       2.70847048819988060E-035
   103.87500000000000       9.84815749932953281E-036
   104.12500000000000       3.56790276884284920E-036
   104.37500000000000       1.28799636851461891E-036
   104.62500000000000       4.63314655777530932E-037
   104.87500000000000       1.66078379765539048E-037
   105.12500000000000       5.93255043363418198E-038
   105.37500000000000       2.11191487262657642E-038
   105.62500000000000       7.49260953432964176E-039
   105.87500000000000       2.64927080884698394E-039
   106.12500000000000       9.33621322628430911E-040
   106.37500000000000       3.27929642008649256E-040
   106.62500000000000       1.14807486657466211E-040
   106.87500000000000       4.00639026681469192E-041
   107.12500000000000       1.39361709324298888E-041
   107.37500000000000       4.83230446073097664E-042
   107.62500000000000       1.67031720695270466E-042
   107.87500000000000       5.75559836831706231E-043
   108.12500000000000       1.97715938687298223E-043
   108.37500000000000       6.77119264609368484E-044
   108.62500000000000       2.31192300646937451E-044
   108.87500000000000       7.87006825316033208E-045
   109.12500000000000       2.67111512566154147E-045
   109.37500000000000       9.03914905078009859E-046
   109.62500000000000       3.04996601852115476E-046
   109.87500000000000       1.02613964894169918E-046
   110.12500000000000       3.44249472515912011E-047
   110.37500000000000       1.15161313380158455E-047
   110.62500000000000       3.84164690757499239E-048
   110.87500000000000       1.27795814839300510E-048
   111.12500000000000       4.23950203473007160E-049
   111.37500000000000       1.40256378986756919E-049
   111.62500000000000       4.62754159035058893E-050
   111.87500000000000       1.52267844727478563E-050
   112.12500000000000       4.99696508510940231E-051
   112.37500000000000       1.63551531239356017E-051
   112.62500000000000       5.33903663330617258E-052
   112.87500000000000       1.73836447590289787E-052
   113.12500000000000       5.64544211362169761E-053
   113.37500000000000       1.82870503732543880E-053
   113.62500000000000       5.90863574107879602E-054
   113.87500000000000       1.90431054168519584E-054
   114.12500000000000       6.12215534768074780E-055
   114.37500000000000       1.96334146491297550E-055
   114.62500000000000       6.28088775393042134E-056
   114.87500000000000       2.00441936326342832E-056
   115.12500000000000       6.38126910957013998E-057
   115.37500000000000       2.02667859350300940E-057
   115.62500000000000       6.42140965766391049E-058
   115.87500000000000       2.02979307956882516E-058
   116.12500000000000       6.40113761028889010E-059
   116.37500000000000       2.01397730592588988E-059
   116.62500000000000       6.32196225302540579E-060
   116.87500000000000       1.97996241053368271E-060
   117.12500000000000       6.18696156230341903E-061
   117.37500000000000       1.92894979326033037E-061
   117.62500000000000       6.00060411940779011E-062
   117.87500000000000       1.86254593334325811E-062
   118.12500000000000       5.76851862029754993E-063
   118.37500000000000       1.78268303872480150E-063
   118.62500000000000       5.49722660560972498E-064
   118.87500000000000       1.69153068480749982E-064
   119.12500000000000       5.19385508594245144E-065
   119.37500000000000       1.59140373270959083E-065
   119.62500000000000       4.86584554711406696E-066
   119.87500000000000       1.48467157500133403E-066
   120.12500000000000       4.52067452434561861E-067
   120.37500000000000       1.37367319658112556E-067
   120.62500000000000       4.16559874745355878E-068
   120.87500000000000       1.26064173658765588E-068
   121.12500000000000       3.80743504498887926E-069
   121.37500000000000       1.14764128171903856E-069
   121.62500000000000       3.45238203712379696E-070
   121.87500000000000       1.03651760131811218E-070
   122.12500000000000       3.10588741979939185E-071
   122.37500000000000       9.28863532786299436E-072
   122.62500000000000       2.77256158937713509E-072
   122.87500000000000       8.25998812072303506E-073
   123.12500000000000       2.45613567255123745E-073
   123.37500000000000       7.28963370806192210E-074
   123.62500000000000       2.15945984736241316E-074
   123.87500000000000       6.38522522762591357E-075
   124.12500000000000       1.88453624399280484E-075
   124.37500000000000       5.55182052553148098E-076
   124.62500000000000       1.63257971763824094E-076
   124.87500000000000       4.79210996631647714E-077
   125.12500000000000       1.40409936009153172E-077
   125.37500000000000       4.10669854858466503E-078
   125.62500000000000       1.19899369369815143E-078
   125.87500000000000       3.49442063968239822E-079
   126.12500000000000       1.01665297753399734E-079
   126.37500000000000       2.95266770193537666E-080
   126.62500000000000       8.56062844360234563E-081
   126.87500000000000       2.47771222576399291E-081
   127.12500000000000       7.15904469502421093E-082
   127.37500000000000       2.06501437606188756E-082
   127.62500000000000       5.94647547738880419E-083
   127.87500000000000       1.70950129600747578E-083
   128.12500000000000       4.90633433713791822E-084
   128.37500000000000       1.40581234609277270E-084
   128.62500000000000       4.02146815189294629E-085
   128.87500000000000       1.14850659428103361E-085
   129.12500000000000       3.27475185889693323E-086
   129.37500000000000       9.32231486043512773E-087
   129.62500000000000       2.64956134109689489E-087
   129.87500000000000       7.51853738662963112E-088
   130.12500000000000       2.13013050227462737E-088
   130.37500000000000       6.02555101011986092E-089
   130.62500000000000       1.70180280747955085E-089
   130.87500000000000       4.79896716752064022E-090
   131.12500000000000       1.35119029519903851E-090
   131.37500000000000       3.79856473771491378E-091
   131.62500000000000       1.06625446956186300E-091
   131.87500000000000       2.98843982775927899E-092
   132.12500000000000       8.36323784831212426E-093
   132.37500000000000       2.33697779718427985E-093
   132.62500000000000       6.52061887395225051E-094
   132.87500000000000       1.81669068163644356E-094
   133.12500000000000       5.05399623833719961E-095
   133.37500000000000       1.40395882206157055E-095
   133.62500000000000       3.89442277528989283E-096
   133.87500000000000       1.07871023133148158E-096
   134.12500000000000       2.98361749392973058E-097
   134.37500000000000       8.24065576617166024E-098
   134.62500000000000       2.27281602903256541E-098
   134.87500000000000       6.25971045250039223E-099
   135.12500000000000       1.72161164797468030E-099
   135.37500000000000       4.72836101173023936E-100
   135.62500000000000       1.29683290378988235E-100
   135.87500000000000       3.55188430228244045E-101
   136.12500000000000       9.71490154224502640E-102
   136.37500000000000       2.65354327637211741E-102
   136.62500000000000       7.23811484997318570E-103
   136.87500000000000       1.97169440205528860E-103
   137.12500000000000       5.36379115918271225E-104
   137.37500000000000       1.45722124885021300E-104
   137.62500000000000       3.95370020646680944E-105
   137.87500000000000       1.07129672549717054E-105
   138.12500000000000       2.89899048914909720E-106
   138.37500000000000       7.83461961424804326E-107
   138.62500000000000       2.11459044457546515E-107
   138.87500000000000       5.70000092198293452E-108
   139.12500000000000       1.53450022244920168E-108
   139.37500000000000       4.12577354401104599E-109
   139.62500000000000       1.10788128035517930E-109
   139.87500000000000       2.97121068220895495E-110
   140.12500000000000       7.95845950660563860E-111
   140.37500000000000       2.12903519909230674E-111
   140.62500000000000       5.68850105500823285E-112
   140.87500000000000       1.51801790095337586E-112
   141.12500000000000       4.04597173977456750E-113
   141.37500000000000       1.07705660495595649E-113
   141.62500000000000       2.86369491375616417E-114
   141.87500000000000       7.60484358323146403E-115
   142.12500000000000       2.01712076203532133E-115
   142.37500000000000       5.34385079800041097E-116
   142.62500000000000       1.41403536451530133E-116
   142.87500000000000       3.73725240723824612E-117
   143.12500000000000       9.86582637906791128E-118
   143.37500000000000       2.60139337689926993E-118
   143.62500000000000       6.85129612183780794E-119
   143.87500000000000       1.80233781666690659E-119
   144.12500000000000       4.73586135391612851E-120
   144.37500000000000       1.24297859765837815E-120
   144.62500000000000       3.25861270643836769E-121
   144.87500000000000       8.53313830032365963E-122
   145.12500000000000       2.23200036442734722E-122
   145.37500000000000       5.83165271854217070E-123
   145.62500000000000       1.52196062812071005E-123
   145.87500000000000       3.96763754509928045E-124
   146.12500000000000       1.03318904193922886E-124
   146.37500000000000       2.68750459940459100E-125
   146.62500000000000       6.98300969006526076E-126
   146.87500000000000       1.81243498663447052E-126
   147.12500000000000       4.69905939816127962E-127
   147.37500000000000       1.21699967057568481E-127
   147.62500000000000       3.14849725930888627E-128
   147.87500000000000       8.13676546736826876E-129
   148.12500000000000       2.10057487005536518E-129
   148.37500000000000       5.41707289919676972E-130
   148.62500000000000       1.39551235236825014E-130
   148.87500000000000       3.59127838231363143E-131
   149.12500000000000       9.23290964515191447E-132
   149.37500000000000       2.37352561945517611E-132
   149.62500000000000       6.18449364301529439E-133
   149.87500000000000       1.95788006535871539E-133
   150.12500000000000       1.95788006535871539E-133
