   0.0000000000000000        1.0000000000000000     
  0.25000000000000000        1.0000000000000000     
  0.50000000000000000        1.0000000000000000     
  0.75000000000000000        1.0000000000000000     
   1.0000000000000000        1.0000000000000000     
   1.2500000000000000        1.0000000000000000     
   1.5000000000000000        1.0000000000000000     
   1.7500000000000000        1.0000000000000000     
   2.0000000000000000        1.0000000000000000     
   2.2500000000000000        1.0000000000000000     
   2.5000000000000000        1.0000000000000000     
   2.7500000000000000        1.0000000000000000     
   3.0000000000000000        1.0000000000000000     
   3.2500000000000000        1.0000000000000000     
   3.5000000000000000        1.0000000000000000     
   3.7500000000000000        1.0000000000000000     
   4.0000000000000000        1.0000000000000000     
   4.2500000000000000        1.0000000000000000     
   4.5000000000000000        1.0000000000000000     
   4.7500000000000000        1.0000000000000000     
   5.0000000000000000        1.0000000000000000     
   5.2500000000000000        1.0000000000000000     
   5.5000000000000000        1.0000000000000000     
   5.7500000000000000        1.0000000000000000     
   6.0000000000000000        1.0000000000000000     
   6.2500000000000000        1.0000000000000000     
   6.5000000000000000        1.0000000000000000     
   6.7500000000000000        1.0000000000000000     
   7.0000000000000000        1.0000000000000000     
   7.2500000000000000        1.0000000000000000     
   7.5000000000000000        1.0000000000000000     
   7.7500000000000000        1.0000000000000000     
   8.0000000000000000        1.0000000000000000     
   8.2500000000000000        1.0000000000000000     
   8.5000000000000000        1.0000000000000000     
   8.7500000000000000        1.0000000000000000     
   9.0000000000000000        1.0000000000000000     
   9.2500000000000000        1.0000000000000000     
   9.5000000000000000        1.0000000000000000     
   9.7500000000000000        1.0000000000000000     
   10.000000000000000        1.0000000000000000     
   10.250000000000000        1.0000000000000000     
   10.500000000000000        1.0000000000000000     
   10.750000000000000        1.0000000000000000     
   11.000000000000000        1.0000000000000000     
   11.250000000000000        1.0000000000000000     
   11.500000000000000        1.0000000000000000     
   11.750000000000000        1.0000000000000000     
   12.000000000000000        1.0000000000000000     
   12.250000000000000        1.0000000000000000     
   12.500000000000000        1.0000000000000000     
   12.750000000000000        1.0000000000000000     
   13.000000000000000        1.0000000000000000     
   13.250000000000000        1.0000000000000000     
   13.500000000000000        1.0000000000000000     
   13.750000000000000        1.0000000000000000     
   14.000000000000000        1.0000000000000000     
   14.250000000000000        1.0000000000000000     
   14.500000000000000        1.0000000000000000     
   14.750000000000000        1.0000000000000000     
   15.000000000000000        1.0000000000000000     
   15.250000000000000        1.0000000000000000     
   15.500000000000000        1.0000000000000000     
   15.750000000000000        1.0000000000000000     
   16.000000000000000        1.0000000000000000     
   16.250000000000000        1.0000000000000000     
   16.500000000000000        1.0000000000000000     
   16.750000000000000        1.0000000000000000     
   17.000000000000000        1.0000000000000000     
   17.250000000000000        1.0000000000000000     
   17.500000000000000        1.0000000000000000     
   17.750000000000000        1.0000000000000000     
   18.000000000000000        1.0000000000000000     
   18.250000000000000        1.0000000000000000     
   18.500000000000000        1.0000000000000000     
   18.750000000000000        1.0000000000000000     
   19.000000000000000        1.0000000000000000     
   19.250000000000000        1.0000000000000000     
   19.500000000000000        1.0000000000000000     
   19.750000000000000        1.0000000000000000     
   20.000000000000000        1.0000000000000000     
   20.250000000000000        1.0000000000000000     
   20.500000000000000        1.0000000000000000     
   20.750000000000000        1.0000000000000000     
   21.000000000000000        1.0000000000000000     
   21.250000000000000        1.0000000000000000     
   21.500000000000000        1.0000000000000000     
   21.750000000000000        1.0000000000000000     
   22.000000000000000        1.0000000000000000     
   22.250000000000000        1.0000000000000000     
   22.500000000000000        1.0000000000000000     
   22.750000000000000        1.0000000000000000     
   23.000000000000000        1.0000000000000000     
   23.250000000000000        1.0000000000000000     
   23.500000000000000        1.0000000000000000     
   23.750000000000000        1.0000000000000000     
   24.000000000000000        1.0000000000000000     
   24.250000000000000        1.0000000000000000     
   24.500000000000000        1.0000000000000000     
   24.750000000000000        1.0000000000000000     
   25.000000000000000        1.0000000000000000     
   25.250000000000000        1.0000000000000000     
   25.500000000000000        1.0000000000000000     
   25.750000000000000        1.0000000000000000     
   26.000000000000000        1.0000000000000000     
   26.250000000000000        1.0000000000000000     
   26.500000000000000        1.0000000000000000     
   26.750000000000000        1.0000000000000000     
   27.000000000000000        1.0000000000000000     
   27.250000000000000        1.0000000000000000     
   27.500000000000000        1.0000000000000000     
   27.750000000000000        1.0000000000000000     
   28.000000000000000        1.0000000000000000     
   28.250000000000000        1.0000000000000000     
   28.500000000000000        1.0000000000000000     
   28.750000000000000        1.0000000000000000     
   29.000000000000000        1.0000000000000000     
   29.250000000000000        1.0000000000000000     
   29.500000000000000        1.0000000000000000     
   29.750000000000000        1.0000000000000000     
   30.000000000000000        1.0000000000000000     
   30.250000000000000        1.0000000000000000     
   30.500000000000000        1.0000000000000000     
   30.750000000000000        1.0000000000000000     
   31.000000000000000        1.0000000000000000     
   31.250000000000000        1.0000000000000000     
   31.500000000000000        1.0000000000000000     
   31.750000000000000        1.0000000000000000     
   32.000000000000000        1.0000000000000000     
   32.250000000000000        1.0000000000000000     
   32.500000000000000        1.0000000000000000     
   32.750000000000000        1.0000000000000000     
   33.000000000000000        1.0000000000000000     
   33.250000000000000        1.0000000000000000     
   33.500000000000000        1.0000000000000000     
   33.750000000000000        1.0000000000000000     
   34.000000000000000        1.0000000000000000     
   34.250000000000000        1.0000000000000000     
   34.500000000000000        1.0000000000000000     
   34.750000000000000        1.0000000000000000     
   35.000000000000000        1.0000000000000000     
   35.250000000000000        1.0000000000000000     
   35.500000000000000        1.0000000000000000     
   35.750000000000000        1.0000000000000000     
   36.000000000000000        1.0000000000000000     
   36.250000000000000        1.0000000000000000     
   36.500000000000000        1.0000000000000000     
   36.750000000000000        1.0000000000000000     
   37.000000000000000        1.0000000000000000     
   37.250000000000000        1.0000000000000000     
   37.500000000000000        1.0000000000000000     
   37.750000000000000        1.0000000000000000     
   38.000000000000000        1.0000000000000000     
   38.250000000000000        1.0000000000000000     
   38.500000000000000        1.0000000000000000     
   38.750000000000000        1.0000000000000000     
   39.000000000000000        1.0000000000000000     
   39.250000000000000        1.0000000000000000     
   39.500000000000000        1.0000000000000000     
   39.750000000000000        1.0000000000000000     
   40.000000000000000        1.0000000000000000     
   40.250000000000000       0.97999999999999998     
   40.500000000000000       0.95999999999999996     
   40.750000000000000       0.93999999999999995     
   41.000000000000000       0.91999999999999993     
   41.250000000000000       0.90000000000000002     
   41.500000000000000       0.88000000000000012     
   41.750000000000000       0.86000000000000021     
   42.000000000000000       0.84000000000000030     
   42.250000000000000       0.82000000000000028     
   42.500000000000000       0.80000000000000027     
   42.750000000000000       0.78000000000000025     
   43.000000000000000       0.76000000000000023     
   43.250000000000000       0.74000000000000021     
   43.500000000000000       0.72000000000000020     
   43.750000000000000       0.70000000000000018     
   44.000000000000000       0.68000000000000016     
   44.250000000000000       0.66000000000000014     
   44.500000000000000       0.64000000000000012     
   44.750000000000000       0.62000000000000011     
   45.000000000000000       0.60000000000000009     
   45.250000000000000       0.58000000000000007     
   45.500000000000000       0.56000000000000005     
   45.750000000000000       0.54000000000000004     
   46.000000000000000       0.52000000000000002     
   46.250000000000000       0.50000000000000000     
   46.500000000000000       0.47999999999999998     
   46.750000000000000       0.45999999999999996     
   47.000000000000000       0.43999999999999995     
   47.250000000000000       0.42000000000000004     
   47.500000000000000       0.40000000000000013     
   47.750000000000000       0.38000000000000023     
   48.000000000000000       0.36000000000000032     
   48.250000000000000       0.34000000000000030     
   48.500000000000000       0.32000000000000028     
   48.750000000000000       0.30000000000000027     
   49.000000000000000       0.28000000000000025     
   49.250000000000000       0.26000000000000018     
   49.500000000000000       0.24000000000000013     
   49.750000000000000       0.22000000000000008     
   50.000000000000000       0.20000000000000001     
   50.250000000000000       0.20000000000000001     
   50.500000000000000       0.20000000000000001     
   50.750000000000000       0.20000000000000001     
   51.000000000000000       0.20000000000000001     
   51.250000000000000       0.20000000000000001     
   51.500000000000000       0.20000000000000001     
   51.750000000000000       0.20000000000000001     
   52.000000000000000       0.20000000000000001     
   52.250000000000000       0.20000000000000001     
   52.500000000000000       0.20000000000000001     
   52.750000000000000       0.20000000000000001     
   53.000000000000000       0.20000000000000001     
   53.250000000000000       0.20000000000000001     
   53.500000000000000       0.20000000000000001     
   53.750000000000000       0.20000000000000001     
   54.000000000000000       0.20000000000000001     
   54.250000000000000       0.20000000000000001     
   54.500000000000000       0.20000000000000001     
   54.750000000000000       0.20000000000000001     
   55.000000000000000       0.20000000000000001     
   55.250000000000000       0.20000000000000001     
   55.500000000000000       0.20000000000000001     
   55.750000000000000       0.20000000000000001     
   56.000000000000000       0.20000000000000001     
   56.250000000000000       0.20000000000000001     
   56.500000000000000       0.20000000000000001     
   56.750000000000000       0.20000000000000001     
   57.000000000000000       0.20000000000000001     
   57.250000000000000       0.20000000000000001     
   57.500000000000000       0.20000000000000001     
   57.750000000000000       0.20000000000000001     
   58.000000000000000       0.20000000000000001     
   58.250000000000000       0.20000000000000001     
   58.500000000000000       0.20000000000000001     
   58.750000000000000       0.20000000000000001     
   59.000000000000000       0.20000000000000001     
   59.250000000000000       0.20000000000000001     
   59.500000000000000       0.20000000000000001     
   59.750000000000000       0.20000000000000001     
   60.000000000000000       0.20000000000000001     
   60.250000000000000       0.20000000000000001     
   60.500000000000000       0.20000000000000001     
   60.750000000000000       0.20000000000000001     
   61.000000000000000       0.20000000000000001     
   61.250000000000000       0.20000000000000001     
   61.500000000000000       0.20000000000000001     
   61.750000000000000       0.20000000000000001     
   62.000000000000000       0.20000000000000001     
   62.250000000000000       0.20000000000000001     
   62.500000000000000       0.20000000000000001     
   62.750000000000000       0.20000000000000001     
   63.000000000000000       0.20000000000000001     
   63.250000000000000       0.20000000000000001     
   63.500000000000000       0.20000000000000001     
   63.750000000000000       0.20000000000000001     
   64.000000000000000       0.20000000000000001     
   64.250000000000000       0.20000000000000001     
   64.500000000000000       0.20000000000000001     
   64.750000000000000       0.20000000000000001     
   65.000000000000000       0.20000000000000001     
   65.250000000000000       0.20000000000000001     
   65.500000000000000       0.20000000000000001     
   65.750000000000000       0.20000000000000001     
   66.000000000000000       0.20000000000000001     
   66.250000000000000       0.20000000000000001     
   66.500000000000000       0.20000000000000001     
   66.750000000000000       0.20000000000000001     
   67.000000000000000       0.20000000000000001     
   67.250000000000000       0.20000000000000001     
   67.500000000000000       0.20000000000000001     
   67.750000000000000       0.20000000000000001     
   68.000000000000000       0.20000000000000001     
   68.250000000000000       0.20000000000000001     
   68.500000000000000       0.20000000000000001     
   68.750000000000000       0.20000000000000001     
   69.000000000000000       0.20000000000000001     
   69.250000000000000       0.20000000000000001     
   69.500000000000000       0.20000000000000001     
   69.750000000000000       0.20000000000000001     
   70.000000000000000       0.20000000000000001     
   70.250000000000000       0.20000000000000001     
   70.500000000000000       0.20000000000000001     
   70.750000000000000       0.20000000000000001     
   71.000000000000000       0.20000000000000001     
   71.250000000000000       0.20000000000000001     
   71.500000000000000       0.20000000000000001     
   71.750000000000000       0.20000000000000001     
   72.000000000000000       0.20000000000000001     
   72.250000000000000       0.20000000000000001     
   72.500000000000000       0.20000000000000001     
   72.750000000000000       0.20000000000000001     
   73.000000000000000       0.20000000000000001     
   73.250000000000000       0.20000000000000001     
   73.500000000000000       0.20000000000000001     
   73.750000000000000       0.20000000000000001     
   74.000000000000000       0.20000000000000001     
   74.250000000000000       0.20000000000000001     
   74.500000000000000       0.20000000000000001     
   74.750000000000000       0.20000000000000001     
   75.000000000000000       0.20000000000000001     
   75.250000000000000       0.20000000000000001     
   75.500000000000000       0.20000000000000001     
   75.750000000000000       0.20000000000000001     
   76.000000000000000       0.20000000000000001     
   76.250000000000000       0.20000000000000001     
   76.500000000000000       0.20000000000000001     
   76.750000000000000       0.20000000000000001     
   77.000000000000000       0.20000000000000001     
   77.250000000000000       0.20000000000000001     
   77.500000000000000       0.20000000000000001     
   77.750000000000000       0.20000000000000001     
   78.000000000000000       0.20000000000000001     
   78.250000000000000       0.20000000000000001     
   78.500000000000000       0.20000000000000001     
   78.750000000000000       0.20000000000000001     
   79.000000000000000       0.20000000000000001     
   79.250000000000000       0.20000000000000001     
   79.500000000000000       0.20000000000000001     
   79.750000000000000       0.20000000000000001     
   80.000000000000000       0.20000000000000001     
   80.250000000000000       0.20000000000000001     
   80.500000000000000       0.20000000000000001     
   80.750000000000000       0.20000000000000001     
   81.000000000000000       0.20000000000000001     
   81.250000000000000       0.20000000000000001     
   81.500000000000000       0.20000000000000001     
   81.750000000000000       0.20000000000000001     
   82.000000000000000       0.20000000000000001     
   82.250000000000000       0.20000000000000001     
   82.500000000000000       0.20000000000000001     
   82.750000000000000       0.20000000000000001     
   83.000000000000000       0.20000000000000001     
   83.250000000000000       0.20000000000000001     
   83.500000000000000       0.20000000000000001     
   83.750000000000000       0.20000000000000001     
   84.000000000000000       0.20000000000000001     
   84.250000000000000       0.20000000000000001     
   84.500000000000000       0.20000000000000001     
   84.750000000000000       0.20000000000000001     
   85.000000000000000       0.20000000000000001     
   85.250000000000000       0.20000000000000001     
   85.500000000000000       0.20000000000000001     
   85.750000000000000       0.20000000000000001     
   86.000000000000000       0.20000000000000001     
   86.250000000000000       0.20000000000000001     
   86.500000000000000       0.20000000000000001     
   86.750000000000000       0.20000000000000001     
   87.000000000000000       0.20000000000000001     
   87.250000000000000       0.20000000000000001     
   87.500000000000000       0.20000000000000001     
   87.750000000000000       0.20000000000000001     
   88.000000000000000       0.20000000000000001     
   88.250000000000000       0.20000000000000001     
   88.500000000000000       0.20000000000000001     
   88.750000000000000       0.20000000000000001     
   89.000000000000000       0.20000000000000001     
   89.250000000000000       0.20000000000000001     
   89.500000000000000       0.20000000000000001     
   89.750000000000000       0.20000000000000001     
   90.000000000000000       0.20000000000000001     
   90.250000000000000       0.20000000000000001     
   90.500000000000000       0.20000000000000001     
   90.750000000000000       0.20000000000000001     
   91.000000000000000       0.20000000000000001     
   91.250000000000000       0.20000000000000001     
   91.500000000000000       0.20000000000000001     
   91.750000000000000       0.20000000000000001     
   92.000000000000000       0.20000000000000001     
   92.250000000000000       0.20000000000000001     
   92.500000000000000       0.20000000000000001     
   92.750000000000000       0.20000000000000001     
   93.000000000000000       0.20000000000000001     
   93.250000000000000       0.20000000000000001     
   93.500000000000000       0.20000000000000001     
   93.750000000000000       0.20000000000000001     
   94.000000000000000       0.20000000000000001     
   94.250000000000000       0.20000000000000001     
   94.500000000000000       0.20000000000000001     
   94.750000000000000       0.20000000000000001     
   95.000000000000000       0.20000000000000001     
   95.250000000000000       0.20000000000000001     
   95.500000000000000       0.20000000000000001     
   95.750000000000000       0.20000000000000001     
   96.000000000000000       0.20000000000000001     
   96.250000000000000       0.20000000000000001     
   96.500000000000000       0.20000000000000001     
   96.750000000000000       0.20000000000000001     
   97.000000000000000       0.20000000000000001     
   97.250000000000000       0.20000000000000001     
   97.500000000000000       0.20000000000000001     
   97.750000000000000       0.20000000000000001     
   98.000000000000000       0.20000000000000001     
   98.250000000000000       0.20000000000000001     
   98.500000000000000       0.20000000000000001     
   98.750000000000000       0.20000000000000001     
   99.000000000000000       0.20000000000000001     
   99.250000000000000       0.20000000000000001     
   99.500000000000000       0.20000000000000001     
   99.750000000000000       0.20000000000000001     
   100.00000000000000       0.20000000000000001     
   100.25000000000000       0.20000000000000001     
   100.50000000000000       0.20000000000000001     
   100.75000000000000       0.20000000000000001     
   101.00000000000000       0.20000000000000001     
   101.25000000000000       0.20000000000000001     
   101.50000000000000       0.20000000000000001     
   101.75000000000000       0.20000000000000001     
   102.00000000000000       0.20000000000000001     
   102.25000000000000       0.20000000000000001     
   102.50000000000000       0.20000000000000001     
   102.75000000000000       0.20000000000000001     
   103.00000000000000       0.20000000000000001     
   103.25000000000000       0.20000000000000001     
   103.50000000000000       0.20000000000000001     
   103.75000000000000       0.20000000000000001     
   104.00000000000000       0.20000000000000001     
   104.25000000000000       0.20000000000000001     
   104.50000000000000       0.20000000000000001     
   104.75000000000000       0.20000000000000001     
   105.00000000000000       0.20000000000000001     
   105.25000000000000       0.20000000000000001     
   105.50000000000000       0.20000000000000001     
   105.75000000000000       0.20000000000000001     
   106.00000000000000       0.20000000000000001     
   106.25000000000000       0.20000000000000001     
   106.50000000000000       0.20000000000000001     
   106.75000000000000       0.20000000000000001     
   107.00000000000000       0.20000000000000001     
   107.25000000000000       0.20000000000000001     
   107.50000000000000       0.20000000000000001     
   107.75000000000000       0.20000000000000001     
   108.00000000000000       0.20000000000000001     
   108.25000000000000       0.20000000000000001     
   108.50000000000000       0.20000000000000001     
   108.75000000000000       0.20000000000000001     
   109.00000000000000       0.20000000000000001     
   109.25000000000000       0.20000000000000001     
   109.50000000000000       0.20000000000000001     
   109.75000000000000       0.20000000000000001     
   110.00000000000000       0.20000000000000001     
   110.25000000000000       0.20000000000000001     
   110.50000000000000       0.20000000000000001     
   110.75000000000000       0.20000000000000001     
   111.00000000000000       0.20000000000000001     
   111.25000000000000       0.20000000000000001     
   111.50000000000000       0.20000000000000001     
   111.75000000000000       0.20000000000000001     
   112.00000000000000       0.20000000000000001     
   112.25000000000000       0.20000000000000001     
   112.50000000000000       0.20000000000000001     
   112.75000000000000       0.20000000000000001     
   113.00000000000000       0.20000000000000001     
   113.25000000000000       0.20000000000000001     
   113.50000000000000       0.20000000000000001     
   113.75000000000000       0.20000000000000001     
   114.00000000000000       0.20000000000000001     
   114.25000000000000       0.20000000000000001     
   114.50000000000000       0.20000000000000001     
   114.75000000000000       0.20000000000000001     
   115.00000000000000       0.20000000000000001     
   115.25000000000000       0.20000000000000001     
   115.50000000000000       0.20000000000000001     
   115.75000000000000       0.20000000000000001     
   116.00000000000000       0.20000000000000001     
   116.25000000000000       0.20000000000000001     
   116.50000000000000       0.20000000000000001     
   116.75000000000000       0.20000000000000001     
   117.00000000000000       0.20000000000000001     
   117.25000000000000       0.20000000000000001     
   117.50000000000000       0.20000000000000001     
   117.75000000000000       0.20000000000000001     
   118.00000000000000       0.20000000000000001     
   118.25000000000000       0.20000000000000001     
   118.50000000000000       0.20000000000000001     
   118.75000000000000       0.20000000000000001     
   119.00000000000000       0.20000000000000001     
   119.25000000000000       0.20000000000000001     
   119.50000000000000       0.20000000000000001     
   119.75000000000000       0.20000000000000001     
   120.00000000000000       0.20000000000000001     
   120.25000000000000       0.20000000000000001     
   120.50000000000000       0.20000000000000001     
   120.75000000000000       0.20000000000000001     
   121.00000000000000       0.20000000000000001     
   121.25000000000000       0.20000000000000001     
   121.50000000000000       0.20000000000000001     
   121.75000000000000       0.20000000000000001     
   122.00000000000000       0.20000000000000001     
   122.25000000000000       0.20000000000000001     
   122.50000000000000       0.20000000000000001     
   122.75000000000000       0.20000000000000001     
   123.00000000000000       0.20000000000000001     
   123.25000000000000       0.20000000000000001     
   123.50000000000000       0.20000000000000001     
   123.75000000000000       0.20000000000000001     
   124.00000000000000       0.20000000000000001     
   124.25000000000000       0.20000000000000001     
   124.50000000000000       0.20000000000000001     
   124.75000000000000       0.20000000000000001     
   125.00000000000000       0.20000000000000001     
   125.25000000000000       0.20000000000000001     
   125.50000000000000       0.20000000000000001     
   125.75000000000000       0.20000000000000001     
   126.00000000000000       0.20000000000000001     
   126.25000000000000       0.20000000000000001     
   126.50000000000000       0.20000000000000001     
   126.75000000000000       0.20000000000000001     
   127.00000000000000       0.20000000000000001     
   127.25000000000000       0.20000000000000001     
   127.50000000000000       0.20000000000000001     
   127.75000000000000       0.20000000000000001     
   128.00000000000000       0.20000000000000001     
   128.25000000000000       0.20000000000000001     
   128.50000000000000       0.20000000000000001     
   128.75000000000000       0.20000000000000001     
   129.00000000000000       0.20000000000000001     
   129.25000000000000       0.20000000000000001     
   129.50000000000000       0.20000000000000001     
   129.75000000000000       0.20000000000000001     
   130.00000000000000       0.20000000000000001     
   130.25000000000000       0.20000000000000001     
   130.50000000000000       0.20000000000000001     
   130.75000000000000       0.20000000000000001     
   131.00000000000000       0.20000000000000001     
   131.25000000000000       0.20000000000000001     
   131.50000000000000       0.20000000000000001     
   131.75000000000000       0.20000000000000001     
   132.00000000000000       0.20000000000000001     
   132.25000000000000       0.20000000000000001     
   132.50000000000000       0.20000000000000001     
   132.75000000000000       0.20000000000000001     
   133.00000000000000       0.20000000000000001     
   133.25000000000000       0.20000000000000001     
   133.50000000000000       0.20000000000000001     
   133.75000000000000       0.20000000000000001     
   134.00000000000000       0.20000000000000001     
   134.25000000000000       0.20000000000000001     
   134.50000000000000       0.20000000000000001     
   134.75000000000000       0.20000000000000001     
   135.00000000000000       0.20000000000000001     
   135.25000000000000       0.20000000000000001     
   135.50000000000000       0.20000000000000001     
   135.75000000000000       0.20000000000000001     
   136.00000000000000       0.20000000000000001     
   136.25000000000000       0.20000000000000001     
   136.50000000000000       0.20000000000000001     
   136.75000000000000       0.20000000000000001     
   137.00000000000000       0.20000000000000001     
   137.25000000000000       0.20000000000000001     
   137.50000000000000       0.20000000000000001     
   137.75000000000000       0.20000000000000001     
   138.00000000000000       0.20000000000000001     
   138.25000000000000       0.20000000000000001     
   138.50000000000000       0.20000000000000001     
   138.75000000000000       0.20000000000000001     
   139.00000000000000       0.20000000000000001     
   139.25000000000000       0.20000000000000001     
   139.50000000000000       0.20000000000000001     
   139.75000000000000       0.20000000000000001     
   140.00000000000000       0.20000000000000001     
   140.25000000000000       0.20000000000000001     
   140.50000000000000       0.20000000000000001     
   140.75000000000000       0.20000000000000001     
   141.00000000000000       0.20000000000000001     
   141.25000000000000       0.20000000000000001     
   141.50000000000000       0.20000000000000001     
   141.75000000000000       0.20000000000000001     
   142.00000000000000       0.20000000000000001     
   142.25000000000000       0.20000000000000001     
   142.50000000000000       0.20000000000000001     
   142.75000000000000       0.20000000000000001     
   143.00000000000000       0.20000000000000001     
   143.25000000000000       0.20000000000000001     
   143.50000000000000       0.20000000000000001     
   143.75000000000000       0.20000000000000001     
   144.00000000000000       0.20000000000000001     
   144.25000000000000       0.20000000000000001     
   144.50000000000000       0.20000000000000001     
   144.75000000000000       0.20000000000000001     
   145.00000000000000       0.20000000000000001     
   145.25000000000000       0.20000000000000001     
   145.50000000000000       0.20000000000000001     
   145.75000000000000       0.20000000000000001     
   146.00000000000000       0.20000000000000001     
   146.25000000000000       0.20000000000000001     
   146.50000000000000       0.20000000000000001     
   146.75000000000000       0.20000000000000001     
   147.00000000000000       0.20000000000000001     
   147.25000000000000       0.20000000000000001     
   147.50000000000000       0.20000000000000001     
   147.75000000000000       0.20000000000000001     
   148.00000000000000       0.20000000000000001     
   148.25000000000000       0.20000000000000001     
   148.50000000000000       0.20000000000000001     
   148.75000000000000       0.20000000000000001     
   149.00000000000000       0.20000000000000001     
   149.25000000000000       0.20000000000000001     
   149.50000000000000       0.20000000000000001     
   149.75000000000000       0.20000000000000001     
   150.00000000000000       0.20000000000000001     
