   0.0000000000000000        0.0000000000000000     
  0.25000000000000000      -1.33606413555875154E-005
  0.50000000000000000      -2.63522673191825549E-005
  0.75000000000000000      -4.06555083282688376E-005
   1.0000000000000000      -5.55381633205438049E-005
   1.2500000000000000      -7.01030582966984041E-005
   1.5000000000000000      -8.69374290831921928E-005
   1.7500000000000000      -1.04553424479782704E-004
   2.0000000000000000      -1.21261471437505275E-004
   2.2500000000000000      -1.38955690448161251E-004
   2.5000000000000000      -1.58146112595803652E-004
   2.7500000000000000      -1.76499900039004011E-004
   3.0000000000000000      -1.93252966570095594E-004
   3.2500000000000000      -2.10177196977390538E-004
   3.5000000000000000      -2.27983288537752626E-004
   3.7500000000000000      -2.45073978754818678E-004
   4.0000000000000000      -2.60329420688091358E-004
   4.2500000000000000      -2.74952079423328773E-004
   4.5000000000000000      -2.90715973193309235E-004
   4.7500000000000000      -3.07633626930381714E-004
   5.0000000000000000      -3.24343867430873707E-004
   5.2500000000000000      -3.40300245495628361E-004
   5.5000000000000000      -3.56637528937021333E-004
   5.7500000000000000      -3.74761594924788888E-004
   6.0000000000000000      -3.94661192088095953E-004
   6.2500000000000000      -4.14993073549915401E-004
   6.5000000000000000      -4.34656203411298880E-004
   6.7500000000000000      -4.53933887275923204E-004
   7.0000000000000000      -4.74005903256004876E-004
   7.2500000000000000      -4.95538060501623688E-004
   7.5000000000000000      -5.17917786494426452E-004
   7.7500000000000000      -5.39865890114684050E-004
   8.0000000000000000      -5.60683290409204360E-004
   8.2500000000000000      -5.80851065348379769E-004
   8.5000000000000000      -6.01444666144275290E-004
   8.7500000000000000      -6.23029932786486928E-004
   9.0000000000000000      -6.45107610896699562E-004
   9.2500000000000000      -6.66554829888728675E-004
   9.5000000000000000      -6.86590252493004963E-004
   9.7500000000000000      -7.05377739456080114E-004
   10.000000000000000      -7.23868425879044286E-004
   10.250000000000000      -7.43081535700234209E-004
   10.500000000000000      -7.63344583423693798E-004
   10.750000000000000      -7.84108554599082528E-004
   11.000000000000000      -8.04672441765966347E-004
   11.250000000000000      -8.24920069987601580E-004
   11.500000000000000      -8.45465985576102281E-004
   11.750000000000000      -8.67275184841297792E-004
   12.000000000000000      -8.91181123960658149E-004
   12.250000000000000      -9.17162255367940564E-004
   12.500000000000000      -9.44308062235285975E-004
   12.750000000000000      -9.71557255532609350E-004
   13.000000000000000      -9.98055204132034272E-004
   13.250000000000000      -1.02358748663010824E-003
   13.500000000000000      -1.04859185461698111E-003
   13.750000000000000      -1.07353085553815188E-003
   14.000000000000000      -1.09835491511538273E-003
   14.250000000000000      -1.12268845250809799E-003
   14.500000000000000      -1.14584081849821427E-003
   14.750000000000000      -1.16729101882674614E-003
   15.000000000000000      -1.18710675279967248E-003
   15.250000000000000      -1.20611975189057787E-003
   15.500000000000000      -1.22543468264499464E-003
   15.750000000000000      -1.24598878130421659E-003
   16.000000000000000      -1.26818367794625055E-003
   16.250000000000000      -1.29179359930608117E-003
   16.500000000000000      -1.31620581359089689E-003
   16.750000000000000      -1.34082760005511188E-003
   17.000000000000000      -1.36545252631392112E-003
   17.250000000000000      -1.39038624269485311E-003
   17.500000000000000      -1.41626165934887827E-003
   17.750000000000000      -1.44367109548763093E-003
   18.000000000000000      -1.47283024659104994E-003
   18.250000000000000      -1.50343372750924597E-003
   18.500000000000000      -1.53474710878199984E-003
   18.750000000000000      -1.56587817110373636E-003
   19.000000000000000      -1.59609553436401838E-003
   19.250000000000000      -1.62504729309323167E-003
   19.500000000000000      -1.65277817590297441E-003
   19.750000000000000      -1.67955734809862645E-003
   20.000000000000000      -1.70562787827272942E-003
   20.250000000000000      -1.73101785325414535E-003
   20.500000000000000      -1.75550522032925384E-003
   20.750000000000000      -1.77874216777152653E-003
   21.000000000000000      -1.80046783177499831E-003
   21.250000000000000      -1.82070170280347718E-003
   21.500000000000000      -1.83982448060753543E-003
   21.750000000000000      -1.85850724742539540E-003
   22.000000000000000      -1.87751591342693171E-003
   22.250000000000000      -1.89746963627595352E-003
   22.500000000000000      -1.91865680697298293E-003
   22.750000000000000      -1.94099339125487248E-003
   23.000000000000000      -1.96412249857909902E-003
   23.250000000000000      -1.98757647753570544E-003
   23.500000000000000      -2.01098801461552061E-003
   23.750000000000000      -2.03430319519837645E-003
   24.000000000000000      -2.05775019707628900E-003
   24.250000000000000      -2.08176133384153353E-003
   24.500000000000000      -2.10666753945440172E-003
   24.750000000000000      -2.13253693636245023E-003
   25.000000000000000      -2.15904612349960548E-003
   25.250000000000000      -2.18547001190501095E-003
   25.500000000000000      -2.21083476711500136E-003
   25.750000000000000      -2.23416712287996143E-003
   26.000000000000000      -2.25493606587490267E-003
   26.250000000000000      -2.27296540093060735E-003
   26.500000000000000      -2.28839209452054611E-003
   26.750000000000000      -2.30174734045593974E-003
   27.000000000000000      -2.31345959102484920E-003
   27.250000000000000      -2.32374720331868191E-003
   27.500000000000000      -2.33249925462434031E-003
   27.750000000000000      -2.33942787886613117E-003
   28.000000000000000      -2.34415062911384059E-003
   28.250000000000000      -2.34641878860881309E-003
   28.500000000000000      -2.34635354060994594E-003
   28.750000000000000      -2.34428716718653373E-003
   29.000000000000000      -2.34082255897436701E-003
   29.250000000000000      -2.33674273927341825E-003
   29.500000000000000      -2.33271570149612981E-003
   29.750000000000000      -2.32924326314658649E-003
   30.000000000000000      -2.32677696777126419E-003
   30.250000000000000      -2.32550898787738450E-003
   30.500000000000000      -2.32533599233926717E-003
   30.750000000000000      -2.32602529428820471E-003
   31.000000000000000      -2.32730135337877149E-003
   31.250000000000000      -2.32887112842969412E-003
   31.500000000000000      -2.33053707558985787E-003
   31.750000000000000      -2.33225312319823271E-003
   32.000000000000000      -2.33405083688867235E-003
   32.250000000000000      -2.33590147673286242E-003
   32.500000000000000      -2.33764132381571697E-003
   32.750000000000000      -2.33901465632030577E-003
   33.000000000000000      -2.33972647769498067E-003
   33.250000000000000      -2.33941604497842764E-003
   33.500000000000000      -2.33756446805821446E-003
   33.750000000000000      -2.33344990362908391E-003
   34.000000000000000      -2.32625278213121050E-003
   34.250000000000000      -2.31533562659076882E-003
   34.500000000000000      -2.30053771065592393E-003
   34.750000000000000      -2.28224893594330220E-003
   35.000000000000000      -2.26116367338484014E-003
   35.250000000000000      -2.23789668168987693E-003
   35.500000000000000      -2.21278739159105507E-003
   35.750000000000000      -2.18601951942747627E-003
   36.000000000000000      -2.15783085549892768E-003
   36.250000000000000      -2.12852296052685065E-003
   36.500000000000000      -2.09830849793338648E-003
   36.750000000000000      -2.06730230282168356E-003
   37.000000000000000      -2.03573178952640502E-003
   37.250000000000000      -2.00403017453590218E-003
   37.500000000000000      -1.97263692470899974E-003
   37.750000000000000      -1.94193287822659751E-003
   38.000000000000000      -1.91260624410613230E-003
   38.250000000000000      -1.88574589294406968E-003
   38.500000000000000      -1.86207341268534630E-003
   38.750000000000000      -1.84151327694596261E-003
   39.000000000000000      -1.82408878764047169E-003
   39.250000000000000      -1.81004282902191903E-003
   39.500000000000000      -1.79889336302145315E-003
   39.750000000000000      -1.79077880549672946E-003
   40.000000000000000      -1.78438773736578054E-003
   40.250000000000000      -1.81606638891529393E-003
   40.500000000000000      -1.85089941051743345E-003
   40.750000000000000      -1.88810720761125998E-003
   41.000000000000000      -1.92820035053533636E-003
   41.250000000000000      -1.97113632641887811E-003
   41.500000000000000      -2.01636219293428167E-003
   41.750000000000000      -2.06365104557534916E-003
   42.000000000000000      -2.11288937549463296E-003
   42.250000000000000      -2.16258261863228008E-003
   42.500000000000000      -2.21243417046124722E-003
   42.750000000000000      -2.26005099008875013E-003
   43.000000000000000      -2.30442839739037871E-003
   43.250000000000000      -2.34327023208793757E-003
   43.500000000000000      -2.37469128451416175E-003
   43.750000000000000      -2.39683173535844719E-003
   44.000000000000000      -2.40736635074536133E-003
   44.250000000000000      -2.40380234340605795E-003
   44.500000000000000      -2.38432345510155869E-003
   44.750000000000000      -2.34565538542673858E-003
   45.000000000000000      -2.28492225374560308E-003
   45.250000000000000      -2.19898895227318113E-003
   45.500000000000000      -2.08376425101909494E-003
   45.750000000000000      -1.93444531819400058E-003
   46.000000000000000      -1.74572112947653756E-003
   46.250000000000000      -1.51208031529395377E-003
   46.500000000000000      -1.22727360246338286E-003
   46.750000000000000      -8.84402715042932695E-004
   47.000000000000000      -4.76599108458480012E-004
   47.250000000000000       2.68247963904241738E-006
   47.500000000000000       5.60648706469852849E-004
   47.750000000000000       1.20561137859544307E-003
   48.000000000000000       1.94673173315398646E-003
   48.250000000000000       2.79438203831448764E-003
   48.500000000000000       3.76123875869603620E-003
   48.750000000000000       4.86350579102192478E-003
   49.000000000000000       6.12173440877602539E-003
   49.250000000000000       7.56179051883600246E-003
   49.500000000000000       9.21653841064837102E-003
   49.750000000000000       1.11290369901747687E-002
   50.000000000000000       1.33576321322026771E-002
   50.250000000000000       1.44408622221399059E-002
   50.500000000000000       1.54584385489703810E-002
   50.750000000000000       1.64059508066802563E-002
   51.000000000000000       1.72828964895139978E-002
   51.250000000000000       1.80911628683124541E-002
   51.500000000000000       1.88332127242335709E-002
   51.750000000000000       1.95094789371568419E-002
   52.000000000000000       2.01205099071651190E-002
   52.250000000000000       2.06647352055538761E-002
   52.500000000000000       2.11379207358151459E-002
   52.750000000000000       2.15352535997495147E-002
   53.000000000000000       2.18535966101510784E-002
   53.250000000000000       2.20940665640784739E-002
   53.500000000000000       2.22582309756530344E-002
   53.750000000000000       2.23502560832333497E-002
   54.000000000000000       2.23783642796797320E-002
   54.250000000000000       2.23520288166605928E-002
   54.500000000000000       2.22781046788930494E-002
   54.750000000000000       2.21642549540771033E-002
   55.000000000000000       2.20211985642229623E-002
   55.250000000000000       2.18573681957803488E-002
   55.500000000000000       2.16819581729700110E-002
   55.750000000000000       2.15078948603122898E-002
   56.000000000000000       2.13470468117829063E-002
   56.250000000000000       2.12058519602813626E-002
   56.500000000000000       2.10884456107102262E-002
   56.750000000000000       2.09962636720604501E-002
   57.000000000000000       2.09214852247350223E-002
   57.250000000000000       2.08536907471739974E-002
   57.500000000000000       2.07840696175071032E-002
   57.750000000000000       2.06987900441792903E-002
   58.000000000000000       2.05841384993128602E-002
   58.250000000000000       2.04327073761371818E-002
   58.500000000000000       2.02369495976875771E-002
   58.750000000000000       1.99862757278665808E-002
   59.000000000000000       1.96714629179298439E-002
   59.250000000000000       1.92809196706146546E-002
   59.500000000000000       1.87971573307520561E-002
   59.750000000000000       1.82090662408129593E-002
   60.000000000000000       1.75163186043759619E-002
   60.250000000000000       1.67215033360402429E-002
   60.500000000000000       1.58363163171408618E-002
   60.750000000000000       1.48819734170972141E-002
   61.000000000000000       1.38748177577129716E-002
   61.250000000000000       1.28297200254143488E-002
   61.500000000000000       1.17662150733923374E-002
   61.750000000000000       1.06993425592839426E-002
   62.000000000000000       9.64329058606677031E-003
   62.250000000000000       8.61967861461342653E-003
   62.500000000000000       7.64812618962173660E-003
   62.750000000000000       6.74172542373842852E-003
   63.000000000000000       5.91195042623907183E-003
   63.250000000000000       5.16366748743097258E-003
   63.500000000000000       4.49225144397539557E-003
   63.750000000000000       3.89144937525520620E-003
   64.000000000000000       3.35571154076967724E-003
   64.250000000000000       2.87815892831495878E-003
   64.500000000000000       2.45384746357109503E-003
   64.750000000000000       2.08103431021319394E-003
   65.000000000000000       1.75823718349955838E-003
   65.250000000000000       1.48354852762996696E-003
   65.500000000000000       1.25389601942724627E-003
   65.750000000000000       1.06330485902275391E-003
   66.000000000000000       9.04353904211029069E-004
   66.250000000000000       7.69622514914775502E-004
   66.500000000000000       6.51347516602900794E-004
   66.750000000000000       5.44356379338204908E-004
   67.000000000000000       4.48591368548657387E-004
   67.250000000000000       3.65109563499113816E-004
   67.500000000000000       2.93446065153839459E-004
   67.750000000000000       2.35126387729672504E-004
   68.000000000000000       1.92936608318409369E-004
   68.250000000000000       1.64837153855112387E-004
   68.500000000000000       1.45145051076800836E-004
   68.750000000000000       1.30889712995610523E-004
   69.000000000000000       1.20140365092698788E-004
   69.250000000000000       1.07366862346813588E-004
   69.500000000000000       8.83340333744652448E-005
   69.750000000000000       6.61983096085448077E-005
   70.000000000000000       4.62457251865754714E-005
   70.250000000000000       2.91368075991132081E-005
   70.500000000000000       1.49276469023557844E-005
   70.750000000000000       7.80486557553572269E-006
   71.000000000000000       1.04439330087611874E-005
   71.250000000000000       1.85141244515045616E-005
   71.500000000000000       2.61158977440382270E-005
   71.750000000000000       3.20627107570001766E-005
   72.000000000000000       3.62749173308159821E-005
   72.250000000000000       3.51058039647624836E-005
   72.500000000000000       2.58053613014411487E-005
   72.750000000000000       1.21417215641227402E-005
   73.000000000000000       6.01927519877450632E-007
   73.250000000000000      -6.54221220193994433E-006
   73.500000000000000      -1.02874467236106093E-005
   73.750000000000000      -9.59148013991093866E-006
   74.000000000000000      -1.90189087990074162E-006
   74.250000000000000       1.17610142849815751E-005
   74.500000000000000       2.62715599066826800E-005
   74.750000000000000       3.71490468849230675E-005
   75.000000000000000       4.30098962091234955E-005
   75.250000000000000       4.33877177340010535E-005
   75.500000000000000       3.73698585246524459E-005
   75.750000000000000       2.55971688920999572E-005
   76.000000000000000       1.13820359288312573E-005
   76.250000000000000      -1.70003557731685302E-006
   76.500000000000000      -1.20400403520257114E-005
   76.750000000000000      -1.86933713473389656E-005
   77.000000000000000      -1.93760401629995356E-005
   77.250000000000000      -1.18894434595241095E-005
   77.500000000000000       2.61769380187519193E-006
   77.750000000000000       1.95031500203217398E-005
   78.000000000000000       3.42569969546061619E-005
   78.250000000000000       4.53154704373362241E-005
   78.500000000000000       5.29743315526202564E-005
   78.750000000000000       5.68117801913836206E-005
   79.000000000000000       5.54577447961864705E-005
   79.250000000000000       4.85798175838960756E-005
   79.500000000000000       3.79141654393187757E-005
   79.750000000000000       2.60605140327140766E-005
   80.000000000000000       1.50830385933139637E-005
   80.250000000000000       6.76764866787876264E-006
   80.500000000000000       3.45613069763313733E-006
   80.750000000000000       7.35542686363644833E-006
   81.000000000000000       1.85851200120997952E-005
   81.250000000000000       3.44502945173531363E-005
   81.500000000000000       5.12454221454017122E-005
   81.750000000000000       6.67937259801645704E-005
   82.000000000000000       8.09550261374584898E-005
   82.250000000000000       9.37249350675636205E-005
   82.500000000000000       1.03303949899242147E-004
   82.750000000000000       1.06368344158917343E-004
   83.000000000000000       1.00117964612903948E-004
   83.250000000000000       8.37535643549466548E-005
   83.500000000000000       5.79154866711924037E-005
   83.750000000000000       2.29921076928025307E-005
   84.000000000000000      -2.17117952034692104E-005
   84.250000000000000      -7.71708353472820504E-005
   84.500000000000000      -1.43308166732245961E-004
   84.750000000000000      -2.18692646993361568E-004
   85.000000000000000      -3.01552584099007675E-004
   85.250000000000000      -3.90986322216885565E-004
   85.500000000000000      -4.87180483973645754E-004
   85.750000000000000      -5.90592085993580447E-004
   86.000000000000000      -7.01070203363110566E-004
   86.250000000000000      -8.17783972833068104E-004
   86.500000000000000      -9.39869417187249884E-004
   86.750000000000000      -1.06698539117535155E-003
   87.000000000000000      -1.19916259839784184E-003
   87.250000000000000      -1.33612326263329992E-003
   87.500000000000000      -1.47678393865047892E-003
   87.750000000000000      -1.61942772106197369E-003
   88.000000000000000      -1.76232451458137405E-003
   88.250000000000000      -1.90409262465812993E-003
   88.500000000000000      -2.04327059757125140E-003
   88.750000000000000      -2.17722465007577724E-003
   89.000000000000000      -2.30108311389547659E-003
   89.250000000000000      -2.40742176086552713E-003
   89.500000000000000      -2.48694196250142437E-003
   89.750000000000000      -2.52978704467405127E-003
   90.000000000000000      -2.52685170120620995E-003
   90.250000000000000      -2.47058903117003100E-003
   90.500000000000000      -2.35522097630587023E-003
   90.750000000000000      -2.17659828278057637E-003
   91.000000000000000      -1.93203465898482917E-003
   91.250000000000000      -1.62027051775280964E-003
   91.500000000000000      -1.24147520198602894E-003
   91.750000000000000      -7.97060445857796797E-004
   92.000000000000000      -2.89139543013557836E-004
   92.250000000000000       2.80319743540569945E-004
   92.500000000000000       9.10366665080878084E-004
   92.750000000000000       1.60155888109831290E-003
   93.000000000000000       2.35571846010734515E-003
   93.250000000000000       3.17478793717394184E-003
   93.500000000000000       4.05887003573216897E-003
   93.750000000000000       5.00376854426623063E-003
   94.000000000000000       5.99855605998686047E-003
   94.250000000000000       7.02391328106352717E-003
   94.500000000000000       8.05222041699647610E-003
   94.750000000000000       9.05051442698982279E-003
   95.000000000000000       9.98719106394504140E-003
   95.250000000000000       1.08424613105918190E-002
   95.500000000000000       1.16210781534367511E-002
   95.750000000000000       1.23641957910232188E-002
   96.000000000000000       1.31560771391988907E-002
   96.250000000000000       1.41209375196538357E-002
   96.500000000000000       1.54048825340795358E-002
   96.750000000000000       1.71371722090851025E-002
   97.000000000000000       1.93661892661915469E-002
   97.250000000000000       2.19760021756350600E-002
   97.500000000000000       2.46180229229576511E-002
   97.750000000000000       2.67295366063962127E-002
   98.000000000000000       2.77059619152144748E-002
   98.250000000000000       2.71899867016971303E-002
   98.500000000000000       2.52981355608336497E-002
   98.750000000000000       2.26124471435850197E-002
   99.000000000000000       1.99714330187669188E-002
   99.250000000000000       1.82668244837874763E-002
   99.500000000000000       1.83989323615509279E-002
   99.750000000000000       2.13465298834176476E-002
   100.00000000000000       2.80881359814897022E-002
   100.25000000000000       3.88934286045190467E-002
   100.50000000000000       5.16962578988892710E-002
   100.75000000000000       6.10278739132689013E-002
   101.00000000000000       6.09993550328206402E-002
   101.25000000000000       5.11650082104494405E-002
   101.50000000000000       3.69989065884436877E-002
   101.75000000000000       2.42016813693665470E-002
   102.00000000000000       1.51630412445274212E-002
   102.25000000000000       9.83029940716770127E-003
   102.50000000000000       7.58509258245293472E-003
   102.75000000000000       8.39772214009600580E-003
   103.00000000000000       1.35215651900345915E-002
   103.25000000000000       2.60295699954066970E-002
   103.50000000000000       4.99245502132572572E-002
   103.75000000000000       8.35670433638334431E-002
   104.00000000000000       0.10887666564506872     
   104.25000000000000       0.10294522324558361     
   104.50000000000000       7.15553775512698942E-002
   104.75000000000000       3.97214226502494022E-002
   105.00000000000000       1.94063264720545532E-002
   105.25000000000000       8.97618791562814107E-003
   105.50000000000000       4.16127409324233005E-003
   105.75000000000000       2.14484406307184801E-003
   106.00000000000000       1.64024007715941086E-003
   106.25000000000000       2.46581509937703926E-003
   106.50000000000000       5.62946667143800900E-003
   106.75000000000000       1.42778242464827558E-002
   107.00000000000000       3.54846253630373351E-002
   107.25000000000000       7.89196563351068081E-002
   107.50000000000000       0.13755275443834072     
   107.75000000000000       0.16272818079326370     
   108.00000000000000       0.12395537019042881     
   108.25000000000000       6.60427026327600891E-002
   108.50000000000000       2.85441960705356892E-002
   108.75000000000000       1.12268323132505496E-002
   109.00000000000000       4.26118563167249970E-003
   109.25000000000000       1.60703425908129962E-003
   109.50000000000000       6.29356309525326780E-004
   109.75000000000000       3.17356101293993730E-004
   110.00000000000000       3.61926721408820367E-004
   110.25000000000000       8.70444197288670592E-004
   110.50000000000000       2.55704454400788655E-003
   110.75000000000000       7.68518163850480732E-003
   111.00000000000000       2.26355449012151343E-002
   111.25000000000000       6.20376404195575742E-002
   111.50000000000000       0.14026291470082727     
   111.75000000000000       0.21523098065324536     
   112.00000000000000       0.19420385219450514     
   112.25000000000000       0.10689931740628142     
   112.50000000000000       4.31111012275010794E-002
   112.75000000000000       1.51652141912407799E-002
   113.00000000000000       5.08113099122731518E-003
   113.25000000000000       1.67507898632344521E-003
   113.50000000000000       5.49329389705573135E-004
   113.75000000000000       1.79869502771485694E-004
   114.00000000000000       5.88855050225545537E-005
   114.25000000000000       1.92896789198352859E-005
   114.50000000000000       6.32844179331717967E-006
   114.75000000000000       2.08249318152323989E-006
   115.00000000000000       6.89286123485788395E-007
   115.25000000000000       2.30652253950285083E-007
   115.50000000000000       7.87268405122363881E-008
   115.75000000000000       2.78059643303463693E-008
   116.00000000000000       1.03707622794958530E-008
   116.25000000000000       4.17774939238084578E-009
   116.50000000000000       1.84658584950383044E-009
   116.75000000000000       8.95235785145172413E-010
   117.00000000000000       4.68228220524070076E-010
   117.25000000000000       2.58052747470758793E-010
   117.50000000000000       1.46707508135677873E-010
   117.75000000000000       8.47361252285505738E-011
   118.00000000000000       4.92487488243185796E-011
   118.25000000000000       2.86419392925150937E-011
   118.50000000000000       1.66161783565538770E-011
   118.75000000000000       9.59936051533292547E-012
   119.00000000000000       5.51752822269986315E-012
   119.25000000000000       3.15383306238241298E-012
   119.50000000000000       1.79238339539096278E-012
   119.75000000000000       1.01270993406927325E-012
   120.00000000000000       5.68848387266264752E-013
   120.25000000000000       3.17671122455265877E-013
   120.50000000000000       1.76380388566634681E-013
   120.75000000000000       9.73734581356378563E-014
   121.00000000000000       5.34536520629553356E-014
   121.25000000000000       2.91803448023323804E-014
   121.50000000000000       1.58419896482239003E-014
   121.75000000000000       8.55391970447491290E-015
   122.00000000000000       4.59394978333654683E-015
   122.25000000000000       2.45415474500983886E-015
   122.50000000000000       1.30418952190825343E-015
   122.75000000000000       6.89493836607971261E-016
   123.00000000000000       3.62658827516821595E-016
   123.25000000000000       1.89788974568293637E-016
   123.50000000000000       9.88267853001253436E-017
   123.75000000000000       5.12076515599932420E-017
   124.00000000000000       2.64044143803457637E-017
   124.25000000000000       1.35495279788174411E-017
   124.50000000000000       6.91992958210408209E-018
   124.75000000000000       3.51748699893236396E-018
   125.00000000000000       1.77967045223669202E-018
   125.25000000000000       8.96283528476416863E-019
   125.50000000000000       4.49336802718694587E-019
   125.75000000000000       2.24254354673171997E-019
   126.00000000000000       1.11422586291047777E-019
   126.25000000000000       5.51175312690981947E-020
   126.50000000000000       2.71463073578226108E-020
   126.75000000000000       1.33123940461080408E-020
   127.00000000000000       6.50048102543094367E-021
   127.25000000000000       3.16080651910183572E-021
   127.50000000000000       1.53049604855564685E-021
   127.75000000000000       7.38017805644934795E-022
   128.00000000000000       3.54421366733946746E-022
   128.25000000000000       1.69515396722437527E-022
   128.50000000000000       8.07517697168562337E-023
   128.75000000000000       3.83147258791227907E-023
   129.00000000000000       1.81078545348938366E-023
   129.25000000000000       8.52456838018860223E-024
   129.50000000000000       3.99758921924563107E-024
   129.75000000000000       1.86749845394495690E-024
   130.00000000000000       8.69109177007520109E-025
   130.25000000000000       4.02954334118526339E-025
   130.50000000000000       1.86131504905238671E-025
   130.75000000000000       8.56606576460408943E-026
   131.00000000000000       3.92785119813233345E-026
   131.25000000000000       1.79454834546389658E-026
   131.50000000000000       8.16950953016538695E-027
   131.75000000000000       3.70588066933150518E-027
   132.00000000000000       1.67515585979665591E-027
   132.25000000000000       7.54572289069655442E-028
   132.50000000000000       3.38720599256005768E-028
   132.75000000000000       1.51527189310410849E-028
   133.00000000000000       6.75554824833797017E-029
   133.25000000000000       3.00167992123820201E-029
   133.50000000000000       1.32927362331013344E-029
   133.75000000000000       5.86709216733630515E-030
   134.00000000000000       2.58108350272768674E-030
   134.25000000000000       1.13178450311440672E-030
   134.50000000000000       4.94674724929246629E-031
   134.75000000000000       2.15517014045580698E-031
   135.00000000000000       9.35967282157823936E-032
   135.25000000000000       4.05198918914864887E-032
   135.50000000000000       1.74870063589303106E-032
   135.75000000000000       7.52338271695680947E-033
   136.00000000000000       3.22680039659211982E-033
   136.25000000000000       1.37975799160457393E-033
   136.50000000000000       5.88187873702691184E-034
   136.75000000000000       2.49989555108674573E-034
   137.00000000000000       1.05932807699077003E-034
   137.25000000000000       4.47560716007658761E-035
   137.50000000000000       1.88536826193529664E-035
   137.75000000000000       7.91904741601288190E-036
   138.00000000000000       3.31659046055760304E-036
   138.25000000000000       1.38504029407118157E-036
   138.50000000000000       5.76758501696083902E-037
   138.75000000000000       2.39494692104927986E-037
   139.00000000000000       9.91692903623581393E-038
   139.25000000000000       4.09493449719423591E-038
   139.50000000000000       1.68621928828701733E-038
   139.75000000000000       6.92448169526752975E-039
   140.00000000000000       2.83579797885478618E-039
   140.25000000000000       1.15820828557691812E-039
   140.50000000000000       4.71769503749251233E-040
   140.75000000000000       1.91651943305703580E-040
   141.00000000000000       7.76506337176629586E-041
   141.25000000000000       3.13785838529734916E-041
   141.50000000000000       1.26469638471522753E-041
   141.75000000000000       5.08407283064941353E-042
   142.00000000000000       2.03853253962434029E-042
   142.25000000000000       8.15289195605713940E-043
   142.50000000000000       3.25238194999332944E-043
   142.75000000000000       1.29418030020452192E-043
   143.00000000000000       5.13687379949108308E-044
   143.25000000000000       2.03386100661798171E-044
   143.50000000000000       8.03284177938562645E-045
   143.75000000000000       3.16482679195362658E-045
   144.00000000000000       1.24385744230558276E-045
   144.25000000000000       4.87683718161515448E-046
   144.50000000000000       1.90747943340907563E-046
   144.75000000000000       7.44290246147635820E-047
   145.00000000000000       2.89729331915559896E-047
   145.25000000000000       1.12516707984503937E-047
   145.50000000000000       4.35935914223620136E-048
   145.75000000000000       1.68506226615188512E-048
   146.00000000000000       6.49835521748693738E-049
   146.25000000000000       2.50029687200502586E-049
   146.50000000000000       9.59813203407506014E-050
   146.75000000000000       3.67616656357458670E-050
   147.00000000000000       1.40482813889445489E-050
   147.25000000000000       5.35644859427514185E-051
   147.50000000000000       2.03780449282788908E-051
   147.75000000000000       7.73545659826843056E-052
   148.00000000000000       2.92990267299697845E-052
   148.25000000000000       1.10731167298916878E-052
   148.50000000000000       4.17580208833681140E-053
   148.75000000000000       1.57128507964767474E-053
   149.00000000000000       5.89819385967313229E-054
   149.25000000000000       2.20495989736654320E-054
   149.50000000000000       8.10797263116118589E-055
   149.75000000000000       2.65752262850043661E-055
   150.00000000000000        0.0000000000000000     
