   0.0000000000000000        0.0000000000000000     
  0.25000000000000000       1.14883555560908914E-006
  0.50000000000000000       2.58708318500864107E-006
  0.75000000000000000       3.80862336343640195E-006
   1.0000000000000000       4.59734121954160613E-006
   1.2500000000000000       6.61534174750180596E-006
   1.5000000000000000       7.54649540807870370E-006
   1.7500000000000000       8.36717788248853741E-006
   2.0000000000000000       1.06310741034711370E-005
   2.2500000000000000       1.22627439927585229E-005
   2.5000000000000000       1.28941191960199151E-005
   2.7500000000000000       1.46221593391343415E-005
   3.0000000000000000       1.71637700075937396E-005
   3.2500000000000000       1.85233905774318525E-005
   3.5000000000000000       1.90157367070765550E-005
   3.7500000000000000       2.04283022782518218E-005
   4.0000000000000000       2.25665987884182296E-005
   4.2500000000000000       2.36663883487781672E-005
   4.5000000000000000       2.34667588467237926E-005
   4.7500000000000000       2.35573450856573676E-005
   5.0000000000000000       2.47826791806370689E-005
   5.2500000000000000       2.60359039165492401E-005
   5.5000000000000000       2.60689979589820383E-005
   5.7500000000000000       2.53606842697352014E-005
   6.0000000000000000       2.54110454250920405E-005
   6.2500000000000000       2.66890922874938681E-005
   6.5000000000000000       2.80804613932592572E-005
   6.7500000000000000       2.83813939447387905E-005
   7.0000000000000000       2.77487153006594219E-005
   7.2500000000000000       2.73276902145955349E-005
   7.5000000000000000       2.77038401119036267E-005
   7.7500000000000000       2.81105227033589661E-005
   8.0000000000000000       2.72523626090490046E-005
   8.2500000000000000       2.46984133931488681E-005
   8.5000000000000000       2.13136776389875296E-005
   8.7500000000000000       1.83514889452046851E-005
   9.0000000000000000       1.62561043888219425E-005
   9.2500000000000000       1.44078158475902667E-005
   9.5000000000000000       1.19981201709796796E-005
   9.7500000000000000       9.09193391664881700E-006
   10.000000000000000       6.67793001244397578E-006
   10.250000000000000       5.70609626560489565E-006
   10.500000000000000       6.20558710807110562E-006
   10.750000000000000       7.27185501136378473E-006
   11.000000000000000       7.65970160465547222E-006
   11.250000000000000       6.71464367825420167E-006
   11.500000000000000       4.81856398985578750E-006
   11.750000000000000       2.93670633138567398E-006
   12.000000000000000       1.59721904787074891E-006
   12.250000000000000       6.87533045396415758E-007
   12.500000000000000      -3.23180334491836199E-007
   12.750000000000000      -1.89511837442425405E-006
   13.000000000000000      -3.68337590563147695E-006
   13.250000000000000      -4.76387829688472282E-006
   13.500000000000000      -4.27447852750160364E-006
   13.750000000000000      -1.99313386475771464E-006
   14.000000000000000       1.67545047218354887E-006
   14.250000000000000       5.67636012313505248E-006
   14.500000000000000       9.34030356433207331E-006
   14.750000000000000       1.26702301966526864E-005
   15.000000000000000       1.63003652661605253E-005
   15.250000000000000       2.08461208638308760E-005
   15.500000000000000       2.65887869544500203E-005
   15.750000000000000       3.31647678209956231E-005
   16.000000000000000       3.97291053771294927E-005
   16.250000000000000       4.55193934082099352E-005
   16.500000000000000       5.03290752811758163E-005
   16.750000000000000       5.46063070129968381E-005
   17.000000000000000       5.91423632460517381E-005
   17.250000000000000       6.45850493987097787E-005
   17.500000000000000       7.11012478729038794E-005
   17.750000000000000       7.83659047488880856E-005
   18.000000000000000       8.58484701594454830E-005
   18.250000000000000       9.32092653995600980E-005
   18.500000000000000       1.00554035821186498E-004
   18.750000000000000       1.08371005294531059E-004
   19.000000000000000       1.17191369157219004E-004
   19.250000000000000       1.27192648107504524E-004
   19.500000000000000       1.37999698608929689E-004
   19.750000000000000       1.48795882209555206E-004
   20.000000000000000       1.58672398781094627E-004
   20.250000000000000       1.67026663215466401E-004
   20.500000000000000       1.73810049413529330E-004
   20.750000000000000       1.79507364216283056E-004
   21.000000000000000       1.84863255502681846E-004
   21.250000000000000       1.90495969247823791E-004
   21.500000000000000       1.96594900872249352E-004
   21.750000000000000       2.02855840715352446E-004
   22.000000000000000       2.08690714150985889E-004
   22.250000000000000       2.13607156926128819E-004
   22.500000000000000       2.17541029095639062E-004
   22.750000000000000       2.20932283081988804E-004
   23.000000000000000       2.24527677132543044E-004
   23.250000000000000       2.29067373352135158E-004
   23.500000000000000       2.34936574176505104E-004
   23.750000000000000       2.41940708092523260E-004
   24.000000000000000       2.49405989822695502E-004
   24.250000000000000       2.56392724801452994E-004
   24.500000000000000       2.62191333865192163E-004
   24.750000000000000       2.66488991911800039E-004
   25.000000000000000       2.69431926818221605E-004
   25.250000000000000       2.71471392291542692E-004
   25.500000000000000       2.73138181556273514E-004
   25.750000000000000       2.74762394214552938E-004
   26.000000000000000       2.76113917055395683E-004
   26.250000000000000       2.76765533390810412E-004
   26.500000000000000       2.76263939358806026E-004
   26.750000000000000       2.74213197648855492E-004
   27.000000000000000       2.70718424391781570E-004
   27.250000000000000       2.66230446104402608E-004
   27.500000000000000       2.61508958791989356E-004
   27.750000000000000       2.57263482578655672E-004
   28.000000000000000       2.53989491433027448E-004
   28.250000000000000       2.51830537358031803E-004
   28.500000000000000       2.50459520170090671E-004
   28.750000000000000       2.49355460140412847E-004
   29.000000000000000       2.47898461542056395E-004
   29.250000000000000       2.45572102586402588E-004
   29.500000000000000       2.42238345941035699E-004
   29.750000000000000       2.38140775496946356E-004
   30.000000000000000       2.33587871660078235E-004
   30.250000000000000       2.28886412934084852E-004
   30.500000000000000       2.24129908735623719E-004
   30.750000000000000       2.18985473069839505E-004
   31.000000000000000       2.12881958013038281E-004
   31.250000000000000       2.05402205254159707E-004
   31.500000000000000       1.96441312782456075E-004
   31.750000000000000       1.86182703474374606E-004
   32.000000000000000       1.74997917181691061E-004
   32.250000000000000       1.63327341319949250E-004
   32.500000000000000       1.51628244780822869E-004
   32.750000000000000       1.40401780583386841E-004
   33.000000000000000       1.30210169469649890E-004
   33.250000000000000       1.21533006395008902E-004
   33.500000000000000       1.14507412575428824E-004
   33.750000000000000       1.08797496039130854E-004
   34.000000000000000       1.03802397707343573E-004
   34.250000000000000       9.90497409878560820E-005
   34.500000000000000       9.44316611572515642E-005
   34.750000000000000       9.01121010662004869E-005
   35.000000000000000       8.62825054645119870E-005
   35.250000000000000       8.30438061520822203E-005
   35.500000000000000       8.04317848313450712E-005
   35.750000000000000       7.83784679621720245E-005
   36.000000000000000       7.65733383315224256E-005
   36.250000000000000       7.44813281546373820E-005
   36.500000000000000       7.16322350971354386E-005
   36.750000000000000       6.78282144191634566E-005
   37.000000000000000       6.29580495905311200E-005
   37.250000000000000       5.68201324769194166E-005
   37.500000000000000       4.94947120496894516E-005
   37.750000000000000       4.17404705368478853E-005
   38.000000000000000       3.44716011521732567E-005
   38.250000000000000       2.79850774072421835E-005
   38.500000000000000       2.23422142952467399E-005
   38.750000000000000       1.79099065173398051E-005
   39.000000000000000       1.46856868602256793E-005
   39.250000000000000       1.24691064898583340E-005
   39.500000000000000       1.11454811712292620E-005
   39.750000000000000       9.75997034853807869E-006
   40.000000000000000       9.34966072013398479E-006
   40.250000000000000       9.47252923569880367E-006
   40.500000000000000       1.02034979137852980E-005
   40.750000000000000       1.22941686007565364E-005
   41.000000000000000       1.50963165053820252E-005
   41.250000000000000       1.91328972658549103E-005
   41.500000000000000       2.38900377177177904E-005
   41.750000000000000       2.91027186955432943E-005
   42.000000000000000       3.40548815433041504E-005
   42.250000000000000       3.81409986955222403E-005
   42.500000000000000       4.04021774672754235E-005
   42.750000000000000       4.09987577685385872E-005
   43.000000000000000       3.90666643831083515E-005
   43.250000000000000       3.50778752556060662E-005
   43.500000000000000       2.91456878455984349E-005
   43.750000000000000       2.17096319670191159E-005
   44.000000000000000       1.32054416731310958E-005
   44.250000000000000       4.32159177445352290E-006
   44.500000000000000      -4.09289497838330064E-006
   44.750000000000000      -1.19011400997275871E-005
   45.000000000000000      -1.88817116175628814E-005
   45.250000000000000      -2.44037261841912439E-005
   45.500000000000000      -2.81644374759851694E-005
   45.750000000000000      -3.00846995391695398E-005
   46.000000000000000      -2.96426977089173660E-005
   46.250000000000000      -2.59515101592246413E-005
   46.500000000000000      -1.82135775228435804E-005
   46.750000000000000      -6.13651038599647699E-006
   47.000000000000000       1.01806048383943561E-005
   47.250000000000000       2.99065107643654112E-005
   47.500000000000000       5.14891534603511850E-005
   47.750000000000000       7.25665349817448811E-005
   48.000000000000000       8.99818491388310857E-005
   48.250000000000000       1.00258413831467075E-004
   48.500000000000000       1.00387342152023835E-004
   48.750000000000000       8.85979920476976578E-005
   49.000000000000000       6.48328569006165363E-005
   49.250000000000000       3.09858754150392282E-005
   49.500000000000000      -9.11752474856642358E-006
   49.750000000000000      -4.95993355202951111E-005
   50.000000000000000      -8.30313637144117905E-005
   50.250000000000000      -9.14525450077008936E-005
   50.500000000000000      -8.04482123842092180E-005
   50.750000000000000      -5.27852970475659646E-005
   51.000000000000000      -1.21956733922257182E-005
   51.250000000000000       3.63618834799266335E-005
   51.500000000000000       8.43743670059126418E-005
   51.750000000000000       1.21337224597174254E-004
   52.000000000000000       1.36435785892276431E-004
   52.250000000000000       1.20543481694416235E-004
   52.500000000000000       6.85213616483389105E-005
   52.750000000000000      -1.79057493383673493E-005
   53.000000000000000      -1.28347253119329651E-004
   53.250000000000000      -2.48265804249564145E-004
   53.500000000000000      -3.62106368419279031E-004
   53.750000000000000      -4.57625292348975347E-004
   54.000000000000000      -5.25977898597535746E-004
   54.250000000000000      -5.63797351905998478E-004
   54.500000000000000      -5.73096141616586123E-004
   54.750000000000000      -5.58050168913934528E-004
   55.000000000000000      -5.24677511210416749E-004
   55.250000000000000      -4.78947869406879409E-004
   55.500000000000000      -4.29367467478657290E-004
   55.750000000000000      -3.88103257203803280E-004
   56.000000000000000      -3.69715615436309560E-004
   56.250000000000000      -3.88897743594907518E-004
   56.500000000000000      -4.57183299651830425E-004
   56.750000000000000      -5.81035870331943270E-004
   57.000000000000000      -7.58760117505061704E-004
   57.250000000000000      -9.81217788575357731E-004
   57.500000000000000      -1.23353987894666661E-003
   57.750000000000000      -1.49734805978675879E-003
   58.000000000000000      -1.75397072518933684E-003
   58.250000000000000      -1.98239792253971378E-003
   58.500000000000000      -2.15943150275954565E-003
   58.750000000000000      -2.26372582410847966E-003
   59.000000000000000      -2.27789592265336587E-003
   59.250000000000000      -2.18787728598432690E-003
   59.500000000000000      -1.98206296088892717E-003
   59.750000000000000      -1.65627015370544231E-003
   60.000000000000000      -1.21478376890302294E-003
   60.250000000000000      -6.63140385455442951E-004
   60.500000000000000      -9.13836845671078639E-006
   60.750000000000000       7.33262365567123814E-004
   61.000000000000000       1.54976588805297126E-003
   61.250000000000000       2.42937654221255309E-003
   61.500000000000000       3.36001629208411553E-003
   61.750000000000000       4.32818168729863680E-003
   62.000000000000000       5.32468566342989350E-003
   62.250000000000000       6.34269334051756808E-003
   62.500000000000000       7.37126714083344552E-003
   62.750000000000000       8.40103834080928313E-003
   63.000000000000000       9.42733598089573292E-003
   63.250000000000000       1.04408922664665487E-002
   63.500000000000000       1.14316125651183972E-002
   63.750000000000000       1.23966693004166090E-002
   64.000000000000000       1.33311625665696355E-002
   64.250000000000000       1.42279749436620556E-002
   64.500000000000000       1.50878398397926682E-002
   64.750000000000000       1.59114848537434649E-002
   65.000000000000000       1.66954121385485335E-002
   65.250000000000000       1.74413546721670851E-002
   65.500000000000000       1.81505556414918376E-002
   65.750000000000000       1.88167701476572510E-002
   66.000000000000000       1.94353626235368518E-002
   66.250000000000000       2.00034709388062955E-002
   66.500000000000000       2.05143761324200861E-002
   66.750000000000000       2.09641398321098599E-002
   67.000000000000000       2.13526949716948168E-002
   67.250000000000000       2.16770608801903318E-002
   67.500000000000000       2.19346352157233498E-002
   67.750000000000000       2.21264399000876168E-002
   68.000000000000000       2.22526611076076172E-002
   68.250000000000000       2.23132258393918328E-002
   68.500000000000000       2.23108881153687572E-002
   68.750000000000000       2.22503679508213245E-002
   69.000000000000000       2.21400005760336756E-002
   69.250000000000000       2.19939786123182629E-002
   69.500000000000000       2.18298869610312057E-002
   69.750000000000000       2.16654245431733075E-002
   70.000000000000000       2.15147125103971742E-002
   70.250000000000000       2.13843240514753272E-002
   70.500000000000000       2.12740686544289521E-002
   70.750000000000000       2.11796902715365512E-002
   71.000000000000000       2.10944105196507192E-002
   71.250000000000000       2.10140132131872263E-002
   71.500000000000000       2.09401311503411847E-002
   71.750000000000000       2.08736163000595512E-002
   72.000000000000000       2.08082418564426337E-002
   72.250000000000000       2.07319258048702104E-002
   72.500000000000000       2.06259893592523405E-002
   72.750000000000000       2.04644571561501641E-002
   73.000000000000000       2.02227933126778413E-002
   73.250000000000000       1.98840196285576878E-002
   73.500000000000000       1.94321492930634027E-002
   73.750000000000000       1.88491668679728851E-002
   74.000000000000000       1.81224626171620426E-002
   74.250000000000000       1.72471191974564279E-002
   74.500000000000000       1.62239677939941922E-002
   74.750000000000000       1.50675340534039970E-002
   75.000000000000000       1.38134301338730652E-002
   75.250000000000000       1.25090505674755586E-002
   75.500000000000000       1.12003103215351785E-002
   75.750000000000000       9.92913848884397973E-003
   76.000000000000000       8.73107506889390927E-003
   76.250000000000000       7.62632138642183738E-003
   76.500000000000000       6.61887229257854953E-003
   76.750000000000000       5.70791348436414971E-003
   77.000000000000000       4.89424040033142362E-003
   77.250000000000000       4.17556106924583080E-003
   77.500000000000000       3.54491595590223762E-003
   77.750000000000000       2.99702066744166615E-003
   78.000000000000000       2.52984816762093310E-003
   78.250000000000000       2.13776160802317582E-003
   78.500000000000000       1.80875486359026536E-003
   78.750000000000000       1.53061874312286324E-003
   79.000000000000000       1.29510620471129357E-003
   79.250000000000000       1.09447541321278335E-003
   79.500000000000000       9.19308421783335771E-004
   79.750000000000000       7.63201490677299166E-004
   80.000000000000000       6.26372176424513385E-004
   80.250000000000000       5.11522977102842145E-004
   80.500000000000000       4.18214300990586111E-004
   80.750000000000000       3.43547754642240281E-004
   81.000000000000000       2.85824345053385014E-004
   81.250000000000000       2.43938265566196469E-004
   81.500000000000000       2.13896195626792177E-004
   81.750000000000000       1.89031773266480944E-004
   82.000000000000000       1.64149711112249343E-004
   82.250000000000000       1.37769655901855386E-004
   82.500000000000000       1.10438901457189306E-004
   82.750000000000000       8.30803992919130075E-005
   83.000000000000000       5.77056760615282156E-005
   83.250000000000000       3.77316114758849766E-005
   83.500000000000000       2.57837426836109065E-005
   83.750000000000000       2.15941667773494519E-005
   84.000000000000000       2.29121087329822197E-005
   84.250000000000000       2.77222022186947344E-005
   84.500000000000000       3.43085362063014578E-005
   84.750000000000000       3.96476753355437484E-005
   85.000000000000000       3.97258945174716878E-005
   85.250000000000000       3.25513073916049956E-005
   85.500000000000000       2.02143177942118105E-005
   85.750000000000000       7.14816365243978743E-006
   86.000000000000000      -3.34826371027047589E-006
   86.250000000000000      -1.02857747975562192E-005
   86.500000000000000      -1.32851936047637370E-005
   86.750000000000000      -1.11637873798674606E-005
   87.000000000000000      -2.98792867458151337E-006
   87.250000000000000       9.98898423745049266E-006
   87.500000000000000       2.42511391483571759E-005
   87.750000000000000       3.59484336987923015E-005
   88.000000000000000       4.25655662888506744E-005
   88.250000000000000       4.29621758992098092E-005
   88.500000000000000       3.68287655455651729E-005
   88.750000000000000       2.49908678087293801E-005
   89.000000000000000       1.01013052445609274E-005
   89.250000000000000      -3.88859309576260363E-006
   89.500000000000000      -1.36943079538437082E-005
   89.750000000000000      -1.82682663611889463E-005
   90.000000000000000      -1.83119760139503526E-005
   90.250000000000000      -1.44057631014250980E-005
   90.500000000000000      -6.05528129254013912E-006
   90.750000000000000       7.15993099048949422E-006
   91.000000000000000       2.36827623283577183E-005
   91.250000000000000       3.96430233417716509E-005
   91.500000000000000       5.07548818152276586E-005
   91.750000000000000       5.47546087326358430E-005
   92.000000000000000       5.22088320435282251E-005
   92.250000000000000       4.52766144397424039E-005
   92.500000000000000       3.59539699968054521E-005
   92.750000000000000       2.54700211131819612E-005
   93.000000000000000       1.49735869702358919E-005
   93.250000000000000       6.27489821326684929E-006
   93.500000000000000       1.57115015436601788E-006
   93.750000000000000       2.37028690007527191E-006
   94.000000000000000       8.72541629434186203E-006
   94.250000000000000       1.95140337402627164E-005
   94.500000000000000       3.33891825722408355E-005
   94.750000000000000       4.94137990552349389E-005
   95.000000000000000       6.68329904197571530E-005
   95.250000000000000       8.43768072640991071E-005
   95.500000000000000       9.99291426376039020E-005
   95.750000000000000       1.10963360591831827E-004
   96.000000000000000       1.15353990761920928E-004
   96.250000000000000       1.11836013875690450E-004
   96.500000000000000       9.97813984775720641E-005
   96.750000000000000       7.86410193962649572E-005
   97.000000000000000       4.76799198150831585E-005
   97.250000000000000       6.27913090028093416E-006
   97.500000000000000      -4.55269519979658894E-005
   97.750000000000000      -1.06871717654903644E-004
   98.000000000000000      -1.76516092533494744E-004
   98.250000000000000      -2.53639800368651619E-004
   98.500000000000000      -3.38329459585842154E-004
   98.750000000000000      -4.31342861585197208E-004
   99.000000000000000      -5.33296421123761783E-004
   99.250000000000000      -6.43877834255458066E-004
   99.500000000000000      -7.61678355789212878E-004
   99.750000000000000      -8.84795037173022650E-004
   100.00000000000000      -1.01181806524622731E-003
   100.25000000000000      -1.14256818918101097E-003
   100.50000000000000      -1.27812079463533626E-003
   100.75000000000000      -1.42008594244826349E-003
   101.00000000000000      -1.56950647157794209E-003
   101.25000000000000      -1.72586708011677049E-003
   101.50000000000000      -1.88655699099626244E-003
   101.75000000000000      -2.04684967049321466E-003
   102.00000000000000      -2.20024589448618562E-003
   102.25000000000000      -2.33897297595482166E-003
   102.50000000000000      -2.45451496151610857E-003
   102.75000000000000      -2.53816062394595157E-003
   103.00000000000000      -2.58160454271065976E-003
   103.25000000000000      -2.57759782017568176E-003
   103.50000000000000      -2.52056315199422881E-003
   103.75000000000000      -2.40703162047462048E-003
   104.00000000000000      -2.23576942351749785E-003
   104.25000000000000      -2.00754022507108410E-003
   104.50000000000000      -1.72455485815118065E-003
   104.75000000000000      -1.38974562468553676E-003
   105.00000000000000      -1.00603251978372281E-003
   105.25000000000000      -5.75717102032471235E-004
   105.50000000000000      -1.00069307611889161E-004
   105.75000000000000       4.20896260948549637E-004
   106.00000000000000       9.88485535694695735E-004
   106.25000000000000       1.60522848134186198E-003
   106.50000000000000       2.27453224861787640E-003
   106.75000000000000       2.99990059015219253E-003
   107.00000000000000       3.78349658210701961E-003
   107.25000000000000       4.62391220531944112E-003
   107.50000000000000       5.51327626588407269E-003
   107.75000000000000       6.43428912998472106E-003
   108.00000000000000       7.35833131416885940E-003
   108.25000000000000       8.24622187356778211E-003
   108.50000000000000       9.05313728754112215E-003
   108.75000000000000       9.73830773181340315E-003
   109.00000000000000       1.02784126369185724E-002
   109.25000000000000       1.06817641399636534E-002
   109.50000000000000       1.09994817023410310E-002
   109.75000000000000       1.13305701305422332E-002
   110.00000000000000       1.18193952604403671E-002
   110.25000000000000       1.26444346150759290E-002
   110.50000000000000       1.39943129795639561E-002
   110.75000000000000       1.60213568050141357E-002
   111.00000000000000       1.87602297195425018E-002
   111.25000000000000       2.20143625415606982E-002
   111.50000000000000       2.52622719481116094E-002
   111.75000000000000       2.77008232970753117E-002
   112.00000000000000       2.85247353001732186E-002
   112.25000000000000       2.73464156003331051E-002
   112.50000000000000       2.44398465593159142E-002
   112.75000000000000       2.05877973200067760E-002
   113.00000000000000       1.66877012050790988E-002
   113.25000000000000       1.34548292709727648E-002
   113.50000000000000       1.13855037429547879E-002
   113.75000000000000       1.09177099217481546E-002
   114.00000000000000       1.26622672257060524E-002
   114.25000000000000       1.75727388978552911E-002
   114.50000000000000       2.67763089426231830E-002
   114.75000000000000       4.04680287880864256E-002
   115.00000000000000       5.56009228115067686E-002
   115.25000000000000       6.49387887605556852E-002
   115.50000000000000       6.21717299776821525E-002
   115.75000000000000       4.90113314704982150E-002
   116.00000000000000       3.30701031544883770E-002
   116.25000000000000       2.01233570791168083E-002
   116.50000000000000       1.15897266012253801E-002
   116.75000000000000       6.59199459861876166E-003
   117.00000000000000       3.91581841301042767E-003
   117.25000000000000       2.73776161078892509E-003
   117.50000000000000       2.76097082962367549E-003
   117.75000000000000       4.30229443761560599E-003
   118.00000000000000       8.59350303992630071E-003
   118.25000000000000       1.83506034693468427E-002
   118.50000000000000       3.78834996482766972E-002
   118.75000000000000       6.94297406733120348E-002
   119.00000000000000       0.10210183329253347     
   119.25000000000000       0.11029068350499482     
   119.50000000000000       8.57315372578180829E-002
   119.75000000000000       5.10140096070187538E-002
   120.00000000000000       2.56515294345037032E-002
   120.25000000000000       1.18278412049020280E-002
   120.50000000000000       5.25126949823677761E-003
   120.75000000000000       2.30754117447052069E-003
   121.00000000000000       1.03162405401404202E-003
   121.25000000000000       5.09924697490252762E-004
   121.50000000000000       3.70352382257294239E-004
   121.75000000000000       5.44913626473306234E-004
   122.00000000000000       1.25688488400695617E-003
   122.25000000000000       3.27334983703968805E-003
   122.50000000000000       8.64906758835132933E-003
   122.75000000000000       2.23089355329320858E-002
   123.00000000000000       5.34518399840697919E-002
   123.25000000000000       0.10775410846017086     
   123.50000000000000       0.15780744010650360     
   123.75000000000000       0.15023477074907171     
   124.00000000000000       9.44306666804188427E-002
   124.25000000000000       4.45733381685933655E-002
   124.50000000000000       1.81815103841258541E-002
   124.75000000000000       6.97665955650058310E-003
   125.00000000000000       2.61516526865665164E-003
   125.25000000000000       9.72142107551047336E-004
   125.50000000000000       3.61109976144564405E-004
   125.75000000000000       1.36390172947139506E-004
   126.00000000000000       5.85917663513113370E-005
   126.25000000000000       4.62718745974716999E-005
   126.50000000000000       9.20973155265316019E-005
   126.75000000000000       2.63078065759999528E-004
   127.00000000000000       7.96531441811034217E-004
   127.25000000000000       2.42387486784653066E-003
   127.50000000000000       7.32605256874895895E-003
   127.75000000000000       2.16317187703154584E-002
   128.00000000000000       5.95859432093941294E-002
   128.25000000000000       0.13634063183692302     
   128.50000000000000       0.21353813008672765     
   128.75000000000000       0.19722413688819271     
   129.00000000000000       0.11052133818149157     
   129.25000000000000       4.49804312679764895E-002
   129.50000000000000       1.58773313990840728E-002
   129.75000000000000       5.32571032154723241E-003
   130.00000000000000       1.75621702259115488E-003
   130.25000000000000       5.75898086798373103E-004
   130.50000000000000       1.88502159371163326E-004
   130.75000000000000       6.16633250299278540E-005
   131.00000000000000       2.01675731996022833E-005
   131.25000000000000       6.59561149567159791E-006
   131.50000000000000       2.15701032754382537E-006
   131.75000000000000       7.05432306162718032E-007
   132.00000000000000       2.30713956723616683E-007
   132.25000000000000       7.54608826099343156E-008
   132.50000000000000       2.46844656413861166E-008
   132.75000000000000       8.07648844275251150E-009
   133.00000000000000       2.64359481618330835E-009
   133.25000000000000       8.65915255198024041E-010
   133.50000000000000       2.83987712924354473E-010
   133.75000000000000       9.33415467598059228E-011
   134.00000000000000       3.07962791912810741E-011
   134.25000000000000       1.02267496338742101E-011
   134.50000000000000       3.43319503488554493E-012
   134.75000000000000       1.17315171586221382E-012
   135.00000000000000       4.12125542767313859E-013
   135.25000000000000       1.50779666692949719E-013
   135.50000000000000       5.82591023179463678E-014
   135.75000000000000       2.40331105317489895E-014
   136.00000000000000       1.06178872261482478E-014
   136.25000000000000       4.99263099939470294E-015
   136.50000000000000       2.46665658161011910E-015
   136.75000000000000       1.26195448834086883E-015
   137.00000000000000       6.60108767291404880E-016
   137.25000000000000       3.49707150571295471E-016
   137.50000000000000       1.86429056262417264E-016
   137.75000000000000       9.95978948247248967E-017
   138.00000000000000       5.31869598255512563E-017
   138.25000000000000       2.83470448257831966E-017
   138.50000000000000       1.50646470549479393E-017
   138.75000000000000       7.97857209080103162E-018
   139.00000000000000       4.20991046515951642E-018
   139.25000000000000       2.21273045079678736E-018
   139.50000000000000       1.15838961426157295E-018
   139.75000000000000       6.03997865680881348E-019
   140.00000000000000       3.13666257000880027E-019
   140.25000000000000       1.62239502068766218E-019
   140.50000000000000       8.35816895230462169E-020
   140.75000000000000       4.28887545535037936E-020
   141.00000000000000       2.19213357161190422E-020
   141.25000000000000       1.11608238739059691E-020
   141.50000000000000       5.66038464456542705E-021
   141.75000000000000       2.85976942829321059E-021
   142.00000000000000       1.43935000764892413E-021
   142.25000000000000       7.21717054802307506E-022
   142.50000000000000       3.60534945414431864E-022
   142.75000000000000       1.79441176297096626E-022
   143.00000000000000       8.89826817946247904E-023
   143.25000000000000       4.39654577768909332E-023
   143.50000000000000       2.16448361633972353E-023
   143.75000000000000       1.06181107954155119E-023
   144.00000000000000       5.19043654858188299E-024
   144.25000000000000       2.52835137282017604E-024
   144.50000000000000       1.22732872336916335E-024
   144.75000000000000       5.93727420725729971E-025
   145.00000000000000       2.86238909258379427E-025
   145.25000000000000       1.37530176487911123E-025
   145.50000000000000       6.58578167723188343E-026
   145.75000000000000       3.14317597009926651E-026
   146.00000000000000       1.49518164087618567E-026
   146.25000000000000       7.08916016772085732E-027
   146.50000000000000       3.35029229290435272E-027
   146.75000000000000       1.57822536171664882E-027
   147.00000000000000       7.41079694562765793E-028
   147.25000000000000       3.46881695770516312E-028
   147.50000000000000       1.61856164219862783E-028
   147.75000000000000       7.52868361776826738E-029
   148.00000000000000       3.49108691654984403E-029
   148.25000000000000       1.61384274165165591E-029
   148.50000000000000       7.43729478771783241E-030
   148.75000000000000       3.41628492895202657E-030
   149.00000000000000       1.56281039764392385E-030
   149.25000000000000       7.08925408037867651E-031
   149.50000000000000       3.12009380394513204E-031
   149.75000000000000       1.17626918658768898E-031
   150.00000000000000        0.0000000000000000     
