   0.0000000000000000        0.0000000000000000     
  0.25000000000000000       5.83010491212729838E-005
  0.50000000000000000       1.16104572584492107E-004
  0.75000000000000000       1.74381806627731443E-004
   1.0000000000000000       2.32113451877534785E-004
   1.2500000000000000       2.89027817113695902E-004
   1.5000000000000000       3.46780047287917760E-004
   1.7500000000000000       4.03157135867925813E-004
   2.0000000000000000       4.58466810763970593E-004
   2.2500000000000000       5.14477853010997829E-004
   2.5000000000000000       5.69518169755882397E-004
   2.7500000000000000       6.22627894716232689E-004
   3.0000000000000000       6.75692669192153711E-004
   3.2500000000000000       7.28997795474940475E-004
   3.5000000000000000       7.80596397936118023E-004
   3.7500000000000000       8.30272961473726111E-004
   4.0000000000000000       8.79741691885580260E-004
   4.2500000000000000       9.29209191055925272E-004
   4.5000000000000000       9.77009217984422217E-004
   4.7500000000000000       1.02258315269307528E-003
   5.0000000000000000       1.06737008227553577E-003
   5.2500000000000000       1.11239153679367972E-003
   5.5000000000000000       1.15673249074123427E-003
   5.7500000000000000       1.19914524127737198E-003
   6.0000000000000000       1.24001339863870309E-003
   6.2500000000000000       1.28074423417489074E-003
   6.5000000000000000       1.32168844374645159E-003
   6.7500000000000000       1.36160632156403019E-003
   7.0000000000000000       1.39926747585928345E-003
   7.2500000000000000       1.43492325624500661E-003
   7.5000000000000000       1.46980311977102100E-003
   7.7500000000000000       1.50447771981161737E-003
   8.0000000000000000       1.53822967137825671E-003
   8.2500000000000000       1.57012936499358003E-003
   8.5000000000000000       1.60036866869726706E-003
   8.7500000000000000       1.63023049343459753E-003
   9.0000000000000000       1.66077148449977419E-003
   9.2500000000000000       1.69177318620065075E-003
   9.5000000000000000       1.72209199083370830E-003
   9.7500000000000000       1.75082352181961495E-003
   10.000000000000000       1.77803038700665816E-003
   10.250000000000000       1.80449201498581553E-003
   10.500000000000000       1.83077701560670583E-003
   10.750000000000000       1.85647659913487726E-003
   11.000000000000000       1.88063721282687711E-003
   11.250000000000000       1.90283565887514180E-003
   11.500000000000000       1.92368528334672462E-003
   11.750000000000000       1.94431604835073333E-003
   12.000000000000000       1.96564255312253614E-003
   12.250000000000000       1.98762216546966150E-003
   12.500000000000000       2.00935246964215617E-003
   12.750000000000000       2.03006302251148261E-003
   13.000000000000000       2.04961138661619241E-003
   13.250000000000000       2.06857347364169724E-003
   13.500000000000000       2.08765589931620039E-003
   13.750000000000000       2.10695700231298489E-003
   14.000000000000000       2.12581926305855729E-003
   14.250000000000000       2.14347959242497822E-003
   14.500000000000000       2.15944135732186199E-003
   14.750000000000000       2.17400292147447915E-003
   15.000000000000000       2.18803288090528699E-003
   15.250000000000000       2.20231118717829520E-003
   15.500000000000000       2.21687132283672136E-003
   15.750000000000000       2.23117071435599860E-003
   16.000000000000000       2.24450828596219499E-003
   16.250000000000000       2.25651431487251765E-003
   16.500000000000000       2.26745332111947780E-003
   16.750000000000000       2.27805310565393172E-003
   17.000000000000000       2.28898291610169077E-003
   17.250000000000000       2.30035674024063868E-003
   17.500000000000000       2.31161235409569395E-003
   17.750000000000000       2.32184453822370952E-003
   18.000000000000000       2.33033343669950769E-003
   18.250000000000000       2.33690548973177273E-003
   18.500000000000000       2.34192840290125626E-003
   18.750000000000000       2.34599221122314128E-003
   19.000000000000000       2.34950224015822778E-003
   19.250000000000000       2.35244680555816033E-003
   19.500000000000000       2.35447414999089390E-003
   19.750000000000000       2.35520697233687669E-003
   20.000000000000000       2.35456033090916932E-003
   20.250000000000000       2.35284106749628812E-003
   20.500000000000000       2.35057491386151838E-003
   20.750000000000000       2.34819073057938822E-003
   21.000000000000000       2.34576351728785085E-003
   21.250000000000000       2.34295665836982544E-003
   21.500000000000000       2.33917937313817209E-003
   21.750000000000000       2.33387076906672831E-003
   22.000000000000000       2.32676547033475439E-003
   22.250000000000000       2.31798642807804498E-003
   22.500000000000000       2.30789679776745998E-003
   22.750000000000000       2.29683503537623851E-003
   23.000000000000000       2.28493225376450847E-003
   23.250000000000000       2.27204759975577816E-003
   23.500000000000000       2.25784983110350907E-003
   23.750000000000000       2.24207768106408261E-003
   24.000000000000000       2.22471394845459407E-003
   24.250000000000000       2.20616421989499158E-003
   24.500000000000000       2.18706009559079331E-003
   24.750000000000000       2.16798996874876040E-003
   25.000000000000000       2.14927350958220905E-003
   25.250000000000000       2.13090808991659060E-003
   25.500000000000000       2.11253881417864569E-003
   25.750000000000000       2.09349744886729678E-003
   26.000000000000000       2.07333548499933490E-003
   26.250000000000000       2.05191942250057329E-003
   26.500000000000000       2.02932766702245467E-003
   26.750000000000000       2.00598112059342587E-003
   27.000000000000000       1.98228396372222013E-003
   27.250000000000000       1.95844660603985542E-003
   27.500000000000000       1.93434775538226574E-003
   27.750000000000000       1.90973282431371226E-003
   28.000000000000000       1.88430909389307737E-003
   28.250000000000000       1.85797985178320804E-003
   28.500000000000000       1.83101199794765985E-003
   28.750000000000000       1.80382046258073959E-003
   29.000000000000000       1.77694062758668625E-003
   29.250000000000000       1.75081981339221364E-003
   29.500000000000000       1.72563450699033099E-003
   29.750000000000000       1.70139440823733538E-003
   30.000000000000000       1.67796103206858992E-003
   30.250000000000000       1.65486642826010908E-003
   30.500000000000000       1.63152890437532347E-003
   30.750000000000000       1.60748427704177359E-003
   31.000000000000000       1.58247408242416683E-003
   31.250000000000000       1.55661026766972552E-003
   31.500000000000000       1.53041822579154624E-003
   31.750000000000000       1.50446786509065341E-003
   32.000000000000000       1.47893453002326735E-003
   32.250000000000000       1.45349568307650721E-003
   32.500000000000000       1.42759825377825988E-003
   32.750000000000000       1.40085088938965928E-003
   33.000000000000000       1.37324068872979170E-003
   33.250000000000000       1.34509226304834807E-003
   33.500000000000000       1.31688189297648312E-003
   33.750000000000000       1.28908624044366872E-003
   34.000000000000000       1.26212782863146774E-003
   34.250000000000000       1.23633513367968719E-003
   34.500000000000000       1.21181539630866122E-003
   34.750000000000000       1.18834406057951106E-003
   35.000000000000000       1.16544727787291132E-003
   35.250000000000000       1.14263189871784327E-003
   35.500000000000000       1.11952182880405149E-003
   35.750000000000000       1.09583893875924506E-003
   36.000000000000000       1.07145846790784047E-003
   36.250000000000000       1.04660021684763638E-003
   36.500000000000000       1.02176931123123811E-003
   36.750000000000000       9.97254303370216470E-004
   37.000000000000000       9.72800866450847495E-004
   37.250000000000000       9.48037700351345375E-004
   37.500000000000000       9.22974951580934617E-004
   37.750000000000000       8.97644447541379674E-004
   38.000000000000000       8.71664570966263061E-004
   38.250000000000000       8.44866200515747884E-004
   38.500000000000000       8.17775122592019404E-004
   38.750000000000000       7.90943459000684689E-004
   39.000000000000000       7.64928529371450327E-004
   39.250000000000000       7.40250705949007715E-004
   39.500000000000000       7.16594787860605942E-004
   39.750000000000000       6.94782114600653745E-004
   40.000000000000000       6.73976957404347383E-004
   40.250000000000000       6.67055281803693068E-004
   40.500000000000000       6.60235743942084920E-004
   40.750000000000000       6.52471603415376864E-004
   41.000000000000000       6.44119147243229942E-004
   41.250000000000000       6.34549144968644279E-004
   41.500000000000000       6.24079906163126021E-004
   41.750000000000000       6.12514518824862613E-004
   42.000000000000000       6.00532871767064762E-004
   42.250000000000000       5.87738478839932741E-004
   42.500000000000000       5.74429329485376806E-004
   42.750000000000000       5.60627592514771579E-004
   43.000000000000000       5.45663027744231225E-004
   43.250000000000000       5.29934246902136240E-004
   43.500000000000000       5.13485595816879931E-004
   43.750000000000000       4.96400139541556943E-004
   44.000000000000000       4.79234759070629309E-004
   44.250000000000000       4.62547418011129130E-004
   44.500000000000000       4.47059769859001828E-004
   44.750000000000000       4.33480105345954050E-004
   45.000000000000000       4.22063789621510241E-004
   45.250000000000000       4.12743242426658421E-004
   45.500000000000000       4.05300099421031451E-004
   45.750000000000000       3.99050844088009852E-004
   46.000000000000000       3.92680324833984053E-004
   46.250000000000000       3.84675735636438117E-004
   46.500000000000000       3.73938578611286417E-004
   46.750000000000000       3.59927117010208609E-004
   47.000000000000000       3.42532425489393115E-004
   47.250000000000000       3.22064121739956547E-004
   47.500000000000000       2.99267772944674716E-004
   47.750000000000000       2.75447157892253533E-004
   48.000000000000000       2.52145999495462312E-004
   48.250000000000000       2.30645680081006699E-004
   48.500000000000000       2.11795224565176893E-004
   48.750000000000000       1.96257080887572439E-004
   49.000000000000000       1.84825639995195409E-004
   49.250000000000000       1.78513369031534758E-004
   49.500000000000000       1.78303801078841571E-004
   49.750000000000000       1.84470099299716508E-004
   50.000000000000000       1.95791839416109412E-004
   50.250000000000000       1.87669339233389326E-004
   50.500000000000000       1.73124725798482816E-004
   50.750000000000000       1.47889961157189408E-004
   51.000000000000000       1.11363709234962762E-004
   51.250000000000000       6.77203449856446610E-005
   51.500000000000000       2.56621830949261014E-005
   51.750000000000000      -5.80105311992903433E-006
   52.000000000000000      -2.04717373614463604E-005
   52.250000000000000      -1.78459827788938619E-005
   52.500000000000000      -1.77422102416803093E-006
   52.750000000000000       2.10086070191785063E-005
   53.000000000000000       4.35069367513585229E-005
   53.250000000000000       6.02734903313286712E-005
   53.500000000000000       6.81346927684327568E-005
   53.750000000000000       6.66941352346036079E-005
   54.000000000000000       5.55429542891862376E-005
   54.250000000000000       3.48763148280593162E-005
   54.500000000000000       5.68164741127555685E-006
   54.750000000000000      -2.73418007960442063E-005
   55.000000000000000      -5.73305755453312917E-005
   55.250000000000000      -7.71719741967946693E-005
   55.500000000000000      -7.98664440794528816E-005
   55.750000000000000      -6.15891720941717948E-005
   56.000000000000000      -2.30302333504550085E-005
   56.250000000000000       2.78143405280721861E-005
   56.500000000000000       7.91416131184154468E-005
   56.750000000000000       1.19878274668266897E-004
   57.000000000000000       1.41380960172466551E-004
   57.250000000000000       1.39971915463055424E-004
   57.500000000000000       1.17131098153006001E-004
   57.750000000000000       7.90109124267145911E-005
   58.000000000000000       3.32135059911049270E-005
   58.250000000000000      -1.33655481838072260E-005
   58.500000000000000      -5.47289435129258713E-005
   58.750000000000000      -8.53435823692429168E-005
   59.000000000000000      -9.87974934079948911E-005
   59.250000000000000      -9.06969757569465963E-005
   59.500000000000000      -6.02290708066291846E-005
   59.750000000000000      -1.02837275738485469E-005
   60.000000000000000       5.06549784872079253E-005
   60.250000000000000       1.09915884439670177E-004
   60.500000000000000       1.52646304021523331E-004
   60.750000000000000       1.65312280648817776E-004
   61.000000000000000       1.40830946926043455E-004
   61.250000000000000       8.00931588411402806E-005
   61.500000000000000      -9.02667772708014933E-006
   61.750000000000000      -1.15574987115827908E-004
   62.000000000000000      -2.27962129121304127E-004
   62.250000000000000      -3.33793881036815749E-004
   62.500000000000000      -4.24699794546104536E-004
   62.750000000000000      -4.97257366730732018E-004
   63.000000000000000      -5.46039011993128395E-004
   63.250000000000000      -5.64495893728618383E-004
   63.500000000000000      -5.52039133981243571E-004
   63.750000000000000      -5.13730824599147973E-004
   64.000000000000000      -4.56399353831230122E-004
   64.250000000000000      -3.91216878510340540E-004
   64.500000000000000      -3.36264269642424238E-004
   64.750000000000000      -3.08681336745699679E-004
   65.000000000000000      -3.19773117440908428E-004
   65.250000000000000      -3.81082774658356648E-004
   65.500000000000000      -5.01108099331119719E-004
   65.750000000000000      -6.77023805159634074E-004
   66.000000000000000      -9.01640896828766951E-004
   66.250000000000000      -1.16608859750983850E-003
   66.500000000000000      -1.45047595047513166E-003
   66.750000000000000      -1.72924075067773172E-003
   67.000000000000000      -1.98083086716046046E-003
   67.250000000000000      -2.18172738406248456E-003
   67.500000000000000      -2.30737424102372968E-003
   67.750000000000000      -2.34295833375068163E-003
   68.000000000000000      -2.27996565745471752E-003
   68.250000000000000      -2.11070776724347001E-003
   68.500000000000000      -1.83507354346430437E-003
   68.750000000000000      -1.46006201602428328E-003
   69.000000000000000      -9.91798980503933369E-004
   69.250000000000000      -4.37913281021873801E-004
   69.500000000000000       1.89545581041432987E-004
   69.750000000000000       8.80082229826007314E-004
   70.000000000000000       1.62579502638513407E-003
   70.250000000000000       2.41726467201862100E-003
   70.500000000000000       3.24559361803790272E-003
   70.750000000000000       4.10452238041361574E-003
   71.000000000000000       4.98741905647063100E-003
   71.250000000000000       5.88708466805564542E-003
   71.500000000000000       6.79791559480750346E-003
   71.750000000000000       7.71476242015831613E-003
   72.000000000000000       8.63184894316399408E-003
   72.250000000000000       9.54336294909327587E-003
   72.500000000000000       1.04431791824419924E-002
   72.750000000000000       1.13258112047115011E-002
   73.000000000000000       1.21880691552253926E-002
   73.250000000000000       1.30278953821528314E-002
   73.500000000000000       1.38437573888379739E-002
   73.750000000000000       1.46358537272322838E-002
   74.000000000000000       1.54040689438842589E-002
   74.250000000000000       1.61461113903505898E-002
   74.500000000000000       1.68606499454743222E-002
   74.750000000000000       1.75474689321152323E-002
   75.000000000000000       1.82028131284664094E-002
   75.250000000000000       1.88209056482705091E-002
   75.500000000000000       1.93988165337659266E-002
   75.750000000000000       1.99337183097333150E-002
   76.000000000000000       2.04205254019580174E-002
   76.250000000000000       2.08573755595107338E-002
   76.500000000000000       2.12457135619636590E-002
   76.750000000000000       2.15823194207459476E-002
   77.000000000000000       2.18594646548047888E-002
   77.250000000000000       2.20711377831125342E-002
   77.500000000000000       2.22113201537680119E-002
   77.750000000000000       2.22734706872551036E-002
   78.000000000000000       2.22612073839559797E-002
   78.250000000000000       2.21924427157218843E-002
   78.500000000000000       2.20876121342560017E-002
   78.750000000000000       2.19617849893617469E-002
   79.000000000000000       2.18277177665677398E-002
   79.250000000000000       2.16941291120924806E-002
   79.500000000000000       2.15611364192487311E-002
   79.750000000000000       2.14279032946396927E-002
   80.000000000000000       2.13024062311932723E-002
   80.250000000000000       2.11955776383272801E-002
   80.500000000000000       2.11111665065407440E-002
   80.750000000000000       2.10477277142907433E-002
   81.000000000000000       2.10023470166935747E-002
   81.250000000000000       2.09658163934804305E-002
   81.500000000000000       2.09224605323232934E-002
   81.750000000000000       2.08602413757308057E-002
   82.000000000000000       2.07726091239690130E-002
   82.250000000000000       2.06449317718445970E-002
   82.500000000000000       2.04447544376194432E-002
   82.750000000000000       2.01270319029470020E-002
   83.000000000000000       1.96433541537540356E-002
   83.250000000000000       1.89500713573701983E-002
   83.500000000000000       1.80229576810920292E-002
   83.750000000000000       1.68731655991412911E-002
   84.000000000000000       1.55469246937939010E-002
   84.250000000000000       1.41085065367820527E-002
   84.500000000000000       1.26241057302683875E-002
   84.750000000000000       1.11545336276942016E-002
   85.000000000000000       9.74964155070963227E-003
   85.250000000000000       8.44240350544883493E-003
   85.500000000000000       7.24953458222011259E-003
   85.750000000000000       6.17896049314607503E-003
   86.000000000000000       5.23508154978578281E-003
   86.250000000000000       4.41756056054962327E-003
   86.500000000000000       3.71935009617842304E-003
   86.750000000000000       3.12881866789663969E-003
   87.000000000000000       2.63305304035197632E-003
   87.250000000000000       2.21839654678734465E-003
   87.500000000000000       1.86996960310625393E-003
   87.750000000000000       1.57352387791136607E-003
   88.000000000000000       1.31839545365300013E-003
   88.250000000000000       1.09803479492875814E-003
   88.500000000000000       9.08222583525024611E-004
   88.750000000000000       7.46079634454187399E-004
   89.000000000000000       6.10529236284311624E-004
   89.250000000000000       5.01625928326842599E-004
   89.500000000000000       4.17834291311576327E-004
   89.750000000000000       3.54206011063056860E-004
   90.000000000000000       3.04002868087897133E-004
   90.250000000000000       2.61895092786194634E-004
   90.500000000000000       2.24953528555352249E-004
   90.750000000000000       1.91015870361483460E-004
   91.000000000000000       1.57641453103422082E-004
   91.250000000000000       1.23608229331803290E-004
   91.500000000000000       9.08227948066562461E-005
   91.750000000000000       6.35415215854423786E-005
   92.000000000000000       4.51948422872791366E-005
   92.250000000000000       3.60871536075578277E-005
   92.500000000000000       3.39735160010125293E-005
   92.750000000000000       3.60697998585805699E-005
   93.000000000000000       4.00007236538693682E-005
   93.250000000000000       4.33624571531903327E-005
   93.500000000000000       4.35681448077402688E-005
   93.750000000000000       3.88782409514949382E-005
   94.000000000000000       2.94912114841506731E-005
   94.250000000000000       1.72899119871461342E-005
   94.500000000000000       4.57922771805077549E-006
   94.750000000000000      -6.64316324097686599E-006
   95.000000000000000      -1.43316639463155924E-005
   95.250000000000000      -1.61386323682512863E-005
   95.500000000000000      -1.04622644488394651E-005
   95.750000000000000       1.84001332638113308E-006
   96.000000000000000       1.70266482800536955E-005
   96.250000000000000       3.02724662632198478E-005
   96.500000000000000       3.83230169784816281E-005
   96.750000000000000       4.06784930262964778E-005
   97.000000000000000       3.84939589266584348E-005
   97.250000000000000       3.26761385548398936E-005
   97.500000000000000       2.32538106079730071E-005
   97.750000000000000       1.04932539744717170E-005
   98.000000000000000      -3.71109496093300495E-006
   98.250000000000000      -1.58709922215761135E-005
   98.500000000000000      -2.25160519729659895E-005
   98.750000000000000      -2.19676379007117501E-005
   99.000000000000000      -1.48352719101334873E-005
   99.250000000000000      -3.12747432997844849E-006
   99.500000000000000       1.09383781967075828E-005
   99.750000000000000       2.54092073984440474E-005
   100.00000000000000       3.83575579427602699E-005
   100.25000000000000       4.77166246127900604E-005
   100.50000000000000       5.17522236245904251E-005
   100.75000000000000       4.98868370648262294E-005
   101.00000000000000       4.30908018562394028E-005
   101.25000000000000       3.34116559168282868E-005
   101.50000000000000       2.30074886819470729E-005
   101.75000000000000       1.34605060473426830E-005
   102.00000000000000       5.80188623234608445E-006
   102.25000000000000       9.74451402066434750E-007
   102.50000000000000       9.61104219177630805E-008
   102.75000000000000       4.17141587734883473E-006
   103.00000000000000       1.34981352031316648E-005
   103.25000000000000       2.73351061596218563E-005
   103.50000000000000       4.41560442772315347E-005
   103.75000000000000       6.22725956122476899E-005
   104.00000000000000       8.02863503555254854E-005
   104.25000000000000       9.70110903850367049E-005
   104.50000000000000       1.11011114980635539E-004
   104.75000000000000       1.20268580028893332E-004
   105.00000000000000       1.22400182936215161E-004
   105.25000000000000       1.15374865650867282E-004
   105.50000000000000       9.82372777239872417E-005
   105.75000000000000       7.12853830476386174E-005
   106.00000000000000       3.55292308073721752E-005
   106.25000000000000      -8.22553641344652201E-006
   106.50000000000000      -6.00597748169966840E-005
   106.75000000000000      -1.20945057574900808E-004
   107.00000000000000      -1.92086137932170409E-004
   107.25000000000000      -2.74041479015274861E-004
   107.50000000000000      -3.66176710000115950E-004
   107.75000000000000      -4.66771205510956282E-004
   108.00000000000000      -5.73699818999278115E-004
   108.25000000000000      -6.85309560294498563E-004
   108.50000000000000      -8.01060817403601651E-004
   108.75000000000000      -9.21680509466995526E-004
   109.00000000000000      -1.04883037877755094E-003
   109.25000000000000      -1.18447275440632430E-003
   109.50000000000000      -1.33015295780946241E-003
   109.75000000000000      -1.48634982404784004E-003
   110.00000000000000      -1.65196060621878140E-003
   110.25000000000000      -1.82394893622872512E-003
   110.50000000000000      -1.99719916371473433E-003
   110.75000000000000      -2.16464341330891829E-003
   111.00000000000000      -2.31771055416454385E-003
   111.25000000000000      -2.44707514977184721E-003
   111.50000000000000      -2.54358875259469604E-003
   111.75000000000000      -2.59920551241948211E-003
   112.00000000000000      -2.60770623740224543E-003
   112.25000000000000      -2.56508413142667556E-003
   112.50000000000000      -2.46955475778490915E-003
   112.75000000000000      -2.32125199060824634E-003
   113.00000000000000      -2.12173626206237477E-003
   113.25000000000000      -1.87345466144669503E-003
   113.50000000000000      -1.57925816150605467E-003
   113.75000000000000      -1.24201896312224765E-003
   114.00000000000000      -8.64327677299967976E-004
   114.25000000000000      -4.48211266708756760E-004
   114.50000000000000       5.18536366661427725E-006
   114.75000000000000       4.95965876810088740E-004
   115.00000000000000       1.02583152899154962E-003
   115.25000000000000       1.59825983758504200E-003
   115.50000000000000       2.21828984627116471E-003
   115.75000000000000       2.89166513073458795E-003
   116.00000000000000       3.62313028309675352E-003
   116.25000000000000       4.41381860592321342E-003
   116.50000000000000       5.25793563442768404E-003
   116.75000000000000       6.13934658354894653E-003
   117.00000000000000       7.02916677731762335E-003
   117.25000000000000       7.88585843435679786E-003
   117.50000000000000       8.65933219784375229E-003
   117.75000000000000       9.29978826452031344E-003
   118.00000000000000       9.77045086966102025E-003
   118.25000000000000       1.00615145958468516E-002
   118.50000000000000       1.02016390644787298E-002
   118.75000000000000       1.02640968119955839E-002
   119.00000000000000       1.03668958893207205E-002
   119.25000000000000       1.06681129438589081E-002
   119.50000000000000       1.13569726945050888E-002
   119.75000000000000       1.26363720343995421E-002
   120.00000000000000       1.46841787765042298E-002
   120.25000000000000       1.75741760718554109E-002
   120.50000000000000       2.11484600384635076E-002
   120.75000000000000       2.48855130132063194E-002
   121.00000000000000       2.78973438732296325E-002
   121.25000000000000       2.92080362262245770E-002
   121.50000000000000       2.82571661758492867E-002
   121.75000000000000       2.52533080715382635E-002
   122.00000000000000       2.10413088914411725E-002
   122.25000000000000       1.66197283663747329E-002
   122.50000000000000       1.27380502075110941E-002
   122.75000000000000       9.80059536884245359E-003
   123.00000000000000       7.99941724855431947E-003
   123.25000000000000       7.52342250213885837E-003
   123.50000000000000       8.76739631129309221E-003
   123.75000000000000       1.25127022010849184E-002
   124.00000000000000       1.99565767645797226E-002
   124.25000000000000       3.21441568042379611E-002
   124.50000000000000       4.80794879993581489E-002
   124.75000000000000       6.22386929963295310E-002
   125.00000000000000       6.62763555761043122E-002
   125.25000000000000       5.71923159142308998E-002
   125.50000000000000       4.10241063138987519E-002
   125.75000000000000       2.57149967860461522E-002
   126.00000000000000       1.48341772754821116E-002
   126.25000000000000       8.20463838077727450E-003
   126.50000000000000       4.49029293930775560E-003
   126.75000000000000       2.52089072823224103E-003
   127.00000000000000       1.56859074562031020E-003
   127.25000000000000       1.29020402562997176E-003
   127.50000000000000       1.67343667614572788E-003
   127.75000000000000       3.11087207015665066E-003
   128.00000000000000       6.68964740675126457E-003
   128.25000000000000       1.47582266250637396E-002
   128.50000000000000       3.13696570662602356E-002
   128.75000000000000       6.01463663364513179E-002
   129.00000000000000       9.48552104103281557E-002
   129.25000000000000       0.11179584188736423     
   129.50000000000000       9.44127415491963079E-002
   129.75000000000000       5.96335267207312031E-002
   130.00000000000000       3.09917129602934882E-002
   130.25000000000000       1.44900824183297923E-002
   130.50000000000000       6.44604646937480159E-003
   130.75000000000000       2.80835273192255996E-003
   131.00000000000000       1.21645356364005015E-003
   131.25000000000000       5.31440916535163947E-004
   131.50000000000000       2.45000587946246477E-004
   131.75000000000000       1.44582951557674621E-004
   132.00000000000000       1.63419703948495729E-004
   132.25000000000000       3.39962173930325785E-004
   132.50000000000000       8.71380457395142319E-004
   132.75000000000000       2.32466883707506443E-003
   133.00000000000000       6.20187035837677526E-003
   133.25000000000000       1.62267226096781854E-002
   133.50000000000000       4.02098029693441009E-002
   133.75000000000000       8.72825820752475556E-002
   134.00000000000000       0.14493851508620112     
   134.25000000000000       0.16068069003607555     
   134.50000000000000       0.11512275766885734     
   134.75000000000000       5.88673654338980334E-002
   135.00000000000000       2.49171155014913485E-002
   135.25000000000000       9.70261741369968927E-003
   135.50000000000000       3.65642478754251050E-003
   135.75000000000000       1.36104622484503135E-003
   136.00000000000000       5.04361203057480815E-004
   136.25000000000000       1.86709088908798147E-004
   136.50000000000000       6.94294937833111168E-005
   136.75000000000000       2.68764511507928018E-005
   137.00000000000000       1.36252933867954192E-005
   137.25000000000000       1.63083832646021912E-005
   137.50000000000000       4.04829998181075132E-005
   137.75000000000000       1.20292481488890933E-004
   138.00000000000000       3.66338983592361870E-004
   138.25000000000000       1.11779260894478830E-003
   138.50000000000000       3.39981345683528901E-003
   138.75000000000000       1.02294448639576978E-002
   139.00000000000000       2.97851370201099100E-002
   139.25000000000000       7.88357927614486420E-002
   139.50000000000000       0.16426980440371994     
   139.75000000000000       0.22101406110672875     
   140.00000000000000       0.17316237338611906     
   140.25000000000000       8.60863464001918738E-002
   140.50000000000000       3.30485446199854371E-002
   140.75000000000000       1.14155485001819178E-002
   141.00000000000000       3.80127560733068944E-003
   141.25000000000000       1.25050754158643855E-003
   141.50000000000000       4.09742789635948149E-004
   141.75000000000000       1.34081620372796136E-004
   142.00000000000000       4.38572781129429099E-005
   142.25000000000000       1.43434444955895052E-005
   142.50000000000000       4.69078427915122194E-006
   142.75000000000000       1.53402025404026926E-006
   143.00000000000000       5.01666172095946918E-007
   143.25000000000000       1.64058307303293727E-007
   143.50000000000000       5.36515266211067980E-008
   143.75000000000000       1.75455530655188887E-008
   144.00000000000000       5.73791513613098949E-009
   144.25000000000000       1.87648397083598287E-009
   144.50000000000000       6.13680082501370845E-010
   144.75000000000000       2.00701383996742679E-010
   145.00000000000000       6.56414268095077064E-011
   145.25000000000000       2.14703373645063703E-011
   145.50000000000000       7.02354852148079507E-012
   145.75000000000000       2.29811204692280347E-012
   146.00000000000000       7.52229061720650643E-013
   146.25000000000000       2.46380398598017350E-013
   146.50000000000000       8.07843073518922942E-014
   146.75000000000000       2.65351949213665282E-014
   147.00000000000000       8.74173113763055840E-015
   147.25000000000000       2.89378138152518447E-015
   147.50000000000000       9.65401401270638586E-016
   147.75000000000000       3.26045104648887957E-016
   148.00000000000000       1.12204811500959827E-016
   148.25000000000000       3.96938921097775527E-017
   148.50000000000000       1.45866753633415624E-017
   148.75000000000000       5.62469700688325718E-018
   149.00000000000000       2.28925188665502238E-018
   149.25000000000000       9.78484378613407377E-019
   149.50000000000000       4.24944543111382744E-019
   149.75000000000000       1.61891708404419072E-019
   150.00000000000000        0.0000000000000000     
