   0.0000000000000000        0.0000000000000000     
  0.25000000000000000      -9.61390934910776409E-006
  0.50000000000000000      -8.30144658683342881E-006
  0.75000000000000000      -1.45895683382285729E-007
   1.0000000000000000       1.19622489286556002E-005
   1.2500000000000000       2.61142228680823783E-005
   1.5000000000000000       4.11441393345346576E-005
   1.7500000000000000       5.64151849035830872E-005
   2.0000000000000000       7.16485592342944004E-005
   2.2500000000000000       8.67959989862783146E-005
   2.5000000000000000       1.01949811865581554E-004
   2.7500000000000000       1.17282408060212010E-004
   3.0000000000000000       1.33007738924449876E-004
   3.2500000000000000       1.49357968591775768E-004
   3.5000000000000000       1.66570968799904584E-004
   3.7500000000000000       1.84884511764548694E-004
   4.0000000000000000       2.04534773682435450E-004
   4.2500000000000000       2.25757421692734266E-004
   4.5000000000000000       2.48790136141416318E-004
   4.7500000000000000       2.73875857955624923E-004
   5.0000000000000000       3.01266493244204390E-004
   5.2500000000000000       3.31226286939698134E-004
   5.5000000000000000       3.64035213471081273E-004
   5.7500000000000000       3.99993077334768489E-004
   6.0000000000000000       4.39422733001939116E-004
   6.2500000000000000       4.82673510646293566E-004
   6.5000000000000000       5.30124662531464784E-004
   6.7500000000000000       5.82188873092059672E-004
   7.0000000000000000       6.39315872163426658E-004
   7.2500000000000000       7.01998276717052385E-004
   7.5000000000000000       7.70769290287698318E-004
   7.7500000000000000       8.46212861372593636E-004
   8.0000000000000000       9.28966667118439520E-004
   8.2500000000000000       1.01972638602777169E-003
   8.5000000000000000       1.11925050666389098E-003
   8.7500000000000000       1.22836542087805868E-003
   9.0000000000000000       1.34797076866490710E-003
   9.2500000000000000       1.47905092294664964E-003
   9.5000000000000000       1.62267477306825910E-003
   9.7500000000000000       1.77998325306685063E-003
   10.000000000000000       1.95222806986664445E-003
   10.250000000000000       2.14076559458350069E-003
   10.500000000000000       2.34706228977192392E-003
   10.750000000000000       2.57270020626148383E-003
   11.000000000000000       2.81938224775217820E-003
   11.250000000000000       3.08893605064735352E-003
   11.500000000000000       3.38342763412868104E-003
   11.750000000000000       3.70494724976292225E-003
   12.000000000000000       4.05560115497329184E-003
   12.250000000000000       4.43776145187626311E-003
   12.500000000000000       4.85404023023597135E-003
   12.750000000000000       5.30697528170659492E-003
   13.000000000000000       5.79933590697265678E-003
   13.250000000000000       6.33422864390331599E-003
   13.500000000000000       6.91457281665222318E-003
   13.750000000000000       7.54344321883596534E-003
   14.000000000000000       8.22394009438837288E-003
   14.250000000000000       8.95928040321720791E-003
   14.500000000000000       9.75251852008357338E-003
   14.750000000000000       1.06067721034000563E-002
   15.000000000000000       1.15248855508368539E-002
   15.250000000000000       1.25095221789039337E-002
   15.500000000000000       1.35630396910356634E-002
   15.750000000000000       1.46873641427779193E-002
   16.000000000000000       1.58838791576253330E-002
   16.250000000000000       1.71532984949269926E-002
   16.500000000000000       1.84955220037445293E-002
   16.750000000000000       1.99094801339698181E-002
   17.000000000000000       2.13929720345298682E-002
   17.250000000000000       2.29425011685821800E-002
   17.500000000000000       2.45531140838905551E-002
   17.750000000000000       2.62182471760700232E-002
   18.000000000000000       2.79295935857766554E-002
   18.250000000000000       2.96770013847642324E-002
   18.500000000000000       3.14484086776084318E-002
   18.750000000000000       3.32298344306486901E-002
   19.000000000000000       3.50054316831260801E-002
   19.250000000000000       3.67576169990401630E-002
   19.500000000000000       3.84672831473367310E-002
   19.750000000000000       4.01141007487233262E-002
   20.000000000000000       4.16769091967864325E-002
   20.250000000000000       4.31341915168307471E-002
   20.500000000000000       4.44646213805097376E-002
   20.750000000000000       4.56476636878297357E-002
   21.000000000000000       4.66642037912438148E-002
   21.250000000000000       4.74971752580693116E-002
   21.500000000000000       4.81321527924454054E-002
   21.750000000000000       4.85578761360745195E-002
   22.000000000000000       4.87666728250008424E-002
   22.250000000000000       4.87547527175965986E-002
   22.500000000000000       4.85223548119893544E-002
   22.750000000000000       4.80737369637801101E-002
   23.000000000000000       4.74170092192142401E-002
   23.250000000000000       4.65638215030335159E-002
   23.500000000000000       4.55289253368746580E-002
   23.750000000000000       4.43296360576819065E-002
   24.000000000000000       4.29852380713389853E-002
   24.250000000000000       4.15163887016720620E-002
   24.500000000000000       3.99444027541815475E-002
   24.750000000000000       3.82907800517965496E-002
   25.000000000000000       3.65765758070013686E-002
   25.250000000000000       3.48219697787553253E-002
   25.500000000000000       3.30458881568285248E-002
   25.750000000000000       3.12656981684939841E-002
   26.000000000000000       2.94970616810554878E-002
   26.250000000000000       2.77537096448217911E-002
   26.500000000000000       2.60474857240151798E-002
   26.750000000000000       2.43883282291486279E-002
   27.000000000000000       2.27843920677337219E-002
   27.250000000000000       2.12421418187938651E-002
   27.500000000000000       1.97661851903148632E-002
   27.750000000000000       1.83598939652269352E-002
   28.000000000000000       1.70254641383357566E-002
   28.250000000000000       1.57637916048802770E-002
   28.500000000000000       1.45748679281200930E-002
   28.750000000000000       1.34580392559989909E-002
   29.000000000000000       1.24118926334198694E-002
   29.250000000000000       1.14343320709759944E-002
   29.500000000000000       1.05229666482133857E-002
   29.750000000000000       9.67510667264956034E-003
   30.000000000000000       8.88784813188707966E-003
   30.250000000000000       8.15814717741140949E-003
   30.500000000000000       7.48288332249655470E-003
   30.750000000000000       6.85891194063206928E-003
   31.000000000000000       6.28312427465563088E-003
   31.250000000000000       5.75244670732036854E-003
   31.500000000000000       5.26388454548567999E-003
   31.750000000000000       4.81455226385949127E-003
   32.000000000000000       4.40168271599705122E-003
   32.250000000000000       4.02263749256635654E-003
   32.500000000000000       3.67491351218915711E-003
   32.750000000000000       3.35614645850715451E-003
   33.000000000000000       3.06411188307403838E-003
   33.250000000000000       2.79672643143542886E-003
   33.500000000000000       2.55203769870278752E-003
   33.750000000000000       2.32822722607198577E-003
   34.000000000000000       2.12360356849848912E-003
   34.250000000000000       1.93659671331822356E-003
   34.500000000000000       1.76575208783582324E-003
   34.750000000000000       1.60972431687353358E-003
   35.000000000000000       1.46727086504535339E-003
   35.250000000000000       1.33724597943414526E-003
   35.500000000000000       1.21859382401786741E-003
   35.750000000000000       1.11034245021383610E-003
   36.000000000000000       1.01159815946679030E-003
   36.250000000000000       9.21539578917926158E-004
   36.500000000000000       8.39412112467692703E-004
   36.750000000000000       7.64522620639669225E-004
   37.000000000000000       6.96234327277250441E-004
   37.250000000000000       6.33961962439990711E-004
   37.500000000000000       5.77167165662005664E-004
   37.750000000000000       5.25353882942849039E-004
   38.000000000000000       4.78064421326350973E-004
   38.250000000000000       4.34875612113174857E-004
   38.500000000000000       3.95395553419635088E-004
   38.750000000000000       3.59261168840138798E-004
   39.000000000000000       3.26137079828142629E-004
   39.250000000000000       2.95716607143646081E-004
   39.500000000000000       2.67726214941900085E-004
   39.750000000000000       2.41935375163633646E-004
   40.000000000000000       2.18141563169419746E-004
   40.250000000000000       2.02121526763808745E-004
   40.500000000000000       1.86893400012957587E-004
   40.750000000000000       1.72410665610135271E-004
   41.000000000000000       1.58668882648052621E-004
   41.250000000000000       1.45681118638473167E-004
   41.500000000000000       1.33463265157924839E-004
   41.750000000000000       1.22025861854610789E-004
   42.000000000000000       1.11370247901897536E-004
   42.250000000000000       1.01487483706690898E-004
   42.500000000000000       9.23589157290300518E-005
   42.750000000000000       8.39576312927459660E-005
   43.000000000000000       7.62502982804334035E-005
   43.250000000000000       6.91990751099251148E-005
   43.500000000000000       6.27634129226207062E-005
   43.750000000000000       5.69016709128763578E-005
   44.000000000000000       5.15725343176082318E-005
   44.250000000000000       4.67362874427588662E-005
   44.500000000000000       4.23560304193519593E-005
   44.750000000000000       3.83989654331371894E-005
   45.000000000000000       3.48378733241369915E-005
   45.250000000000000       3.16527851379949573E-005
   45.500000000000000       2.88324186226245084E-005
   45.750000000000000       2.63737148871047948E-005
   46.000000000000000       2.42748072613097854E-005
   46.250000000000000       2.25106055597497034E-005
   46.500000000000000       2.09714525108273892E-005
   46.750000000000000       1.93498984345179107E-005
   47.000000000000000       1.70678608881194258E-005
   47.250000000000000       1.39268954779798198E-005
   47.500000000000000       1.62837791367326229E-005
   47.750000000000000       1.58291321169979486E-005
   48.000000000000000       1.19051763623211097E-005
   48.250000000000000       7.63545096555476751E-006
   48.500000000000000       4.33842489119022456E-006
   48.750000000000000       2.22188001171630726E-006
   49.000000000000000       1.03321941811986050E-006
   49.250000000000000       4.36958137530041807E-007
   49.500000000000000       1.67657812784568461E-007
   49.750000000000000       5.80536356163077611E-008
   50.000000000000000       1.80814365880987587E-008
   50.250000000000000       4.79356395589122391E-009
   50.500000000000000       1.21923878716704331E-009
   50.750000000000000       2.99456117766338810E-010
   51.000000000000000       7.13826469696466846E-011
   51.250000000000000       1.65813078901394689E-011
   51.500000000000000       3.76553279715875093E-012
   51.750000000000000       8.38250665467468307E-013
   52.000000000000000       1.83324764435188960E-013
   52.250000000000000       3.94613991170474676E-014
   52.500000000000000       8.37353190995485493E-015
   52.750000000000000       1.75392522087249353E-015
   53.000000000000000       3.63061482547535384E-016
   53.250000000000000       7.43447208579375885E-017
   53.500000000000000       1.50730132066969535E-017
   53.750000000000000       3.02805078758527423E-018
   54.000000000000000       6.03161710222877910E-019
   54.250000000000000       1.19199225785543233E-019
   54.500000000000000       2.33838282972497506E-020
   54.750000000000000       4.55585203555856302E-021
   55.000000000000000       8.81909199256726812E-022
   55.250000000000000       1.69687055911746962E-022
   55.500000000000000       3.24637448122183585E-023
   55.750000000000000       6.17752001786304571E-024
   56.000000000000000       1.16956319244109176E-024
   56.250000000000000       2.20366063844823655E-025
   56.500000000000000       4.13318754168898172E-026
   56.750000000000000       7.71870047706073535E-027
   57.000000000000000       1.43553430910866229E-027
   57.250000000000000       2.65936544800908716E-028
   57.500000000000000       4.90813018237250903E-029
   57.750000000000000       9.02611133352670751E-030
   58.000000000000000       1.65424470035908428E-030
   58.250000000000000       3.02187550768047739E-031
   58.500000000000000       5.50288268864140921E-032
   58.750000000000000       9.99070457314260313E-033
   59.000000000000000       1.80861438735908287E-033
   59.250000000000000       3.26503983054528049E-034
   59.500000000000000       5.87853805517233803E-035
   59.750000000000000       1.05567819615425523E-035
   60.000000000000000       1.89110515442763759E-036
   60.250000000000000       3.37955849855520391E-037
   60.500000000000000       6.02560366529003074E-038
   60.750000000000000       1.07194288297499502E-038
   61.000000000000000       1.90285451866002949E-039
   61.250000000000000       3.37080065154613518E-040
   61.500000000000000       5.95913484010233643E-041
   61.750000000000000       1.05143801221268375E-041
   62.000000000000000       1.85165789031177579E-042
   62.250000000000000       3.25491361925004232E-043
   62.500000000000000       5.71141429219686981E-044
   62.750000000000000       1.00045155927730190E-044
   63.000000000000000       1.74951776018151632E-045
   63.250000000000000       3.05443748107185606E-046
   63.500000000000000       5.32420179306588539E-047
   63.750000000000000       9.26631545703768445E-048
   64.000000000000000       1.61030103867167843E-048
   64.250000000000000       2.79429227417743118E-049
   64.500000000000000       4.84192409049626745E-050
   64.750000000000000       8.37840705250052914E-051
   65.000000000000000       1.44782999216839553E-051
   65.250000000000000       2.49862457242934752E-052
   65.500000000000000       4.30651421922405588E-053
   65.750000000000000       7.41320101170385489E-054
   66.000000000000000       1.27454077356429874E-054
   66.250000000000000       2.18868026041593548E-055
   66.500000000000000       3.75408099353678015E-056
   66.750000000000000       6.43175276775618223E-057
   67.000000000000000       1.10070431712712063E-057
   67.250000000000000       1.88164832918246252E-058
   67.500000000000000       3.21324002056792050E-059
   67.750000000000000       5.48144284066497517E-060
   68.000000000000000       9.34121517282817166E-061
   68.250000000000000       1.59029629500548465E-061
   68.500000000000000       2.70475548103814734E-062
   68.750000000000000       4.59581004321786155E-063
   69.000000000000000       7.80169105192026427E-064
   69.250000000000000       1.32317196522316887E-064
   69.500000000000000       2.24208814041405464E-065
   69.750000000000000       3.79582038764551854E-066
   70.000000000000000       6.42070478367921475E-067
   70.250000000000000       1.08515328354502115E-067
   70.500000000000000       1.83247415394076188E-068
   70.750000000000000       3.09193133779049838E-069
   71.000000000000000       5.21283126817679795E-070
   71.250000000000000       8.78164289683014297E-071
   71.500000000000000       1.47823133507781516E-071
   71.750000000000000       2.48644942856247368E-072
   72.000000000000000       4.17920186047834321E-073
   72.250000000000000       7.01922701518738647E-074
   72.500000000000000       1.17807522168382157E-074
   72.750000000000000       1.97583177566296049E-075
   73.000000000000000       3.31150481165629409E-076
   73.250000000000000       5.54631362916517163E-077
   73.500000000000000       9.28307923997357419E-078
   73.750000000000000       1.55272000966272340E-078
   74.000000000000000       2.59544859773044857E-079
   74.250000000000000       4.33565297371079701E-080
   74.500000000000000       7.23808844223102289E-081
   74.750000000000000       1.20760505701875799E-081
   75.000000000000000       2.01354756231432194E-082
   75.250000000000000       3.35535869192054332E-083
   75.500000000000000       5.58804844472473629E-084
   75.750000000000000       9.30099640237452444E-085
   76.000000000000000       1.54721531700093780E-085
   76.250000000000000       2.57233643833525158E-086
   76.500000000000000       4.27429207271246041E-087
   76.750000000000000       7.09845156957381772E-088
   77.000000000000000       1.17822860357295254E-088
   77.250000000000000       1.95463393783642177E-089
   77.500000000000000       3.24096685674161397E-090
   77.750000000000000       5.37106361261952863E-091
   78.000000000000000       8.89663451377231865E-092
   78.250000000000000       1.47290275457128744E-092
   78.500000000000000       2.43729627679462239E-093
   78.750000000000000       4.03117348273790699E-094
   79.000000000000000       6.66417643147063134E-095
   79.250000000000000       1.10117457749855952E-095
   79.500000000000000       1.81870958295392114E-096
   79.750000000000000       3.00241526238047844E-097
   80.000000000000000       4.95428591868499472E-098
   80.250000000000000       8.17140808685044321E-099
   80.500000000000000       1.34716510956307377E-099
   80.750000000000000       2.22001219379956547E-100
   81.000000000000000       3.65681477287724937E-101
   81.250000000000000       6.02096422967914272E-102
   81.500000000000000       9.90939125413007882E-103
   81.750000000000000       1.63022693868557732E-103
   82.000000000000000       2.68084425641010858E-104
   82.250000000000000       4.40676364183006862E-105
   82.500000000000000       7.24093694724128684E-106
   82.750000000000000       1.18932006766384737E-106
   83.000000000000000       1.95269222815164616E-107
   83.250000000000000       3.20480769410777214E-108
   83.500000000000000       5.25781492036437677E-109
   83.750000000000000       8.62274883670868196E-110
   84.000000000000000       1.41359578342403535E-110
   84.250000000000000       2.31657152797826117E-111
   84.500000000000000       3.79497592961726718E-112
   84.750000000000000       6.21465480013593388E-113
   85.000000000000000       1.01735253084206153E-113
   85.250000000000000       1.66484640632232330E-114
   85.500000000000000       2.72349672054157504E-115
   85.750000000000000       4.45380528610879489E-116
   86.000000000000000       7.28096523433094909E-117
   86.250000000000000       1.18987597319276788E-117
   86.500000000000000       1.94388718151053817E-118
   86.750000000000000       3.17467029408512030E-119
   87.000000000000000       5.18305685248977142E-120
   87.250000000000000       8.45930381075363770E-121
   87.500000000000000       1.38021291140572350E-121
   87.750000000000000       2.25124024280478724E-122
   88.000000000000000       3.67082222540197243E-123
   88.250000000000000       5.98373076909515772E-124
   88.500000000000000       9.75100385631417391E-125
   88.750000000000000       1.58853426668970575E-125
   89.000000000000000       2.58711172678703182E-126
   89.250000000000000       4.21217550745950318E-127
   89.500000000000000       6.85601449331531865E-128
   89.750000000000000       1.11560971128580628E-128
   90.000000000000000       1.81480267630149919E-129
   90.250000000000000       2.95137474434576089E-130
   90.500000000000000       4.79842109284600251E-131
   90.750000000000000       7.79924618073076622E-132
   91.000000000000000       1.26732606467852801E-132
   91.250000000000000       2.05876486942994891E-133
   91.500000000000000       3.34355855793191172E-134
   91.750000000000000       5.42870274998399058E-135
   92.000000000000000       8.81189388217476117E-136
   92.250000000000000       1.42997889646253147E-136
   92.500000000000000       2.31994805572814596E-137
   92.750000000000000       3.76284413980308906E-138
   93.000000000000000       6.10161205570876493E-139
   93.250000000000000       9.89155082580996547E-140
   93.500000000000000       1.60315916269592258E-140
   93.750000000000000       2.59766035178309543E-141
   94.000000000000000       4.20806611832575276E-142
   94.250000000000000       6.81519348371532804E-143
   94.500000000000000       1.10349466391621463E-143
   94.750000000000000       1.78632160044397826E-144
   95.000000000000000       2.89099516934633513E-145
   95.250000000000000       4.67772096088051224E-146
   95.500000000000000       7.56695930101664337E-147
   95.750000000000000       1.22379739805624322E-147
   96.000000000000000       1.97878942196690023E-148
   96.250000000000000       3.19883939588524846E-149
   96.500000000000000       5.16998109713576132E-150
   96.750000000000000       8.35391376010596883E-151
   97.000000000000000       1.34957297019653190E-151
   97.250000000000000       2.17976127814896696E-152
   97.500000000000000       3.51988511508469455E-153
   97.750000000000000       5.68271455862366782E-154
   98.000000000000000       9.17258587777700146E-155
   98.250000000000000       1.48025693628037437E-155
   98.500000000000000       2.38832029545044413E-156
   98.750000000000000       3.85264454391369089E-157
   99.000000000000000       6.21350960200336163E-158
   99.250000000000000       1.00190699259534459E-158
   99.500000000000000       1.61521736624143519E-159
   99.750000000000000       2.60344495236021456E-160
   100.00000000000000       4.19546780481518239E-161
   100.25000000000000       6.75970369561627205E-162
   100.50000000000000       1.08890726275113321E-162
   100.75000000000000       1.75376251595346285E-163
   101.00000000000000       2.82402153149391113E-164
   101.25000000000000       4.54656310701270995E-165
   101.50000000000000       7.31841618262120757E-166
   101.75000000000000       1.17779659518037823E-166
   102.00000000000000       1.89514935024309307E-167
   102.25000000000000       3.04885786221910945E-168
   102.50000000000000       4.90401887992511672E-169
   102.75000000000000       7.88658388911368749E-170
   103.00000000000000       1.26808443401607070E-170
   103.25000000000000       2.03859273016275023E-171
   103.50000000000000       3.27669805582900422E-172
   103.75000000000000       5.26582738389735273E-173
   104.00000000000000       8.46099892152445982E-174
   104.25000000000000       1.35925851598066199E-174
   104.50000000000000       2.18327507367440648E-175
   104.75000000000000       3.50623793043326931E-176
   105.00000000000000       5.62990931819977468E-177
   105.25000000000000       9.03834789306001572E-178
   105.50000000000000       1.45079111833716930E-178
   105.75000000000000       2.32835629961422110E-179
   106.00000000000000       3.73614082530493292E-180
   106.25000000000000       5.99413895254182099E-181
   106.50000000000000       9.61525183236455865E-182
   106.75000000000000       1.54214539177658356E-182
   107.00000000000000       2.47298386984765464E-183
   107.25000000000000       3.96505351368313046E-184
   107.50000000000000       6.35636932498912874E-185
   107.75000000000000       1.01883060569893807E-185
   108.00000000000000       1.63278166574528437E-186
   108.25000000000000       2.61630275336623770E-187
   108.50000000000000       4.19162193814380354E-188
   108.75000000000000       6.71445707480886536E-189
   109.00000000000000       1.07541193374623771E-189
   109.25000000000000       1.72216362095759800E-190
   109.50000000000000       2.75746514815430529E-191
   109.75000000000000       4.41450651270502177E-192
   110.00000000000000       7.06628651194037046E-193
   110.25000000000000       1.13093517324297067E-193
   110.50000000000000       1.80976423282314136E-194
   110.75000000000000       2.89563981137416279E-195
   111.00000000000000       4.63239675988724637E-196
   111.25000000000000       7.40979256399780322E-197
   111.50000000000000       1.18507505391122985E-197
   111.75000000000000       1.89507139986855970E-198
   112.00000000000000       3.03002086518320576E-199
   112.25000000000000       4.84402507805538758E-200
   112.50000000000000       7.74298228546279807E-201
   112.75000000000000       1.23751838738218854E-201
   113.00000000000000       1.97759318257658543E-202
   113.25000000000000       3.15983596372046490E-203
   113.50000000000000       5.04817946360682930E-204
   113.75000000000000       8.06395466056919759E-205
   114.00000000000000       1.28796714722390206E-205
   114.25000000000000       2.05686259004509518E-206
   114.50000000000000       3.28435372592355582E-207
   114.75000000000000       5.24371504306227468E-208
   115.00000000000000       8.37091847994958856E-209
   115.25000000000000       1.33614123764305506E-209
   115.50000000000000       2.13244186415127769E-210
   115.75000000000000       3.40289035833977491E-211
   116.00000000000000       5.42956430105376442E-212
   116.25000000000000       8.66220812014358311E-213
   116.50000000000000       1.38178092532157370E-213
   116.75000000000000       2.20392622318667751E-214
   117.00000000000000       3.51481541150475559E-215
   117.25000000000000       5.60474592085467744E-216
   117.50000000000000       8.93629710342727401E-217
   117.75000000000000       1.42464891647264256E-217
   118.00000000000000       2.27094703893710003E-218
   118.25000000000000       3.61955663236107632E-219
   118.50000000000000       5.76837218381608685E-220
   118.75000000000000       9.19180936212127262E-221
   119.00000000000000       1.46453206853234755E-221
   119.25000000000000       2.33317443268307367E-222
   119.50000000000000       3.71660389321841832E-223
   119.75000000000000       5.91965490231284417E-224
   120.00000000000000       9.42752817572993955E-225
   120.25000000000000       1.50124273281444439E-225
   120.50000000000000       2.39031928639593598E-226
   120.75000000000000       3.80551219461819631E-227
   121.00000000000000       6.05790988710755101E-228
   121.25000000000000       9.64240279026890443E-229
   121.50000000000000       1.53461973084242905E-229
   121.75000000000000       2.44213467534400719E-230
   122.00000000000000       3.88590375492120555E-231
   122.25000000000000       6.18255997405373094E-232
   122.50000000000000       9.83555276641477219E-233
   122.75000000000000       1.56452897285471038E-233
   123.00000000000000       2.48841673728271581E-234
   123.25000000000000       3.95746921330804248E-235
   123.50000000000000       6.29313665651551331E-236
   123.75000000000000       1.00062701362677561E-236
   124.00000000000000       1.59086373209761141E-237
   124.25000000000000       2.52900500129750719E-238
   124.50000000000000       4.01996798504604090E-239
   124.75000000000000       6.38928038860263965E-240
   125.00000000000000       1.01540194773005307E-240
   125.25000000000000       1.61354459294090979E-241
   125.50000000000000       2.56378220614786414E-242
   125.75000000000000       4.07322781826225910E-243
   126.00000000000000       6.47073964020951194E-244
   126.25000000000000       1.02784360363447973E-244
   126.50000000000000       1.63251909455483728E-245
   126.75000000000000       2.59267364360399484E-246
   127.00000000000000       4.11714361004567580E-247
   127.25000000000000       6.53736879788129627E-248
   127.50000000000000       1.03793220562243493E-248
   127.75000000000000       1.64776109487659098E-249
   128.00000000000000       2.61564606678082258E-250
   128.25000000000000       4.15167554650084102E-251
   128.50000000000000       6.58912501574877369E-252
   128.75000000000000       1.04566414729622193E-252
   129.00000000000000       1.65926988188434156E-253
   129.25000000000000       2.63270620688648708E-254
   129.50000000000000       4.17684663644339112E-255
   129.75000000000000       6.62606412827206894E-256
   130.00000000000000       1.05105131625359991E-256
   130.25000000000000       1.66706906081626428E-257
   130.50000000000000       2.64389894416386536E-258
   130.75000000000000       4.19273971184877300E-259
   131.00000000000000       6.64833574145243385E-260
   131.25000000000000       1.05412029231664752E-260
   131.50000000000000       1.67120524696065423E-261
   131.75000000000000       2.64930518017908058E-262
   132.00000000000000       4.19949397004728177E-263
   132.25000000000000       6.65617762168923858E-264
   132.50000000000000       1.05491143823920047E-264
   132.75000000000000       1.67174659404858140E-265
   133.00000000000000       2.64903945907862219E-266
   133.25000000000000       4.19730113312810378E-267
   133.50000000000000       6.64990950178203103E-268
   133.75000000000000       1.05347790180392885E-268
   134.00000000000000       1.66878118815674429E-269
   134.25000000000000       2.64324738508369817E-270
   134.50000000000000       4.18640129921304789E-271
   134.75000000000000       6.62992642193150588E-272
   135.00000000000000       1.04988454790130349E-272
   135.25000000000000       1.66241533643357050E-273
   135.50000000000000       2.63210288241027940E-274
   135.75000000000000       4.16707855833651520E-275
   136.00000000000000       6.59669172021708509E-276
   136.25000000000000       1.04420683859743626E-276
   136.50000000000000       1.65277177895691914E-277
   136.75000000000000       2.61580534209267876E-278
   137.00000000000000       4.13965644277578444E-279
   137.25000000000000       6.55072978216720609E-280
   137.50000000000000       1.03652967838483795E-280
   137.75000000000000       1.63998785067853187E-281
   138.00000000000000       2.59457669794504102E-282
   138.25000000000000       4.10449327796966895E-283
   138.50000000000000       6.49261865293577047E-284
   138.75000000000000       1.02694624080819065E-284
   139.00000000000000       1.62421361876973470E-285
   139.25000000000000       2.56865847121513450E-286
   139.50000000000000       4.06197749579559381E-287
   139.75000000000000       6.42298260849397535E-288
   140.00000000000000       1.01555679150395694E-288
   140.25000000000000       1.60561001881404826E-289
   140.50000000000000       2.53830882046148350E-290
   140.75000000000000       4.01252296709175995E-291
   141.00000000000000       6.34248477437033638E-292
   141.25000000000000       1.00246752142405741E-292
   141.50000000000000       1.58434701125180376E-293
   141.75000000000000       2.50379962990668747E-294
   142.00000000000000       3.95656440505071051E-295
   142.25000000000000       6.25181987204034607E-296
   142.50000000000000       9.87789402663868908E-297
   142.75000000000000       1.56060177732259304E-297
   143.00000000000000       2.46541366606939035E-298
   143.25000000000000       3.89455288560239712E-299
   143.50000000000000       6.15170716428164404E-300
   143.75000000000000       9.71637077914747234E-301
   144.00000000000000       1.53455697152214508E-301
   144.25000000000000       2.42344182893077305E-302
   144.50000000000000       3.82695152526674752E-303
   144.75000000000000       6.04288366185449476E-304
   145.00000000000000       9.54127793139651895E-305
   145.25000000000000       1.50639904533525834E-305
   145.50000000000000       2.37818052031712972E-306
   145.75000000000000       3.75423135129407261E-307
   146.00000000000000       5.92609764490525641E-308
   146.25000000000000       9.35380381652706586E-309
   146.50000000000000       1.47631665476507920E-309
   146.75000000000000       2.32992914863876556E-310
   147.00000000000000       3.67686739331977499E-311
   147.25000000000000       5.80210254366561957E-312
   147.50000000000000       9.15514306387946840E-313
   147.75000000000000       1.44449916185513048E-313
   148.00000000000000       2.27898778527748332E-314
   148.25000000000000       3.59533503263481641E-315
   148.50000000000000       5.67165138353001093E-316
   148.75000000000000       8.94648735580354157E-317
   149.00000000000000       1.41113300535416394E-317
   149.25000000000000       2.22561257416460490E-318
   149.50000000000000       3.50806371173118696E-319
   149.75000000000000       5.39816124646145974E-320
   150.00000000000000        0.0000000000000000     
