   0.0000000000000000        0.0000000000000000     
  0.25000000000000000       1.29787729661328797E-006
  0.50000000000000000       2.49986313412663596E-006
  0.75000000000000000       9.85708780644063973E-008
   1.0000000000000000      -2.06977265702359314E-006
   1.2500000000000000      -1.20740071068487559E-006
   1.5000000000000000       1.96458204052712541E-006
   1.7500000000000000       4.85955562590583513E-006
   2.0000000000000000       5.43629833289449499E-006
   2.2500000000000000       3.42647615192922958E-006
   2.5000000000000000       1.18862278511665709E-007
   2.7500000000000000      -2.64961883628727222E-006
   3.0000000000000000      -3.51542126968506311E-006
   3.2500000000000000      -2.13977760824317333E-006
   3.5000000000000000       8.10968738090721507E-007
   3.7500000000000000       4.08693003062434087E-006
   4.0000000000000000       6.40996217667749131E-006
   4.2500000000000000       6.92930910582461217E-006
   4.5000000000000000       5.44801485485359498E-006
   4.7500000000000000       2.40193076708435616E-006
   5.0000000000000000      -1.34576068355495660E-006
   5.2500000000000000      -4.79549058403071830E-006
   5.5000000000000000      -7.09012545574547264E-006
   5.7500000000000000      -7.71205271450817871E-006
   6.0000000000000000      -6.56786718864113387E-006
   6.2500000000000000      -3.96243199123934532E-006
   6.5000000000000000      -4.90241920022190574E-007
   6.7500000000000000       3.11681703023316668E-006
   7.0000000000000000       6.14636657885019728E-006
   7.2500000000000000       8.03883464086285922E-006
   7.5000000000000000       8.46661085295083297E-006
   7.7500000000000000       7.37252430838557682E-006
   8.0000000000000000       4.94977600199344694E-006
   8.2500000000000000       1.58781623193180313E-006
   8.5000000000000000      -2.20450926284733423E-006
   8.7500000000000000      -5.88480680461249850E-006
   9.0000000000000000      -8.95801332235818512E-006
   9.2500000000000000      -1.10321799333294314E-005
   9.5000000000000000      -1.18592440675792551E-005
   9.7500000000000000      -1.13618388849349654E-005
   10.000000000000000      -9.59982076944615622E-006
   10.250000000000000      -6.76473461788922313E-006
   10.500000000000000      -3.14044351045222888E-006
   10.750000000000000       9.32808494744337497E-007
   11.000000000000000       5.07780284208975060E-006
   11.250000000000000       8.88888343470247786E-006
   11.500000000000000       1.20998620128914707E-005
   11.750000000000000       1.44424343934227674E-005
   12.000000000000000       1.57038268530334080E-005
   12.250000000000000       1.58573017961065525E-005
   12.500000000000000       1.49679998138574673E-005
   12.750000000000000       1.30238348024526175E-005
   13.000000000000000       1.00837246837053053E-005
   13.250000000000000       6.42145673630243484E-006
   13.500000000000000       2.20092252726855608E-006
   13.750000000000000      -2.33237863570971070E-006
   14.000000000000000      -6.94191620756169593E-006
   14.250000000000000      -1.13530046224522127E-005
   14.500000000000000      -1.54819492302321836E-005
   14.750000000000000      -1.91356831476088240E-005
   15.000000000000000      -2.22252946261579617E-005
   15.250000000000000      -2.46371973619982227E-005
   15.500000000000000      -2.62790281680840595E-005
   15.750000000000000      -2.70941179605385557E-005
   16.000000000000000      -2.70553515972960887E-005
   16.250000000000000      -2.61629790491100751E-005
   16.500000000000000      -2.44422760117691018E-005
   16.750000000000000      -2.19380363583013445E-005
   17.000000000000000      -1.87069671095755350E-005
   17.250000000000000      -1.48097019453068474E-005
   17.500000000000000      -1.03041429774252975E-005
   17.750000000000000      -5.24257878199767225E-006
   18.000000000000000       3.31060374520771666E-007
   18.250000000000000       6.38399963320674977E-006
   18.500000000000000       1.28929758840982501E-005
   18.750000000000000       1.98452477324030158E-005
   19.000000000000000       2.72376041327326133E-005
   19.250000000000000       3.50763045465955981E-005
   19.500000000000000       4.33768123722118852E-005
   19.750000000000000       5.21638257338476736E-005
   20.000000000000000       6.14715248682425725E-005
   20.250000000000000       7.13439569167464418E-005
   20.500000000000000       8.18355340175533271E-005
   20.750000000000000       9.30115742187970581E-005
   21.000000000000000       1.04948846984764888E-004
   21.250000000000000       1.17736111314055303E-004
   21.500000000000000       1.31474666435539778E-004
   21.750000000000000       1.46278943531422925E-004
   22.000000000000000       1.62277111388908491E-004
   22.250000000000000       1.79611625806026749E-004
   22.500000000000000       1.98439319776959648E-004
   22.750000000000000       2.18931312023742193E-004
   23.000000000000000       2.41273553722643169E-004
   23.250000000000000       2.65669181950932138E-004
   23.500000000000000       2.92343365216038594E-004
   23.750000000000000       3.21546135133820936E-004
   24.000000000000000       3.53527199942096535E-004
   24.250000000000000       3.88616529946233483E-004
   24.500000000000000       4.27099197942821000E-004
   24.750000000000000       4.69330505607943053E-004
   25.000000000000000       5.15693140818378670E-004
   25.250000000000000       5.66578999154151216E-004
   25.500000000000000       6.22437047599600684E-004
   25.750000000000000       6.83716080789740035E-004
   26.000000000000000       7.50974857001715751E-004
   26.250000000000000       8.24780432946285269E-004
   26.500000000000000       9.05784387186234110E-004
   26.750000000000000       9.94678264870268438E-004
   27.000000000000000       1.09209978786340453E-003
   27.250000000000000       1.19897868411293173E-003
   27.500000000000000       1.31611587005382204E-003
   27.750000000000000       1.44438625321380472E-003
   28.000000000000000       1.58495013532605170E-003
   28.250000000000000       1.73891811047055208E-003
   28.500000000000000       1.90740450789942621E-003
   28.750000000000000       2.09173245517240694E-003
   29.000000000000000       2.29335863411392294E-003
   29.250000000000000       2.51374588184191021E-003
   29.500000000000000       2.75456693355905294E-003
   29.750000000000000       3.01763821598197233E-003
   30.000000000000000       3.30486619851442457E-003
   30.250000000000000       3.61826466924560419E-003
   30.500000000000000       3.95999391359610608E-003
   30.750000000000000       4.33236684402068563E-003
   31.000000000000000       4.73787187055124508E-003
   31.250000000000000       5.17913364551067252E-003
   31.500000000000000       5.65889446293416348E-003
   31.750000000000000       6.18000187140521542E-003
   32.000000000000000       6.74538104812128728E-003
   32.250000000000000       7.35801006772773738E-003
   32.500000000000000       8.02089675580281054E-003
   32.750000000000000       8.73704945072186628E-003
   33.000000000000000       9.50943393283840144E-003
   33.250000000000000       1.03409239367856162E-002
   33.500000000000000       1.12342263113463497E-002
   33.750000000000000       1.21918024851436525E-002
   34.000000000000000       1.32157710235819084E-002
   34.250000000000000       1.43077948727968404E-002
   34.500000000000000       1.54689545283809432E-002
   34.750000000000000       1.66996070416955168E-002
   35.000000000000000       1.79992318233522901E-002
   35.250000000000000       1.93662677624997608E-002
   35.500000000000000       2.07979462239034803E-002
   35.750000000000000       2.22901287911846900E-002
   36.000000000000000       2.38371587973673603E-002
   36.250000000000000       2.54317348476915187E-002
   36.500000000000000       2.70648144727755682E-002
   36.750000000000000       2.87255533731366960E-002
   37.000000000000000       3.04012833514531212E-002
   37.250000000000000       3.20775313392460751E-002
   37.500000000000000       3.37380845455331480E-002
   37.750000000000000       3.53651125579020689E-002
   38.000000000000000       3.69393674568659208E-002
   38.250000000000000       3.84404898687835117E-002
   38.500000000000000       3.98474477785487197E-002
   38.750000000000000       4.11391133782326932E-002
   39.000000000000000       4.22949356861470269E-002
   39.250000000000000       4.32956027299277596E-002
   39.500000000000000       4.41235293363836517E-002
   39.750000000000000       4.47632899256664857E-002
   40.000000000000000       4.52005191003510901E-002
   40.250000000000000       4.62917575732422829E-002
   40.500000000000000       4.71965801592365147E-002
   40.750000000000000       4.78986171601276864E-002
   41.000000000000000       4.83865232393095868E-002
   41.250000000000000       4.86520317331170099E-002
   41.500000000000000       4.86901556649132275E-002
   41.750000000000000       4.84994982494202226E-002
   42.000000000000000       4.80823961888603227E-002
   42.250000000000000       4.74448499236595628E-002
   42.500000000000000       4.65962730705505243E-002
   42.750000000000000       4.55491240033197922E-002
   43.000000000000000       4.43184881770071273E-002
   43.250000000000000       4.29216708156020879E-002
   43.500000000000000       4.13778329972585152E-002
   43.750000000000000       3.97076518962502859E-002
   44.000000000000000       3.79329208275693691E-002
   44.250000000000000       3.60759891193798768E-002
   44.500000000000000       3.41590641449385085E-002
   44.750000000000000       3.22036345485672490E-002
   45.000000000000000       3.02303178789286066E-002
   45.250000000000000       2.82588995925819805E-002
   45.500000000000000       2.63076795088294096E-002
   45.750000000000000       2.43922089841033807E-002
   46.000000000000000       2.25257845322693190E-002
   46.250000000000000       2.07214793055303763E-002
   46.500000000000000       1.89893589159706930E-002
   46.750000000000000       1.73353090107307845E-002
   47.000000000000000       1.57690438880724558E-002
   47.250000000000000       1.42905979024346222E-002
   47.500000000000000       1.29081312660999370E-002
   47.750000000000000       1.16165780651258186E-002
   48.000000000000000       1.04220422215403237E-002
   48.250000000000000       9.32095515290202146E-003
   48.500000000000000       8.30841493739749998E-003
   48.750000000000000       7.38707898674108385E-003
   49.000000000000000       6.55373818888924445E-003
   49.250000000000000       5.80156040383241704E-003
   49.500000000000000       5.13136919588763878E-003
   49.750000000000000       4.54713771059585877E-003
   50.000000000000000       4.04762372433154979E-003
   50.250000000000000       3.27162666471936562E-003
   50.500000000000000       2.64360097674398936E-003
   50.750000000000000       2.13875122197315203E-003
   51.000000000000000       1.72929863819058565E-003
   51.250000000000000       1.39477270299106517E-003
   51.500000000000000       1.12449412414094359E-003
   51.750000000000000       9.08543354293286812E-004
   52.000000000000000       7.33829117573560016E-004
   52.250000000000000       5.89541875036029379E-004
   52.500000000000000       4.71112706023146290E-004
   52.750000000000000       3.76993378690730521E-004
   53.000000000000000       3.03778189418773084E-004
   53.250000000000000       2.45664560520871998E-004
   53.500000000000000       1.97458988000181524E-004
   53.750000000000000       1.56849498338435407E-004
   54.000000000000000       1.23873583165429315E-004
   54.250000000000000       9.88490752721921269E-005
   54.500000000000000       8.09060438770460133E-005
   54.750000000000000       6.79848224486358932E-005
   55.000000000000000       5.77576450785881443E-005
   55.250000000000000       4.85278119817518603E-005
   55.500000000000000       3.95727847431067052E-005
   55.750000000000000       3.09538566656228251E-005
   56.000000000000000       2.30948765261546974E-005
   56.250000000000000       1.64112606027062026E-005
   56.500000000000000       1.11157645611310479E-005
   56.750000000000000       7.19046439039519150E-006
   57.000000000000000       4.45306167202652279E-006
   57.250000000000000       2.64708375796136406E-006
   57.500000000000000       1.51421121524800401E-006
   57.750000000000000       8.35525309397480899E-007
   58.000000000000000       4.45716252996238866E-007
   58.250000000000000       2.30344331647464227E-007
   58.500000000000000       1.15541128991695841E-007
   58.750000000000000       5.63489329723461865E-008
   59.000000000000000       2.67615225509475793E-008
   59.250000000000000       1.23948145410208990E-008
   59.500000000000000       5.60594979918039595E-009
   59.750000000000000       2.47894742231735775E-009
   60.000000000000000       1.07295443392993094E-009
   60.250000000000000       4.55030213848193086E-010
   60.500000000000000       1.89260233482928359E-010
   60.750000000000000       7.72722052943394335E-011
   61.000000000000000       3.09948169787183130E-011
   61.250000000000000       1.22233085949626360E-011
   61.500000000000000       4.74276824786364349E-012
   61.750000000000000       1.81178820259245237E-012
   62.000000000000000       6.81844951271050031E-013
   62.250000000000000       2.52941296089841841E-013
   62.500000000000000       9.25438149664045507E-014
   62.750000000000000       3.34111911485560389E-014
   63.000000000000000       1.19086808116777596E-014
   63.250000000000000       4.19238010080158807E-015
   63.500000000000000       1.45837759962621865E-015
   63.750000000000000       5.01497093894105259E-016
   64.000000000000000       1.70538805104802611E-016
   64.250000000000000       5.73710527616152705E-017
   64.500000000000000       1.90997421501733902E-017
   64.750000000000000       6.29462616391503169E-018
   65.000000000000000       2.05426151272183178E-018
   65.250000000000000       6.64070002030024150E-019
   65.500000000000000       2.12699847048826420E-019
   65.750000000000000       6.75200496162898174E-020
   66.000000000000000       2.12482062809325661E-020
   66.250000000000000       6.63044037975599070E-021
   66.500000000000000       2.05208310926019309E-021
   66.750000000000000       6.30053496265355899E-022
   67.000000000000000       1.91947766768648548E-022
   67.250000000000000       5.80364934092379296E-023
   67.500000000000000       1.74187632596227861E-023
   67.750000000000000       5.19055268741711886E-024
   68.000000000000000       1.53592071711961000E-024
   68.250000000000000       4.51396871385139533E-025
   68.500000000000000       1.31781827977069910E-025
   68.750000000000000       3.82234276736308903E-026
   69.000000000000000       1.10166126450189004E-026
   69.250000000000000       3.15555378806023046E-027
   69.500000000000000       8.98409787278262905E-028
   69.750000000000000       2.54275661470951239E-028
   70.000000000000000       7.15524381834095839E-029
   70.250000000000000       2.00211606797775195E-029
   70.500000000000000       5.57125613522894713E-030
   70.750000000000000       1.54194218772571795E-030
   71.000000000000000       4.24506560433311178E-031
   71.250000000000000       1.16265440005769848E-031
   71.500000000000000       3.16820843202450480E-032
   71.750000000000000       8.59051378071227704E-033
   72.000000000000000       2.31798575502433751E-033
   72.250000000000000       6.22488243169346223E-034
   72.500000000000000       1.66387808504827970E-034
   72.750000000000000       4.42712424779317764E-035
   73.000000000000000       1.17265551536268221E-035
   73.250000000000000       3.09246797011958315E-036
   73.500000000000000       8.12011811334561188E-037
   73.750000000000000       2.12313265682769481E-037
   74.000000000000000       5.52820057432823166E-038
   74.250000000000000       1.43355896171090329E-038
   74.500000000000000       3.70258216512083902E-039
   74.750000000000000       9.52538577446419491E-040
   75.000000000000000       2.44106658822060431E-040
   75.250000000000000       6.23197168961043548E-041
   75.500000000000000       1.58507164685113470E-041
   75.750000000000000       4.01677867327097526E-042
   76.000000000000000       1.01423764415757949E-042
   76.250000000000000       2.55188367798187927E-043
   76.500000000000000       6.39833758113771211E-044
   76.750000000000000       1.59876147985639571E-044
   77.000000000000000       3.98139181260373859E-045
   77.250000000000000       9.88199692805478124E-046
   77.500000000000000       2.44476031884107263E-046
   77.750000000000000       6.02881942014706458E-047
   78.000000000000000       1.48202232722120056E-047
   78.250000000000000       3.63182755687519682E-048
   78.500000000000000       8.87288155074517781E-049
   78.750000000000000       2.16119331681943370E-049
   79.000000000000000       5.24846126305664743E-050
   79.250000000000000       1.27086472775704859E-050
   79.500000000000000       3.06841886178902915E-051
   79.750000000000000       7.38748373417979473E-052
   80.000000000000000       1.77363055820323818E-052
   80.250000000000000       4.24651099618518142E-053
   80.500000000000000       1.01396073001675454E-053
   80.750000000000000       2.41460859466965376E-054
   81.000000000000000       5.73489701124746654E-055
   81.250000000000000       1.35854477858589338E-055
   81.500000000000000       3.21001872354798113E-056
   81.750000000000000       7.56557460763312295E-057
   82.000000000000000       1.77865676898575102E-057
   82.250000000000000       4.17131573965413650E-058
   82.500000000000000       9.75886138879034664E-059
   82.750000000000000       2.27763738886752884E-059
   83.000000000000000       5.30326396005618966E-060
   83.250000000000000       1.23193761904875974E-060
   83.500000000000000       2.85518535246891310E-061
   83.750000000000000       6.60226635702929124E-062
   84.000000000000000       1.52327277763135269E-062
   84.250000000000000       3.50671706647603747E-063
   84.500000000000000       8.05516475776670295E-064
   84.750000000000000       1.84633620446666267E-064
   85.000000000000000       4.22300469718122167E-065
   85.250000000000000       9.63869626105458071E-066
   85.500000000000000       2.19539303131104709E-066
   85.750000000000000       4.99016158191279568E-067
   86.000000000000000       1.13197320237784814E-067
   86.250000000000000       2.56263972802175005E-068
   86.500000000000000       5.79000971867130227E-069
   86.750000000000000       1.30563450695568447E-069
   87.000000000000000       2.93849260541637918E-070
   87.250000000000000       6.60082348020800040E-071
   87.500000000000000       1.47996643357185089E-071
   87.750000000000000       3.31203836291140823E-072
   88.000000000000000       7.39840226061929837E-073
   88.250000000000000       1.64963850485475530E-073
   88.500000000000000       3.67161299886826021E-074
   88.750000000000000       8.15738814590435450E-075
   89.000000000000000       1.80917325656917496E-075
   89.250000000000000       4.00546119555629731E-076
   89.500000000000000       8.85271778981829808E-077
   89.750000000000000       1.95326276201769839E-077
   90.000000000000000       4.30241972108899659E-078
   90.250000000000000       9.46108381967852828E-079
   90.500000000000000       2.07707812980939359E-079
   90.750000000000000       4.55256641016977469E-080
   91.000000000000000       9.96228165724506393E-081
   91.250000000000000       2.17654595165690596E-081
   91.500000000000000       4.74778088128979478E-082
   91.750000000000000       1.03403319139261432E-082
   92.000000000000000       2.24856963313017788E-083
   92.250000000000000       4.88217341212571202E-084
   92.500000000000000       1.05842939953506133E-084
   92.750000000000000       2.29117966114373841E-085
   93.000000000000000       4.95235273070641066E-086
   93.250000000000000       1.06887194284469532E-086
   93.500000000000000       2.30360426753750784E-087
   93.750000000000000       4.95751989565669537E-088
   94.000000000000000       1.06537292838628961E-088
   94.250000000000000       2.28625967466573501E-089
   94.500000000000000       4.89939186822833102E-090
   94.750000000000000       1.04847345487991315E-090
   95.000000000000000       2.24066625145568850E-091
   95.250000000000000       4.78197297365670435E-092
   95.500000000000000       1.01918477003235744E-092
   95.750000000000000       2.16930273626556517E-093
   96.000000000000000       4.61120380105103297E-094
   96.250000000000000       9.78905538949400500E-095
   96.500000000000000       2.07541471390882849E-095
   96.750000000000000       4.39452435748511057E-096
   97.000000000000000       9.29323468821719472E-097
   97.250000000000000       1.96279556271659080E-097
   97.500000000000000       4.14039122546182127E-098
   97.750000000000000       8.72309864647331916E-099
   98.000000000000000       1.83555816926973467E-099
   98.250000000000000       3.85778736114533510E-100
   98.500000000000000       8.09815190824616197E-101
   98.750000000000000       1.69791411251732569E-101
   99.000000000000000       3.55575871506795460E-102
   99.250000000000000       7.43772557573971162E-103
   99.500000000000000       1.55397415930327668E-103
   99.750000000000000       3.24300501709547592E-104
   100.00000000000000       6.76014456831467856E-105
   100.25000000000000       1.40758027345288277E-105
   100.50000000000000       2.92754390057582667E-106
   100.75000000000000       6.08206267172767691E-107
   101.00000000000000       1.26217540387745528E-107
   101.25000000000000       2.61645905921982334E-108
   101.50000000000000       5.41798240743534630E-109
   101.75000000000000       1.12071351051838657E-109
   102.00000000000000       2.31573519331980994E-110
   102.25000000000000       4.77996047454287716E-111
   102.50000000000000       9.85608943010656467E-112
   102.75000000000000       2.03017574761506124E-112
   103.00000000000000       4.17748602829924422E-113
   103.25000000000000       8.58721625810544336E-114
   103.50000000000000       1.76339426284938208E-114
   103.75000000000000       3.61750912602042659E-115
   104.00000000000000       7.41372632023160778E-116
   104.25000000000000       1.51786671060973091E-116
   104.50000000000000       3.10459046934450657E-117
   104.75000000000000       6.34383652660203543E-118
   105.00000000000000       1.29503040772366367E-118
   105.25000000000000       2.64114087379553068E-119
   105.50000000000000       5.38133516126007239E-120
   105.75000000000000       1.09541481179786206E-120
   106.00000000000000       2.22771918843501448E-121
   106.25000000000000       4.52625158741726817E-122
   106.50000000000000       9.18790386960124993E-123
   106.75000000000000       1.86335998854246325E-123
   107.00000000000000       3.77557137718137006E-124
   107.25000000000000       7.64323459368129488E-125
   107.50000000000000       1.54590653399392162E-125
   107.75000000000000       3.12394754391120377E-126
   108.00000000000000       6.30727218451261975E-127
   108.25000000000000       1.27232951768119543E-127
   108.50000000000000       2.56436970813191392E-128
   108.75000000000000       5.16401460281032805E-129
   109.00000000000000       1.03901740813846220E-129
   109.25000000000000       2.08876433455553033E-130
   109.50000000000000       4.19556068134967514E-131
   109.75000000000000       8.42029234882465847E-132
   110.00000000000000       1.68850969811959453E-132
   110.25000000000000       3.38315401953343606E-133
   110.50000000000000       6.77305133350872633E-134
   110.75000000000000       1.35485833938501514E-134
   111.00000000000000       2.70802608283330650E-135
   111.25000000000000       5.40833656049696979E-136
   111.50000000000000       1.07926710875429441E-136
   111.75000000000000       2.15204309625752993E-137
   112.00000000000000       4.28777684683728631E-138
   112.25000000000000       8.53640370606386918E-139
   112.50000000000000       1.69817179067021845E-139
   112.75000000000000       3.37562756437902874E-140
   113.00000000000000       6.70495622898221469E-141
   113.25000000000000       1.33078580399454373E-141
   113.50000000000000       2.63932825304860924E-142
   113.75000000000000       5.23062890998474878E-143
   114.00000000000000       1.03583806326557097E-143
   114.25000000000000       2.04979036699936831E-144
   114.50000000000000       4.05330053967394838E-145
   114.75000000000000       8.00925404590849606E-146
   115.00000000000000       1.58147139549185224E-146
   115.25000000000000       3.12046061036212691E-147
   115.50000000000000       6.15270682334296247E-148
   115.75000000000000       1.21228834633826066E-148
   116.00000000000000       2.38693091688602632E-149
   116.25000000000000       4.69645296157656600E-150
   116.50000000000000       9.23417899214754957E-151
   116.75000000000000       1.81437369503292467E-151
   117.00000000000000       3.56251966291487877E-152
   117.25000000000000       6.99023526501550792E-153
   117.50000000000000       1.37066778533534327E-153
   117.75000000000000       2.68584154211322312E-154
   118.00000000000000       5.25942413221925221E-155
   118.25000000000000       1.02921822893380782E-155
   118.50000000000000       2.01275091591317672E-156
   118.75000000000000       3.93357729259442501E-157
   119.00000000000000       7.68249384402141381E-158
   119.25000000000000       1.49946177433292536E-158
   119.50000000000000       2.92475149848015875E-159
   119.75000000000000       5.70117896458239001E-160
   120.00000000000000       1.11061675395027004E-160
   120.25000000000000       2.16216738087912363E-161
   120.50000000000000       4.20670084202753544E-162
   120.75000000000000       8.17942621111799751E-163
   121.00000000000000       1.58940506563521512E-163
   121.25000000000000       3.08658701463534834E-164
   121.50000000000000       5.99040594071550440E-165
   121.75000000000000       1.16190168643075996E-165
   122.00000000000000       2.25226505553240772E-166
   122.25000000000000       4.36323069897701146E-167
   122.50000000000000       8.44767063175528605E-168
   122.75000000000000       1.63458470725801326E-168
   123.00000000000000       3.16097514757070560E-169
   123.25000000000000       6.10913098384248872E-170
   123.50000000000000       1.18000540959907421E-170
   123.75000000000000       2.27790837957862536E-171
   124.00000000000000       4.39478538130970749E-172
   124.25000000000000       8.47402448199071227E-173
   124.50000000000000       1.63302873712804663E-173
   124.75000000000000       3.14522299587600147E-174
   125.00000000000000       6.05430057931885986E-175
   125.25000000000000       1.16475033160363082E-175
   125.50000000000000       2.23954311673610506E-176
   125.75000000000000       4.30373097257797080E-177
   126.00000000000000       8.26592144874595048E-178
   126.25000000000000       1.58671621142455962E-178
   126.50000000000000       3.04418060666446000E-179
   126.75000000000000       5.83722016085391174E-180
   127.00000000000000       1.11868433262657315E-180
   127.25000000000000       2.14277301895355329E-181
   127.50000000000000       4.10216581517350519E-182
   127.75000000000000       7.84910189369919286E-183
   128.00000000000000       1.50105882016394108E-183
   128.25000000000000       2.86911334546904815E-184
   128.50000000000000       5.48114389156270642E-185
   128.75000000000000       1.04657280438945162E-185
   129.00000000000000       1.99730165322022926E-186
   129.25000000000000       3.80973766671970142E-187
   129.50000000000000       7.26314785799274063E-188
   129.75000000000000       1.38399429793997876E-188
   130.00000000000000       2.63587315381185226E-189
   130.25000000000000       5.01760745313666738E-190
   130.50000000000000       9.54667183190589812E-191
   130.75000000000000       1.81548055486639107E-191
   131.00000000000000       3.45077508488866137E-192
   131.25000000000000       6.55583914291778216E-193
   131.50000000000000       1.24488042181440916E-193
   131.75000000000000       2.36273936631260895E-194
   132.00000000000000       4.48222796388884268E-195
   132.25000000000000       8.49890762041575515E-196
   132.50000000000000       1.61073617753327415E-196
   132.75000000000000       3.05125804410019801E-197
   133.00000000000000       5.77733772148357776E-198
   133.25000000000000       1.09338203269737009E-198
   133.50000000000000       2.06829521075804485E-199
   133.75000000000000       3.91066472201014988E-200
   134.00000000000000       7.39072672411988706E-201
   134.25000000000000       1.39612157781054721E-201
   134.50000000000000       2.63608792355506903E-202
   134.75000000000000       4.97505762125740809E-203
   135.00000000000000       9.38510025749602325E-204
   135.25000000000000       1.76963334670156035E-204
   135.50000000000000       3.33527951876259341E-205
   135.75000000000000       6.28328454877129801E-206
   136.00000000000000       1.18317161441048516E-206
   136.25000000000000       2.22697963373476419E-207
   136.50000000000000       4.18979908129075023E-208
   136.75000000000000       7.87915327550442977E-209
   137.00000000000000       1.48107224973833668E-209
   137.25000000000000       2.78281426659912146E-210
   137.50000000000000       5.22642120710404431E-211
   137.75000000000000       9.81155235336961858E-212
   138.00000000000000       1.84113269557043732E-212
   138.25000000000000       3.45340417652969860E-213
   138.50000000000000       6.47478847009343268E-214
   138.75000000000000       1.21344615140566711E-214
   139.00000000000000       2.27317603366929991E-215
   139.25000000000000       4.25661278193168682E-216
   139.50000000000000       7.96736311483504292E-217
   139.75000000000000       1.49068311776858034E-217
   140.00000000000000       2.78789987229737516E-218
   140.25000000000000       5.21183887791655268E-219
   140.50000000000000       9.73929695626535905E-220
   140.75000000000000       1.81923118880157826E-220
   141.00000000000000       3.39682107067971279E-221
   141.25000000000000       6.33990528406411669E-222
   141.50000000000000       1.18282096012017486E-222
   141.75000000000000       2.20588167562027400E-223
   142.00000000000000       4.11219009956126261E-224
   142.25000000000000       7.66289237825058196E-225
   142.50000000000000       1.42738668058934755E-225
   142.75000000000000       2.65779032699238342E-226
   143.00000000000000       4.94687278528295375E-227
   143.25000000000000       9.20391283904023769E-228
   143.50000000000000       1.71177530479118565E-228
   143.75000000000000       3.18239650962008895E-229
   144.00000000000000       5.91419798731402387E-230
   144.25000000000000       1.09868254210494531E-230
   144.50000000000000       2.04025351914217939E-231
   144.75000000000000       3.78732297113857279E-232
   145.00000000000000       7.02777072346018932E-233
   145.25000000000000       1.30358873686737529E-233
   145.50000000000000       2.41714174047475330E-234
   145.75000000000000       4.48025637152209716E-235
   146.00000000000000       8.30125136020261946E-236
   146.25000000000000       1.53753470889644823E-236
   146.50000000000000       2.84673911615558043E-237
   146.75000000000000       5.26880943610969807E-238
   147.00000000000000       9.74810269599671860E-239
   147.25000000000000       1.80289808938656769E-239
   147.50000000000000       3.33323881079629196E-240
   147.75000000000000       6.16036629475883631E-241
   148.00000000000000       1.13813080428596239E-241
   148.25000000000000       2.10195799099696056E-242
   148.50000000000000       3.88063476102930631E-243
   148.75000000000000       7.16191297910775412E-244
   149.00000000000000       1.32130471944459485E-244
   149.25000000000000       2.43674435812332231E-245
   149.50000000000000       4.48744904560037646E-246
   149.75000000000000       7.99891280388316531E-247
   150.00000000000000        0.0000000000000000     
