   0.0000000000000000        0.0000000000000000     
  0.25000000000000000      -2.67055125580103630E-006
  0.50000000000000000      -4.26755776718388262E-006
  0.75000000000000000      -1.51369696836633775E-006
   1.0000000000000000       2.97070030027548648E-006
   1.2500000000000000       5.87705793265377592E-006
   1.5000000000000000       5.53976992914339713E-006
   1.7500000000000000       2.22493056457753839E-006
   2.0000000000000000      -2.56969785487883034E-006
   2.2500000000000000      -7.02265085095034547E-006
   2.5000000000000000      -9.68495380625828486E-006
   2.7500000000000000      -9.82947359168288060E-006
   3.0000000000000000      -7.48813630231374874E-006
   3.2500000000000000      -3.28347218563678094E-006
   3.5000000000000000       1.83037920276481085E-006
   3.7500000000000000       6.82766010440194084E-006
   4.0000000000000000       1.08165903753417950E-005
   4.2500000000000000       1.31676666526248129E-005
   4.5000000000000000       1.35652832288198119E-005
   4.7500000000000000       1.19971997548568279E-005
   5.0000000000000000       8.70197051185069566E-006
   5.2500000000000000       4.09501108370587008E-006
   5.5000000000000000      -1.31033544749245640E-006
   5.7500000000000000      -6.97477743233531747E-006
   6.0000000000000000      -1.23902331261544468E-005
   6.2500000000000000      -1.71201468511749737E-005
   6.5000000000000000      -2.08227715726053216E-005
   6.7500000000000000      -2.32595740248687609E-005
   7.0000000000000000      -2.42919926140502352E-005
   7.2500000000000000      -2.38721113517136243E-005
   7.5000000000000000      -2.20222711916356968E-005
   7.7500000000000000      -1.88220546960687805E-005
   8.0000000000000000      -1.43869492216424643E-005
   8.2500000000000000      -8.85147215909641627E-006
   8.5000000000000000      -2.35489216504944508E-006
   8.7500000000000000       4.97053001694155646E-006
   9.0000000000000000       1.30086972632834727E-005
   9.2500000000000000       2.16601734190215400E-005
   9.5000000000000000       3.08476754256539962E-005
   9.7500000000000000       4.05244430330372178E-005
   10.000000000000000       5.06549815897493628E-005
   10.250000000000000       6.12320226965778520E-005
   10.500000000000000       7.22749286215784839E-005
   10.750000000000000       8.38300468096520902E-005
   11.000000000000000       9.59753865856567852E-005
   11.250000000000000       1.08830929998238765E-004
   11.500000000000000       1.22456942381388238E-004
   11.750000000000000       1.36996819240715401E-004
   12.000000000000000       1.52612523891817347E-004
   12.250000000000000       1.69386654261526623E-004
   12.500000000000000       1.87429821136656823E-004
   12.750000000000000       2.06966061975283463E-004
   13.000000000000000       2.28249544389347162E-004
   13.250000000000000       2.51440159407874614E-004
   13.500000000000000       2.76795597305820834E-004
   13.750000000000000       3.04570933381002580E-004
   14.000000000000000       3.35004979717295321E-004
   14.250000000000000       3.68302072616412976E-004
   14.500000000000000       4.04806736502509113E-004
   14.750000000000000       4.44803366520953633E-004
   15.000000000000000       4.88672524775045358E-004
   15.250000000000000       5.36805796294745753E-004
   15.500000000000000       5.89629119299148511E-004
   15.750000000000000       6.47608557323391142E-004
   16.000000000000000       7.11248799600889344E-004
   16.250000000000000       7.81095707947038328E-004
   16.500000000000000       8.57741465289678937E-004
   16.750000000000000       9.41830138854638779E-004
   17.000000000000000       1.03406312451705400E-003
   17.250000000000000       1.13520396251306924E-003
   17.500000000000000       1.24608363870586103E-003
   17.750000000000000       1.36760790056757913E-003
   18.000000000000000       1.50076320644534824E-003
   18.250000000000000       1.64662197672969086E-003
   18.500000000000000       1.80635044985490829E-003
   18.750000000000000       1.98121421109638670E-003
   19.000000000000000       2.17258502397811755E-003
   19.250000000000000       2.38194687192675369E-003
   19.500000000000000       2.61090204343083577E-003
   19.750000000000000       2.86117684312782493E-003
   20.000000000000000       3.13462682348952110E-003
   20.250000000000000       3.43324135896332528E-003
   20.500000000000000       3.75914726835782078E-003
   20.750000000000000       4.11461117202469202E-003
   21.000000000000000       4.50204019452186879E-003
   21.250000000000000       4.92398055682266144E-003
   21.500000000000000       5.38311352057984499E-003
   21.750000000000000       5.88224806086964491E-003
   22.000000000000000       6.42430956883965985E-003
   22.250000000000000       7.01232374999369908E-003
   22.500000000000000       7.64939498848843987E-003
   22.750000000000000       8.33867789743322589E-003
   23.000000000000000       9.08334056025209002E-003
   23.250000000000000       9.88651795862306726E-003
   23.500000000000000       1.07512540893106249E-002
   23.750000000000000       1.16804320294220075E-002
   24.000000000000000       1.26767178415928654E-002
   24.250000000000000       1.37423992395360253E-002
   24.500000000000000       1.48793832699463530E-002
   24.750000000000000       1.60889771300213626E-002
   25.000000000000000       1.73717818501963397E-002
   25.250000000000000       1.87275727805910341E-002
   25.500000000000000       2.01550894747670219E-002
   25.750000000000000       2.16519311681368752E-002
   26.000000000000000       2.32143016368432688E-002
   26.250000000000000       2.48369489519458461E-002
   26.500000000000000       2.65129473938317470E-002
   26.750000000000000       2.82335919361057820E-002
   27.000000000000000       2.99884035253962893E-002
   27.250000000000000       3.17647712920036684E-002
   27.500000000000000       3.35483437429010545E-002
   27.750000000000000       3.53228947367337093E-002
   28.000000000000000       3.70703337747567141E-002
   28.250000000000000       3.87712648257710762E-002
   28.500000000000000       4.04051855385737374E-002
   28.750000000000000       4.19507811258969729E-002
   29.000000000000000       4.33865237477965432E-002
   29.250000000000000       4.46912544642557863E-002
   29.500000000000000       4.58446474210095489E-002
   29.750000000000000       4.68279286832560954E-002
   30.000000000000000       4.76245332031050850E-002
   30.250000000000000       4.82206756011913235E-002
   30.500000000000000       4.86058348467803616E-002
   30.750000000000000       4.87731408545749243E-002
   31.000000000000000       4.87196158980012298E-002
   31.250000000000000       4.84463035079156085E-002
   31.500000000000000       4.79582158840036604E-002
   31.750000000000000       4.72641392904001659E-002
   32.000000000000000       4.63763089129632516E-002
   32.250000000000000       4.53099580271468932E-002
   32.500000000000000       4.40827735201183152E-002
   32.750000000000000       4.27142927398235089E-002
   33.000000000000000       4.12252763207782633E-002
   33.250000000000000       3.96370872764402124E-002
   33.500000000000000       3.79711108781818074E-002
   33.750000000000000       3.62482276368998949E-002
   34.000000000000000       3.44883669409873847E-002
   34.250000000000000       3.27101440827243448E-002
   34.500000000000000       3.09305852783079149E-002
   34.750000000000000       2.91649393545725388E-002
   35.000000000000000       2.74265703414243688E-002
   35.250000000000000       2.57269218696530473E-002
   35.500000000000000       2.40755434017089556E-002
   35.750000000000000       2.24801660336612780E-002
   36.000000000000000       2.09468171121368722E-002
   36.250000000000000       1.94799627413744028E-002
   36.500000000000000       1.80826677417283838E-002
   36.750000000000000       1.67567640702112539E-002
   37.000000000000000       1.55030195178554580E-002
   37.250000000000000       1.43212993902605158E-002
   37.500000000000000       1.32107149306891457E-002
   37.750000000000000       1.21697537545381752E-002
   38.000000000000000       1.11963895300453697E-002
   38.250000000000000       1.02881718544594290E-002
   38.500000000000000       9.44230150789466226E-003
   38.750000000000000       8.65570221033112527E-003
   39.000000000000000       7.92510530010938873E-003
   39.250000000000000       7.24716551646953887E-003
   39.500000000000000       6.61861831135428236E-003
   39.750000000000000       6.03646159344736841E-003
   40.000000000000000       5.49820788044601272E-003
   40.250000000000000       5.10342525826608211E-003
   40.500000000000000       4.73222457637021213E-003
   40.750000000000000       4.38320339365685669E-003
   41.000000000000000       4.05524443283318201E-003
   41.250000000000000       3.74748194866013264E-003
   41.500000000000000       3.45915780181425781E-003
   41.750000000000000       3.18951425746254614E-003
   42.000000000000000       2.93773872852839610E-003
   42.250000000000000       2.70295473566333324E-003
   42.500000000000000       2.48424391379000126E-003
   42.750000000000000       2.28068174083020112E-003
   43.000000000000000       2.09137193776705961E-003
   43.250000000000000       1.91546910237332243E-003
   43.500000000000000       1.75218493525335257E-003
   43.750000000000000       1.60077985060774427E-003
   44.000000000000000       1.46054833150204228E-003
   44.250000000000000       1.33081156231083819E-003
   44.500000000000000       1.21093074018902144E-003
   44.750000000000000       1.10034244355012895E-003
   45.000000000000000       9.98588536808634776E-004
   45.250000000000000       9.05277990678143916E-004
   45.500000000000000       8.19925262347361494E-004
   45.750000000000000       7.41743330190418847E-004
   46.000000000000000       6.69726596860059035E-004
   46.250000000000000       6.03342274251255153E-004
   46.500000000000000       5.43045418985317824E-004
   46.750000000000000       4.88458524911387676E-004
   47.000000000000000       4.36678784775219007E-004
   47.250000000000000       3.90984893993646292E-004
   47.500000000000000       3.47301968009456664E-004
   47.750000000000000       3.10729360294082965E-004
   48.000000000000000       2.73153667167960626E-004
   48.250000000000000       2.40783313791245675E-004
   48.500000000000000       2.14236933516387103E-004
   48.750000000000000       1.88547829061950936E-004
   49.000000000000000       1.63236889316587772E-004
   49.250000000000000       1.42136871035600942E-004
   49.500000000000000       1.26699737130623658E-004
   49.750000000000000       1.13779144384040581E-004
   50.000000000000000       1.00077632024342500E-004
   50.250000000000000       7.80286944059528295E-005
   50.500000000000000       6.21075359718899645E-005
   50.750000000000000       5.24665590144546965E-005
   51.000000000000000       4.61419757534431568E-005
   51.250000000000000       3.99708933634108612E-005
   51.500000000000000       3.26449486149193172E-005
   51.750000000000000       2.46500169223239576E-005
   52.000000000000000       1.71454458650488095E-005
   52.250000000000000       1.10246409020663809E-005
   52.500000000000000       6.59366609110948832E-006
   52.750000000000000       3.69234283815402443E-006
   53.000000000000000       1.94806683704591079E-006
   53.250000000000000       9.73822476365404193E-007
   53.500000000000000       4.63545831275062312E-007
   53.750000000000000       2.11027959494480562E-007
   54.000000000000000       9.22325930663206106E-008
   54.250000000000000       3.88316128105833414E-008
   54.500000000000000       1.57953164407269374E-008
   54.750000000000000       6.22371159134088713E-009
   55.000000000000000       2.38099031361132001E-009
   55.250000000000000       8.86241730896855468E-010
   55.500000000000000       3.21542373506633703E-010
   55.750000000000000       1.13904044714451480E-010
   56.000000000000000       3.94555019283095165E-011
   56.250000000000000       1.33824063240931633E-011
   56.500000000000000       4.44995454908449144E-012
   56.750000000000000       1.45231383197719626E-012
   57.000000000000000       4.65688573958410369E-013
   57.250000000000000       1.46848736357267001E-013
   57.500000000000000       4.55785424650764403E-014
   57.750000000000000       1.39351811467797246E-014
   58.000000000000000       4.19997356667100504E-015
   58.250000000000000       1.24870008612290005E-015
   58.500000000000000       3.66455913840550473E-016
   58.750000000000000       1.06216562720915424E-016
   59.000000000000000       3.04233439530717346E-017
   59.250000000000000       8.61563157490455377E-018
   59.500000000000000       2.41345638790696062E-018
   59.750000000000000       6.69048118584683507E-019
   60.000000000000000       1.83620874467241335E-019
   60.250000000000000       4.99118470093178251E-020
   60.500000000000000       1.34419410439328485E-020
   60.750000000000000       3.58795953804867961E-021
   61.000000000000000       9.49515527647481342E-022
   61.250000000000000       2.49206497815424990E-022
   61.500000000000000       6.48852195583693032E-023
   61.750000000000000       1.67641228596580302E-023
   62.000000000000000       4.29910137737892414E-024
   62.250000000000000       1.09457010102310696E-024
   62.500000000000000       2.76745311729952533E-025
   62.750000000000000       6.94999346796918680E-026
   63.000000000000000       1.73399489789721893E-026
   63.250000000000000       4.29890584431793825E-027
   63.500000000000000       1.05924881365141393E-027
   63.750000000000000       2.59446196736048275E-028
   64.000000000000000       6.31802846020325993E-029
   64.250000000000000       1.52993521338763918E-029
   64.500000000000000       3.68460316842310437E-030
   64.750000000000000       8.82674570509406131E-031
   65.000000000000000       2.10361309601778843E-031
   65.250000000000000       4.98823531314975652E-032
   65.500000000000000       1.17706851029108987E-032
   65.750000000000000       2.76430416947156638E-033
   66.000000000000000       6.46178456048522827E-034
   66.250000000000000       1.50367099734582050E-034
   66.500000000000000       3.48366192406157191E-035
   66.750000000000000       8.03617202069331219E-036
   67.000000000000000       1.84602634392026330E-036
   67.250000000000000       4.22323935124570859E-037
   67.500000000000000       9.62309298659485391E-038
   67.750000000000000       2.18416457755817588E-038
   68.000000000000000       4.93851935703021955E-039
   68.250000000000000       1.11246541500213214E-039
   68.500000000000000       2.49684127067014855E-040
   68.750000000000000       5.58399525678488237E-041
   69.000000000000000       1.24446492654956069E-041
   69.250000000000000       2.76398999303904037E-042
   69.500000000000000       6.11840227010640549E-043
   69.750000000000000       1.34995056688771531E-043
   70.000000000000000       2.96896788257299843E-044
   70.250000000000000       6.50922808574705524E-045
   70.500000000000000       1.42271359000847329E-045
   70.750000000000000       3.10024658721024408E-046
   71.000000000000000       6.73583891195705309E-047
   71.250000000000000       1.45924753355226550E-047
   71.500000000000000       3.15233540404873812E-048
   71.750000000000000       6.79087387341504733E-049
   72.000000000000000       1.45892044862757785E-049
   72.250000000000000       3.12588136130093069E-050
   72.500000000000000       6.67989876417184343E-051
   72.750000000000000       1.42378604742452865E-051
   73.000000000000000       3.02703468582516570E-052
   73.250000000000000       6.41959525061055376E-053
   73.500000000000000       1.35810922097512878E-053
   73.750000000000000       2.86627087897535057E-054
   74.000000000000000       6.03494635600951785E-055
   74.250000000000000       1.26771292250093504E-055
   74.500000000000000       2.65691056182959277E-056
   74.750000000000000       5.55594837800226882E-057
   75.000000000000000       1.15926042080105206E-057
   75.250000000000000       2.41357733524662422E-058
   75.500000000000000       5.01434585041774583E-059
   75.750000000000000       1.03957364447180867E-059
   76.000000000000000       2.15079400162363595E-060
   76.250000000000000       4.44077994283201402E-061
   76.500000000000000       9.15061980501271483E-062
   76.750000000000000       1.88185513729279768E-062
   77.000000000000000       3.86259832549221464E-063
   77.250000000000000       7.91304303558464750E-064
   77.500000000000000       1.61804559534569627E-064
   77.750000000000000       3.30242951190395729E-065
   78.000000000000000       6.72796872378912985E-066
   78.250000000000000       1.36821304631555316E-066
   78.500000000000000       2.77750163215279859E-067
   78.750000000000000       5.62855561408412493E-068
   79.000000000000000       1.13865615367194020E-068
   79.250000000000000       2.29959807210203393E-069
   79.500000000000000       4.63644850289699357E-070
   79.750000000000000       9.33261480813742134E-071
   80.000000000000000       1.87549383787808233E-071
   80.250000000000000       3.76298185976687866E-072
   80.500000000000000       7.53810809055396016E-073
   80.750000000000000       1.50770269823284536E-073
   81.000000000000000       3.01093472875882612E-074
   81.250000000000000       6.00382761398421723E-075
   81.500000000000000       1.19537758625564148E-075
   81.750000000000000       2.37651531494266793E-076
   82.000000000000000       4.71783942421287942E-077
   82.250000000000000       9.35235454726086016E-078
   82.500000000000000       1.85132263520013951E-078
   82.750000000000000       3.65960749425910309E-079
   83.000000000000000       7.22413581264397276E-080
   83.250000000000000       1.42411114413502743E-080
   83.500000000000000       2.80359901355050472E-081
   83.750000000000000       5.51200036030571379E-082
   84.000000000000000       1.08225861816462535E-082
   84.250000000000000       2.12221000423399885E-083
   84.500000000000000       4.15611951731306176E-084
   84.750000000000000       8.12899411848245006E-085
   85.000000000000000       1.58796643199791706E-085
   85.250000000000000       3.09818997320789905E-086
   85.500000000000000       6.03730835224152840E-087
   85.750000000000000       1.17504232176200127E-087
   86.000000000000000       2.28425525177921304E-088
   86.250000000000000       4.43529742746279634E-089
   86.500000000000000       8.60188772826766935E-090
   86.750000000000000       1.66633954086837532E-090
   87.000000000000000       3.22431629426467249E-091
   87.250000000000000       6.23191873354437438E-092
   87.500000000000000       1.20315457665101114E-092
   87.750000000000000       2.32028844058125777E-093
   88.000000000000000       4.46980661370071983E-094
   88.250000000000000       8.60135578584138408E-095
   88.500000000000000       1.65341408850363238E-095
   88.750000000000000       3.17495762192902095E-096
   89.000000000000000       6.09032904285794423E-097
   89.250000000000000       1.16706479772470204E-097
   89.500000000000000       2.23411411338878230E-098
   89.750000000000000       4.27244622662833431E-099
   90.000000000000000       8.16231501245224606E-100
   90.250000000000000       1.55783026447390106E-100
   90.500000000000000       2.97030763186437397E-101
   90.750000000000000       5.65798291841171783E-102
   91.000000000000000       1.07672566465484156E-102
   91.250000000000000       2.04708551593458794E-103
   91.500000000000000       3.88828939141026469E-104
   91.750000000000000       7.37865100664489599E-105
   92.000000000000000       1.39892749970856739E-105
   92.250000000000000       2.64982555370452704E-106
   92.500000000000000       5.01472504970372154E-107
   92.750000000000000       9.48175218394929402E-108
   93.000000000000000       1.79120590363677655E-108
   93.250000000000000       3.38081656720838453E-109
   93.500000000000000       6.37559288719287111E-110
   93.750000000000000       1.20128499767345907E-110
   94.000000000000000       2.26152614733266765E-111
   94.250000000000000       4.25393432582742674E-112
   94.500000000000000       7.99497345676807574E-113
   94.750000000000000       1.50135629172012447E-113
   95.000000000000000       2.81704882855645900E-114
   95.250000000000000       5.28143772940589812E-115
   95.500000000000000       9.89373796695809831E-116
   95.750000000000000       1.85192040655852715E-116
   96.000000000000000       3.46370644616210140E-117
   96.250000000000000       6.47321175789546326E-118
   96.500000000000000       1.20881992561422991E-118
   96.750000000000000       2.25563853053222397E-119
   97.000000000000000       4.20577944059741596E-120
   97.250000000000000       7.83601991548887573E-121
   97.500000000000000       1.45887985959292639E-121
   97.750000000000000       2.71407195662746917E-122
   98.000000000000000       5.04549580020312070E-123
   98.250000000000000       9.37280959279367273E-124
   98.500000000000000       1.73989062222887226E-124
   98.750000000000000       3.22747601082436268E-125
   99.000000000000000       5.98267897399717953E-126
   99.250000000000000       1.10821141455048309E-126
   99.500000000000000       2.05138127790009294E-127
   99.750000000000000       3.79463122499072759E-128
   100.00000000000000       7.01446772322827048E-129
   100.25000000000000       1.29575927324362083E-129
   100.50000000000000       2.39199825730206702E-130
   100.75000000000000       4.41272393213977520E-131
   101.00000000000000       8.13512870011862123E-132
   101.25000000000000       1.49877431627023552E-132
   101.50000000000000       2.75946279709042680E-133
   101.75000000000000       5.07728618701301750E-134
   102.00000000000000       9.33597812730319327E-135
   102.25000000000000       1.71558145271925369E-135
   102.50000000000000       3.15056481515434738E-136
   102.75000000000000       5.78220187649423083E-137
   103.00000000000000       1.06054232647596835E-137
   103.25000000000000       1.94399358182031407E-138
   103.50000000000000       3.56119559009651498E-139
   103.75000000000000       6.51978229726628806E-140
   104.00000000000000       1.19291277980827636E-140
   104.25000000000000       2.18134648316076354E-141
   104.50000000000000       3.98641945967847869E-142
   104.75000000000000       7.28091060146905588E-143
   105.00000000000000       1.32902983366482773E-143
   105.25000000000000       2.42455492594470826E-144
   105.50000000000000       4.42058255387645215E-145
   105.75000000000000       8.05525062430979512E-146
   106.00000000000000       1.46700823715344710E-146
   106.25000000000000       2.67018799035752174E-147
   106.50000000000000       4.85745449033101062E-148
   106.75000000000000       8.83151198563899190E-149
   107.00000000000000       1.60480617915082455E-149
   107.25000000000000       2.91456052077412514E-150
   107.50000000000000       5.29039712754405688E-151
   107.75000000000000       9.59776024795803083E-152
   108.00000000000000       1.74028208131779828E-152
   108.25000000000000       3.15383675315893889E-153
   108.50000000000000       5.71255301447909341E-154
   108.75000000000000       1.03417585168438369E-154
   109.00000000000000       1.87125632802765269E-155
   109.25000000000000       3.38414153181987032E-156
   109.50000000000000       6.11704518198716424E-157
   109.75000000000000       1.10513253261763801E-157
   110.00000000000000       1.99557519459420812E-158
   110.25000000000000       3.60167418724213916E-159
   110.50000000000000       6.49717944160902104E-160
   110.75000000000000       1.17146930310476840E-160
   111.00000000000000       2.11117416661417925E-161
   111.25000000000000       3.80282009843265111E-162
   111.50000000000000       6.84664040123093754E-163
   111.75000000000000       1.23208512371179288E-163
   112.00000000000000       2.21613793741892015E-164
   112.25000000000000       3.98425519985907647E-165
   112.50000000000000       7.15967294761169060E-166
   112.75000000000000       1.28598609625528348E-166
   113.00000000000000       2.30875461353934552E-167
   113.25000000000000       4.14303918521481119E-168
   113.50000000000000       7.43124192295994210E-169
   113.75000000000000       1.33231271381022744E-169
   114.00000000000000       2.38756202637114355E-170
   114.25000000000000       4.27669386286920500E-171
   114.50000000000000       7.65716405080293953E-172
   114.75000000000000       1.37036195407805579E-172
   115.00000000000000       2.45138451169863156E-173
   115.25000000000000       4.38326397502150665E-174
   115.50000000000000       7.83420774238165221E-175
   115.75000000000000       1.39960351387149021E-175
   116.00000000000000       2.49935904317626961E-176
   116.25000000000000       4.46135874241981568E-177
   116.50000000000000       7.96015812753787951E-178
   116.75000000000000       1.41968979001168571E-178
   117.00000000000000       2.53095015586173791E-179
   117.25000000000000       4.51017337627597786E-180
   117.50000000000000       8.03384639282457741E-181
   117.75000000000000       1.43045951936080417E-181
   118.00000000000000       2.54595363746036075E-182
   118.25000000000000       4.52949074956162371E-183
   118.50000000000000       8.05514417191219923E-184
   118.75000000000000       1.43193528036148575E-184
   119.00000000000000       2.54448946775544941E-185
   119.25000000000000       4.51966428942867979E-186
   119.50000000000000       8.02492523131372180E-187
   119.75000000000000       1.42431531546152854E-187
   120.00000000000000       2.52698492580103027E-188
   120.25000000000000       4.48158389940189021E-189
   120.50000000000000       7.94499795897510183E-190
   120.75000000000000       1.40796034681619834E-190
   121.00000000000000       2.49414914134159186E-191
   121.25000000000000       4.41662731439240568E-192
   121.50000000000000       7.81801314678932338E-193
   121.75000000000000       1.38337621920360017E-193
   122.00000000000000       2.44694063005271410E-194
   122.25000000000000       4.32659971605952987E-195
   122.50000000000000       7.64735223510231977E-196
   122.75000000000000       1.35119331059260286E-196
   123.00000000000000       2.38652951691002918E-197
   123.25000000000000       4.21366468526136097E-198
   123.50000000000000       7.43700155338815866E-199
   123.75000000000000       1.31214370236567481E-199
   124.00000000000000       2.31425621997819163E-200
   124.25000000000000       4.08026964786993359E-201
   124.50000000000000       7.19141816081546758E-202
   124.75000000000000       1.26703710111581812E-202
   125.00000000000000       2.23158834528224059E-203
   125.25000000000000       3.92906889484033799E-204
   125.50000000000000       6.91539269315177209E-205
   125.75000000000000       1.21673645807585154E-205
   126.00000000000000       2.14007744356625440E-206
   126.25000000000000       3.76284704890785409E-207
   126.50000000000000       6.61391419959980684E-208
   126.75000000000000       1.16213414833054067E-208
   127.00000000000000       2.04131711602998721E-209
   127.25000000000000       3.58444553516339931E-210
   127.50000000000000       6.29204135335144899E-211
   127.75000000000000       1.10412945886866948E-211
   128.00000000000000       1.93690374462528532E-212
   128.25000000000000       3.39669421999397974E-213
   128.50000000000000       5.95478369488208727E-214
   128.75000000000000       1.04360800154674664E-214
   129.00000000000000       1.82840087973032157E-215
   129.25000000000000       3.20234994178926242E-216
   129.50000000000000       5.60699576905770852E-217
   129.75000000000000       9.81423523264760803E-218
   130.00000000000000       1.71730805996058989E-218
   130.25000000000000       3.00404319527745223E-219
   130.50000000000000       5.25328619448201575E-220
   130.75000000000000       9.18382439504833057E-221
   131.00000000000000       1.60503458004542037E-221
   131.25000000000000       2.80423377436281769E-222
   131.50000000000000       4.89794289904122379E-223
   131.75000000000000       8.55231276179263912E-224
   132.00000000000000       1.49287847555910408E-224
   132.25000000000000       2.60517574701111400E-225
   132.50000000000000       4.54487500494227819E-226
   132.75000000000000       7.92647074460203112E-227
   133.00000000000000       1.38201076784988644E-227
   133.25000000000000       2.40889174669983123E-228
   133.50000000000000       4.19757117718078847E-229
   133.75000000000000       7.31230698435560661E-230
   134.00000000000000       1.27346481612513173E-230
   134.25000000000000       2.21715623013813365E-231
   134.50000000000000       3.85907368042903946E-232
   134.75000000000000       6.71502889085608993E-233
   135.00000000000000       1.16813046107123796E-233
   135.25000000000000       2.03148707767505819E-234
   135.50000000000000       3.53196693183269797E-235
   135.75000000000000       6.13902831822336573E-236
   136.00000000000000       1.06675251790339713E-236
   136.25000000000000       1.85314470411043341E-237
   136.50000000000000       3.21837899483469820E-238
   136.75000000000000       5.58788949035555063E-239
   137.00000000000000       9.69933086477148050E-240
   137.25000000000000       1.68313770285554060E-240
   137.50000000000000       2.91999422929282510E-241
   137.75000000000000       5.06441593034455211E-242
   138.00000000000000       8.78137090371328653E-243
   138.25000000000000       1.52223396188167330E-243
   138.50000000000000       2.63807518813464964E-244
   138.75000000000000       4.57067296903677860E-245
   139.00000000000000       7.91700432590060908E-246
   139.25000000000000       1.37097615965845448E-246
   139.50000000000000       2.37349181913216233E-247
   139.75000000000000       4.10804238937652689E-248
   140.00000000000000       7.10840158658506430E-249
   140.25000000000000       1.22970056575017536E-249
   140.50000000000000       2.12675607810623724E-250
   140.75000000000000       3.67728587913580314E-251
   141.00000000000000       6.35666043731183445E-252
   141.25000000000000       1.09855812543293134E-252
   141.50000000000000       1.89806017168929034E-253
   141.75000000000000       3.27861418762227012E-254
   142.00000000000000       5.66193063970398699E-255
   142.25000000000000       9.77536891840293283E-256
   142.50000000000000       1.68731680808642116E-256
   142.75000000000000       2.91175918434810947E-257
   143.00000000000000       5.02354269011010018E-258
   143.25000000000000       8.66484974163370353E-259
   143.50000000000000       1.49420002803458992E-259
   143.75000000000000       2.57604637311988463E-260
   144.00000000000000       4.44013637216532815E-261
   144.25000000000000       7.65133288340233416E-262
   144.50000000000000       1.31818540152278939E-262
   144.75000000000000       2.27046579963135449E-263
   145.00000000000000       3.90978564521309531E-264
   145.25000000000000       6.73117520367750254E-265
   145.50000000000000       1.15858859662273081E-265
   145.75000000000000       1.99373968357485013E-266
   146.00000000000000       3.43011707391346079E-267
   146.25000000000000       5.89998835815228047E-268
   146.50000000000000       1.01460154474949034E-268
   146.75000000000000       1.74438549022914752E-269
   147.00000000000000       2.99841967908262655E-270
   147.25000000000000       5.15282987422639975E-271
   147.50000000000000       8.85325633645504368E-272
   147.75000000000000       1.52077351780813229E-272
   148.00000000000000       2.61174471926470349E-273
   148.25000000000000       4.48437582086315944E-274
   148.50000000000000       7.69801548731756160E-275
   148.75000000000000       1.32117837659175338E-275
   149.00000000000000       2.26699278988660111E-276
   149.25000000000000       3.88897497298431106E-277
   149.50000000000000       6.66459533803603715E-278
   149.75000000000000       1.11021150932654545E-278
   150.00000000000000        0.0000000000000000     
