   0.0000000000000000        0.0000000000000000     
  0.25000000000000000       2.63557250908806890E-006
  0.50000000000000000       2.93842527117585800E-007
  0.75000000000000000      -2.64152308025053404E-006
   1.0000000000000000      -2.30761601158902152E-006
   1.2500000000000000       1.03121815749204046E-006
   1.5000000000000000       4.73802229643653938E-006
   1.7500000000000000       6.38271643131752374E-006
   2.0000000000000000       5.15508518081278319E-006
   2.2500000000000000       1.89588296227077733E-006
   2.5000000000000000      -1.68474223007895303E-006
   2.7500000000000000      -3.93877090710717583E-006
   3.0000000000000000      -3.92761850237604693E-006
   3.2500000000000000      -1.63718990051992255E-006
   3.5000000000000000       2.17695310568685151E-006
   3.7500000000000000       6.35269607959762075E-006
   4.0000000000000000       9.72323532613499753E-006
   4.2500000000000000       1.14334786844858556E-005
   4.5000000000000000       1.11100147945735171E-005
   4.7500000000000000       8.88014240989996648E-006
   5.0000000000000000       5.27335678998852138E-006
   5.2500000000000000       1.05588888093677188E-006
   5.5000000000000000      -2.95125664465198400E-006
   5.7500000000000000      -6.03149003875454653E-006
   6.0000000000000000      -7.68386428047009931E-006
   6.2500000000000000      -7.67767691720549210E-006
   6.5000000000000000      -6.05408797695137532E-006
   6.7500000000000000      -3.08623074988431196E-006
   7.0000000000000000       7.86980031344455189E-007
   7.2500000000000000       5.03868230770835419E-006
   7.5000000000000000       9.13210066950894989E-006
   7.7500000000000000       1.25839311481352286E-005
   8.0000000000000000       1.50109273484070987E-005
   8.2500000000000000       1.61594904499951566E-005
   8.5000000000000000       1.59158196720550151E-005
   8.7500000000000000       1.42988336041613078E-005
   9.0000000000000000       1.14392611191944195E-005
   9.2500000000000000       7.55099574589947903E-006
   9.5000000000000000       2.90583318113790434E-006
   9.7500000000000000      -2.18614725463851060E-006
   10.000000000000000      -7.41501434744542647E-006
   10.250000000000000      -1.24892021636303968E-005
   10.500000000000000      -1.71401286265429277E-005
   10.750000000000000      -2.11288293197209167E-005
   11.000000000000000      -2.42605530888876113E-005
   11.250000000000000      -2.64163654035867211E-005
   11.500000000000000      -2.75690590178857490E-005
   11.750000000000000      -2.76940876254593646E-005
   12.000000000000000      -2.67217610578591288E-005
   12.250000000000000      -2.46876900759980323E-005
   12.500000000000000      -2.17395079901719032E-005
   12.750000000000000      -1.78759724378181096E-005
   13.000000000000000      -1.31695895912290683E-005
   13.250000000000000      -7.80259280743699818E-006
   13.500000000000000      -1.76779358932992418E-006
   13.750000000000000       4.89897476187887149E-006
   14.000000000000000       1.21759003022461361E-005
   14.250000000000000       1.99830324828797367E-005
   14.500000000000000       2.82805014430877331E-005
   14.750000000000000       3.70065325427863085E-005
   15.000000000000000       4.61831918131594600E-005
   15.250000000000000       5.58470709138097389E-005
   15.500000000000000       6.60414129533904093E-005
   15.750000000000000       7.68293764991692088E-005
   16.000000000000000       8.82884950282925197E-005
   16.250000000000000       1.00504489894456475E-004
   16.500000000000000       1.13569743737680813E-004
   16.750000000000000       1.27584881268415641E-004
   17.000000000000000       1.42660439179517670E-004
   17.250000000000000       1.58918606114157100E-004
   17.500000000000000       1.76494523081376792E-004
   17.750000000000000       1.95538159745143502E-004
   18.000000000000000       2.16216297400451303E-004
   18.250000000000000       2.38712816733346780E-004
   18.500000000000000       2.63230177544553317E-004
   18.750000000000000       2.89990312489631996E-004
   19.000000000000000       3.19235881425201234E-004
   19.250000000000000       3.51231448769285973E-004
   19.500000000000000       3.86264951776834958E-004
   19.750000000000000       4.24649427039549643E-004
   20.000000000000000       4.66725047729643779E-004
   20.250000000000000       5.12861511646017093E-004
   20.500000000000000       5.63460782622260620E-004
   20.750000000000000       6.18960175303465642E-004
   21.000000000000000       6.79835787046704446E-004
   21.250000000000000       7.46606278043306397E-004
   21.500000000000000       8.19836992781865074E-004
   21.750000000000000       9.00144424209184456E-004
   22.000000000000000       9.88201033633951927E-004
   22.250000000000000       1.08474042424050042E-003
   22.500000000000000       1.19056269426853658E-003
   22.750000000000000       1.30653955773865019E-003
   23.000000000000000       1.43361917214870210E-003
   23.250000000000000       1.57283143258275674E-003
   23.500000000000000       1.72529534956288966E-003
   23.750000000000000       1.89223311961251206E-003
   24.000000000000000       2.07496010417441024E-003
   24.250000000000000       2.27490541360843681E-003
   24.500000000000000       2.49361359257082140E-003
   24.750000000000000       2.73274039238546830E-003
   25.000000000000000       2.99407772071093314E-003
   25.250000000000000       3.27952640941805680E-003
   25.500000000000000       3.59114167254094216E-003
   25.750000000000000       3.93110124499725013E-003
   26.000000000000000       4.30172696488820630E-003
   26.250000000000000       4.70548261359420537E-003
   26.500000000000000       5.14499725078942146E-003
   26.750000000000000       5.62307552515891717E-003
   27.000000000000000       6.14251631559030713E-003
   27.250000000000000       6.70628372127670021E-003
   27.500000000000000       7.31749490387558800E-003
   27.750000000000000       7.97931532926339157E-003
   28.000000000000000       8.69492485183471532E-003
   28.250000000000000       9.46746983704562471E-003
   28.500000000000000       1.03001139483186611E-002
   28.750000000000000       1.11958624061964385E-002
   29.000000000000000       1.21574553972634992E-002
   29.250000000000000       1.31874282336618808E-002
   29.500000000000000       1.42879495467817894E-002
   29.750000000000000       1.54606221572426497E-002
   30.000000000000000       1.67063625783781602E-002
   30.250000000000000       1.80252961269540928E-002
   30.500000000000000       1.94166254103864747E-002
   30.750000000000000       2.08784684788155470E-002
   31.000000000000000       2.24076742530086304E-002
   31.250000000000000       2.39996519944340701E-002
   31.500000000000000       2.56482182215013246E-002
   31.750000000000000       2.73454499151282032E-002
   32.000000000000000       2.90815730047665963E-002
   32.250000000000000       3.08448994523760345E-002
   32.500000000000000       3.26218164745290598E-002
   32.750000000000000       3.43968346593727312E-002
   33.000000000000000       3.61527047042651192E-002
   33.250000000000000       3.78706101230404310E-002
   33.500000000000000       3.95304493533766219E-002
   33.750000000000000       4.11112009205482354E-002
   34.000000000000000       4.25913706470846323E-002
   34.250000000000000       4.39495134594709846E-002
   34.500000000000000       4.51648123710906499E-002
   34.750000000000000       4.62176913435840206E-002
   35.000000000000000       4.70904341929566858E-002
   35.250000000000000       4.77677784672389735E-002
   35.500000000000000       4.82374525267815282E-002
   35.750000000000000       4.84906246817801007E-002
   36.000000000000000       4.85222365408446155E-002
   36.250000000000000       4.83311998118648792E-002
   36.500000000000000       4.79204426917082676E-002
   36.750000000000000       4.72968004048215304E-002
   37.000000000000000       4.64707535790469389E-002
   37.250000000000000       4.54560273109949550E-002
   37.500000000000000       4.42690728304702200E-002
   37.750000000000000       4.29284630176821891E-002
   38.000000000000000       4.14542412406210606E-002
   38.250000000000000       3.98672708451894911E-002
   38.500000000000000       3.81886351765312951E-002
   38.750000000000000       3.64391312981497753E-002
   39.000000000000000       3.46388782414461527E-002
   39.250000000000000       3.28070182040686026E-002
   39.500000000000000       3.09614309566132104E-002
   39.750000000000000       2.91183261927997344E-002
   40.000000000000000       2.72929541997453153E-002
   40.250000000000000       2.60064463199483585E-002
   40.500000000000000       2.47123047694423822E-002
   40.750000000000000       2.34209065593456306E-002
   41.000000000000000       2.21400520369919897E-002
   41.250000000000000       2.08766100356928483E-002
   41.500000000000000       1.96367578653445368E-002
   41.750000000000000       1.84260396758000045E-002
   42.000000000000000       1.72493292255054761E-002
   42.250000000000000       1.61107692998327216E-002
   42.500000000000000       1.50137331626224429E-002
   42.750000000000000       1.39608256100835319E-002
   43.000000000000000       1.29539219627331729E-002
   43.250000000000000       1.19942362531855664E-002
   43.500000000000000       1.10824126363517159E-002
   43.750000000000000       1.02186384608547089E-002
   44.000000000000000       9.40277132707031428E-003
   44.250000000000000       8.63444776152139104E-003
   44.500000000000000       7.91311063492685859E-003
   44.750000000000000       7.23790485932873477E-003
   45.000000000000000       6.60750773653716317E-003
   45.250000000000000       6.02014518426457340E-003
   45.500000000000000       5.47401618183629944E-003
   45.750000000000000       4.96774775446990041E-003
   46.000000000000000       4.49985690850931552E-003
   46.250000000000000       4.06757163145897091E-003
   46.500000000000000       3.66832402825423547E-003
   46.750000000000000       3.30230048653110814E-003
   47.000000000000000       2.96589804106837246E-003
   47.250000000000000       2.65741954222916982E-003
   47.500000000000000       2.37644947367009326E-003
   47.750000000000000       2.12130107308600591E-003
   48.000000000000000       1.88691370523459798E-003
   48.250000000000000       1.67820061551774910E-003
   48.500000000000000       1.48967027503648600E-003
   48.750000000000000       1.31732043504425374E-003
   49.000000000000000       1.16431828016123960E-003
   49.250000000000000       1.03053440617615201E-003
   49.500000000000000       9.10479013283699290E-004
   49.750000000000000       8.02460333846025326E-004
   50.000000000000000       7.11133040644946904E-004
   50.250000000000000       5.74879699950333299E-004
   50.500000000000000       4.63028776360720055E-004
   50.750000000000000       3.69318026267965928E-004
   51.000000000000000       2.94089242252318069E-004
   51.250000000000000       2.36814952330567093E-004
   51.500000000000000       1.92434125101098867E-004
   51.750000000000000       1.55200335509125316E-004
   52.000000000000000       1.22949969976592066E-004
   52.250000000000000       9.67245606826199383E-005
   52.500000000000000       7.76056530994531668E-005
   52.750000000000000       6.46871182882286579E-005
   53.000000000000000       5.54902836434805215E-005
   53.250000000000000       4.75363223186629099E-005
   53.500000000000000       3.94686638113768743E-005
   53.750000000000000       3.11676218034985915E-005
   54.000000000000000       2.32153312735629573E-005
   54.250000000000000       1.62835637685864950E-005
   54.500000000000000       1.07743924095180441E-005
   54.750000000000000       6.74707291393695190E-006
   55.000000000000000       4.01363680364543972E-006
   55.250000000000000       2.27658290524917515E-006
   55.500000000000000       1.23561920784308639E-006
   55.750000000000000       6.43800010228218857E-007
   56.000000000000000       3.22969399888846547E-007
   56.250000000000000       1.56411904247445568E-007
   56.500000000000000       7.33019714630504701E-008
   56.750000000000000       3.33146725407006353E-008
   57.000000000000000       1.47121073027210743E-008
   57.250000000000000       6.32409658219246183E-009
   57.500000000000000       2.65033127414153777E-009
   57.750000000000000       1.08445360517185933E-009
   58.000000000000000       4.33817059627686927E-010
   58.250000000000000       1.69868838304274555E-010
   58.500000000000000       6.51801359465259940E-011
   58.750000000000000       2.45332703252360582E-011
   59.000000000000000       9.06658530787472607E-012
   59.250000000000000       3.29274869040244079E-012
   59.500000000000000       1.17611666750251585E-012
   59.750000000000000       4.13470460266369017E-013
   60.000000000000000       1.43167141683241481E-013
   60.250000000000000       4.88572370009988541E-014
   60.500000000000000       1.64423654081367790E-014
   60.750000000000000       5.46003759728135409E-015
   61.000000000000000       1.79000169667440183E-015
   61.250000000000000       5.79634200616786328E-016
   61.500000000000000       1.85481470119251600E-016
   61.750000000000000       5.86792074806931285E-017
   62.000000000000000       1.83605338373479923E-017
   62.250000000000000       5.68425704629157440E-018
   62.500000000000000       1.74184709783794763E-018
   62.750000000000000       5.28501390553250096E-019
   63.000000000000000       1.58827544606979406E-019
   63.250000000000000       4.72917513945101658E-020
   63.500000000000000       1.39557828073189540E-020
   63.750000000000000       4.08277162979083264E-021
   64.000000000000000       1.18441763281946680E-021
   64.250000000000000       3.40811853881276913E-022
   64.500000000000000       9.72949849581344513E-023
   64.750000000000000       2.75634198551508263E-023
   65.000000000000000       7.75066461399837081E-024
   65.250000000000000       2.16371453697434525E-024
   65.500000000000000       5.99796674153994410E-025
   65.750000000000000       1.65133535721653680E-025
   66.000000000000000       4.51620969448588039E-026
   66.250000000000000       1.22714976141266023E-026
   66.500000000000000       3.31344325986823762E-027
   66.750000000000000       8.89182360046876818E-028
   67.000000000000000       2.37191672932475277E-028
   67.250000000000000       6.29028909198076732E-029
   67.500000000000000       1.65869696902841338E-029
   67.750000000000000       4.34959744377021960E-030
   68.000000000000000       1.13442200163566937E-030
   68.250000000000000       2.94306325634964123E-031
   68.500000000000000       7.59587278534066447E-032
   68.750000000000000       1.95056616259991008E-032
   69.000000000000000       4.98423519775202826E-033
   69.250000000000000       1.26747485786195180E-033
   69.500000000000000       3.20796497397912769E-034
   69.750000000000000       8.08191292263529756E-035
   70.000000000000000       2.02691861615817570E-035
   70.250000000000000       5.06101819958611967E-036
   70.500000000000000       1.25822810148739351E-036
   70.750000000000000       3.11486962284309472E-037
   71.000000000000000       7.67922196284668134E-038
   71.250000000000000       1.88550656130632007E-038
   71.500000000000000       4.61113476992085587E-039
   71.750000000000000       1.12328735223406425E-039
   72.000000000000000       2.72590355704852727E-040
   72.250000000000000       6.59020498856073807E-041
   72.500000000000000       1.58740394859557608E-041
   72.750000000000000       3.80983722218390606E-042
   73.000000000000000       9.11140289527050588E-043
   73.250000000000000       2.17146341704818042E-043
   73.500000000000000       5.15746105829744195E-044
   73.750000000000000       1.22085057671325726E-044
   74.000000000000000       2.88043683714517177E-045
   74.250000000000000       6.77405821747234537E-046
   74.500000000000000       1.58803088559527785E-046
   74.750000000000000       3.71118377618726980E-047
   75.000000000000000       8.64635098068669027E-048
   75.250000000000000       2.00836617944927280E-048
   75.500000000000000       4.65119686634614404E-049
   75.750000000000000       1.07403859177343507E-049
   76.000000000000000       2.47303000215381573E-050
   76.250000000000000       5.67823893938586356E-051
   76.500000000000000       1.30014754686478245E-051
   76.750000000000000       2.96883271799530877E-052
   77.000000000000000       6.76101412411039423E-053
   77.250000000000000       1.53564006257001126E-053
   77.500000000000000       3.47885627546821093E-054
   77.750000000000000       7.86086879966965274E-055
   78.000000000000000       1.77177567293928782E-055
   78.250000000000000       3.98352686553712603E-056
   78.500000000000000       8.93436930116927366E-057
   78.750000000000000       1.99900140782234513E-057
   79.000000000000000       4.46201363082195000E-058
   79.250000000000000       9.93647759861612465E-059
   79.500000000000000       2.20766221148486022E-059
   79.750000000000000       4.89379620076915362E-060
   80.000000000000000       1.08239651016862392E-060
   80.250000000000000       2.38873501200116439E-061
   80.500000000000000       5.26022334889722913E-062
   80.750000000000000       1.15586800330775018E-062
   81.000000000000000       2.53450460714782194E-063
   81.250000000000000       5.54589152201220434E-064
   81.500000000000000       1.21103161325389341E-064
   81.750000000000000       2.63911023146398114E-065
   82.000000000000000       5.73970244591817763E-066
   82.250000000000000       1.24584103598562705E-066
   82.500000000000000       2.69891155859879714E-067
   82.750000000000000       5.83550667118416086E-068
   83.000000000000000       1.25934081305771471E-068
   83.250000000000000       2.71264805965263301E-069
   83.500000000000000       5.83229585554255829E-070
   83.750000000000000       1.25167565887203974E-070
   84.000000000000000       2.68139176908692332E-071
   84.250000000000000       5.73396161748261672E-072
   84.500000000000000       1.22401004043561477E-072
   84.750000000000000       2.60831671181039443E-073
   85.000000000000000       5.54868517128882539E-074
   85.250000000000000       1.17837454482752980E-074
   85.500000000000000       2.49832564905551517E-075
   85.750000000000000       5.28805440221736878E-076
   86.000000000000000       1.11746141789187267E-076
   86.250000000000000       2.35758487118089358E-077
   86.500000000000000       4.96602124688199104E-078
   86.750000000000000       1.04439397898676368E-078
   87.000000000000000       2.19302031463854845E-079
   87.250000000000000       4.59781268395808102E-080
   87.500000000000000       9.62493688196763731E-081
   87.750000000000000       2.01182424420618933E-081
   88.000000000000000       4.19889597109408631E-082
   88.250000000000000       8.75065153931899592E-083
   88.500000000000000       1.82101281240168882E-083
   88.750000000000000       3.78407697511145074E-084
   89.000000000000000       7.85214232529031794E-085
   89.250000000000000       1.62706302002968025E-085
   89.500000000000000       3.36678397422268347E-086
   89.750000000000000       6.95708538059200004E-087
   90.000000000000000       1.43564495503011489E-087
   90.250000000000000       2.95856229966454763E-088
   90.500000000000000       6.08883991415487655E-089
   90.750000000000000       1.25145336372163298E-089
   91.000000000000000       2.56878093461804911E-090
   91.250000000000000       5.26596129492161662E-091
   91.500000000000000       1.07813280858216497E-091
   91.750000000000000       2.20453290216575208E-092
   92.000000000000000       4.50211159007271704E-093
   92.250000000000000       9.18283555159149728E-094
   92.500000000000000       1.87069801289990480E-094
   92.750000000000000       3.80629327404292290E-095
   93.000000000000000       7.73531080166122891E-096
   93.250000000000000       1.57012936936764678E-096
   93.500000000000000       3.18332048270734478E-097
   93.750000000000000       6.44640485668344545E-098
   94.000000000000000       1.30392325109167837E-098
   94.250000000000000       2.63444172494163666E-099
   94.500000000000000       5.31657663190446956E-100
   94.750000000000000       1.07173447971030066E-100
   95.000000000000000       2.15803571222507238E-101
   95.250000000000000       4.34061170573570892E-102
   95.500000000000000       8.72104747131077148E-103
   95.750000000000000       1.75031501086079702E-103
   96.000000000000000       3.50911840424882207E-104
   96.250000000000000       7.02778368621674855E-105
   96.500000000000000       1.40598783657198960E-105
   96.750000000000000       2.80990573797197409E-106
   97.000000000000000       5.60987368243470057E-107
   97.250000000000000       1.11884424296263778E-107
   97.500000000000000       2.22918142079203233E-108
   97.750000000000000       4.43694852972753343E-109
   98.000000000000000       8.82247552478163002E-110
   98.250000000000000       1.75253813403071656E-110
   98.500000000000000       3.47791711499408687E-111
   98.750000000000000       6.89524109524826408E-112
   99.000000000000000       1.36572056884880714E-112
   99.250000000000000       2.70246481337300169E-113
   99.500000000000000       5.34253821199757666E-114
   99.750000000000000       1.05518389966654719E-114
   100.00000000000000       2.08211683254730958E-115
   100.25000000000000       4.10470450291514187E-116
   100.50000000000000       8.08466372749569119E-117
   100.75000000000000       1.59092107469421797E-117
   101.00000000000000       3.12784502617932913E-118
   101.25000000000000       6.14405365882519848E-119
   101.50000000000000       1.20581636247006698E-119
   101.75000000000000       2.36443251418002972E-120
   102.00000000000000       4.63228622011099831E-121
   102.25000000000000       9.06754367915368877E-122
   102.50000000000000       1.77342484749209340E-122
   102.75000000000000       3.46551513116364020E-123
   103.00000000000000       6.76639993824656808E-124
   103.25000000000000       1.32003461846790737E-124
   103.50000000000000       2.57308226720153868E-125
   103.75000000000000       5.01147514720721687E-126
   104.00000000000000       9.75267780274755871E-127
   104.25000000000000       1.89640613709028320E-127
   104.50000000000000       3.68460354022832220E-128
   104.75000000000000       7.15327364967644082E-129
   105.00000000000000       1.38763825829206474E-129
   105.25000000000000       2.68972388432753357E-130
   105.50000000000000       5.20956866473854589E-131
   105.75000000000000       1.00823335070542645E-131
   106.00000000000000       1.94979134284830727E-132
   106.25000000000000       3.76777996664276899E-133
   106.50000000000000       7.27538102741399625E-134
   106.75000000000000       1.40378707354499659E-134
   107.00000000000000       2.70660238473039441E-135
   107.25000000000000       5.21468185765591563E-136
   107.50000000000000       1.00395372246551030E-136
   107.75000000000000       1.93145433452330887E-137
   108.00000000000000       3.71314915810191454E-138
   108.25000000000000       7.13328944060811225E-139
   108.50000000000000       1.36939604965175540E-139
   108.75000000000000       2.62701356399414926E-140
   109.00000000000000       5.03607049308845620E-141
   109.25000000000000       9.64760962838915611E-142
   109.50000000000000       1.84692070736175408E-142
   109.75000000000000       3.53329200749363277E-143
   110.00000000000000       6.75484961892359049E-144
   110.25000000000000       1.29050237928690990E-144
   110.50000000000000       2.46383136080008945E-145
   110.75000000000000       4.70082672542161628E-146
   111.00000000000000       8.96294291503351527E-147
   111.25000000000000       1.70782019854262671E-147
   111.50000000000000       3.25200176090252273E-148
   111.75000000000000       6.18840133036044934E-149
   112.00000000000000       1.17686644840607905E-149
   112.25000000000000       2.23665408784578397E-150
   112.50000000000000       4.24810548974476998E-151
   112.75000000000000       8.06340489152198518E-152
   113.00000000000000       1.52957298701780284E-152
   113.25000000000000       2.89969514714762791E-153
   113.50000000000000       5.49372220046433285E-154
   113.75000000000000       1.04019571932069632E-154
   114.00000000000000       1.96833594189459968E-155
   114.25000000000000       3.72238197480381454E-156
   114.50000000000000       7.03528904002386305E-157
   114.75000000000000       1.32887450964920954E-157
   115.00000000000000       2.50858441545675470E-158
   115.25000000000000       4.73279702358280157E-159
   115.50000000000000       8.92386761011183133E-160
   115.75000000000000       1.68165185630346092E-160
   116.00000000000000       3.16714853600369092E-161
   116.25000000000000       5.96144799758134178E-162
   116.50000000000000       1.12147004433978507E-162
   116.75000000000000       2.10852022390504292E-163
   117.00000000000000       3.96208337034630980E-164
   117.25000000000000       7.44092193342708678E-165
   117.50000000000000       1.39665366244081241E-165
   117.75000000000000       2.62005894458441824E-166
   118.00000000000000       4.91241748019383073E-167
   118.25000000000000       9.20540362863658449E-168
   118.50000000000000       1.72407138141350628E-168
   118.75000000000000       3.22725998273518622E-169
   119.00000000000000       6.03782351709254535E-170
   119.25000000000000       1.12900551386834911E-170
   119.50000000000000       2.10999933544436745E-171
   119.75000000000000       3.94130993633411998E-172
   120.00000000000000       7.35821147470757383E-173
   120.25000000000000       1.37302589959004246E-173
   120.50000000000000       2.56071560022480379E-174
   120.75000000000000       4.77333013220528878E-175
   121.00000000000000       8.89324883404649470E-176
   121.25000000000000       1.65607343665470981E-176
   121.50000000000000       3.08233777143485486E-177
   121.75000000000000       5.73407881274353660E-178
   122.00000000000000       1.06618156830720087E-178
   122.25000000000000       1.98145422509968307E-179
   122.50000000000000       3.68064172022566249E-180
   122.75000000000000       6.83362160000427706E-181
   123.00000000000000       1.26814067730175151E-181
   123.25000000000000       2.35220026903853376E-182
   123.50000000000000       4.36086590532611917E-183
   123.75000000000000       8.08097854176866614E-184
   124.00000000000000       1.49674961761532948E-184
   124.25000000000000       2.77095533864952531E-185
   124.50000000000000       5.12750673787198010E-186
   124.75000000000000       9.48375796970373712E-187
   125.00000000000000       1.75328835138006796E-187
   125.25000000000000       3.23985847799745123E-188
   125.50000000000000       5.98411145139052055E-189
   125.75000000000000       1.10477890108257171E-189
   126.00000000000000       2.03870434167350072E-190
   126.25000000000000       3.76042910950327870E-191
   126.50000000000000       6.93307566133985378E-192
   126.75000000000000       1.27767657792543108E-192
   127.00000000000000       2.35355017723558565E-193
   127.25000000000000       4.33345798215118383E-194
   127.50000000000000       7.97545325107337768E-195
   127.75000000000000       1.46719169428797633E-195
   128.00000000000000       2.69792632490348155E-196
   128.25000000000000       4.95890833109142227E-197
   128.50000000000000       9.11078635201688773E-198
   128.75000000000000       1.67317144410205142E-198
   129.00000000000000       3.07143144595111770E-199
   129.25000000000000       5.63583154422906344E-200
   129.50000000000000       1.03369629694158899E-200
   129.75000000000000       1.89516345864796252E-201
   130.00000000000000       3.47312258790722520E-202
   130.25000000000000       6.36230135988251814E-203
   130.50000000000000       1.16501092338973364E-203
   130.75000000000000       2.13239836141374772E-204
   131.00000000000000       3.90148732779512024E-205
   131.25000000000000       7.13537015272089743E-206
   131.50000000000000       1.30445223454205808E-206
   131.75000000000000       2.38377979685833569E-207
   132.00000000000000       4.35442960299726305E-208
   132.25000000000000       7.95105021791815828E-209
   132.50000000000000       1.45126490513003144E-209
   132.75000000000000       2.64788273192112320E-210
   133.00000000000000       4.82927053488770181E-211
   133.25000000000000       8.80432216099548527E-212
   133.50000000000000       1.60451130129019446E-212
   133.75000000000000       2.92296055470853274E-213
   134.00000000000000       5.32276504600606980E-214
   134.25000000000000       9.68917157725295038E-215
   134.50000000000000       1.76307927304193136E-215
   134.75000000000000       3.20696118834199848E-216
   135.00000000000000       5.83113451610079095E-217
   135.25000000000000       1.05986542010953317E-217
   135.50000000000000       1.92569498873761035E-218
   135.75000000000000       3.49755211329634610E-219
   136.00000000000000       6.35011514104177069E-220
   136.25000000000000       1.15249886676663668E-220
   136.50000000000000       2.09094061288260914E-221
   136.75000000000000       3.79215386358435191E-222
   137.00000000000000       6.87502107811781758E-223
   137.25000000000000       1.24596750048036728E-223
   137.50000000000000       2.25727644847985177E-224
   137.75000000000000       4.08798124596768903E-225
   138.00000000000000       7.40082090833280549E-226
   138.25000000000000       1.33936360095570842E-226
   138.50000000000000       2.42306699761595084E-227
   138.75000000000000       4.38209124149136025E-228
   139.00000000000000       7.92222544627264231E-229
   139.25000000000000       1.43173778042800472E-229
   139.50000000000000       2.58661024696942417E-230
   139.75000000000000       4.67143629813376848E-231
   140.00000000000000       8.43378450337667016E-232
   140.25000000000000       1.52211651509213225E-232
   140.50000000000000       2.74616936479320027E-233
   140.75000000000000       4.95292152322955876E-234
   141.00000000000000       8.92998987946566431E-235
   141.25000000000000       1.60952065593852453E-235
   141.50000000000000       2.90000590779657085E-236
   141.75000000000000       5.22346414291252943E-237
   142.00000000000000       9.40538163372483773E-238
   142.25000000000000       1.69298438784715130E-238
   142.50000000000000       3.04641358367012948E-239
   142.75000000000000       5.48005351849019654E-240
   143.00000000000000       9.85465457812458428E-241
   143.25000000000000       1.77157409178538127E-241
   143.50000000000000       3.18375159942701513E-242
   143.75000000000000       5.71980999855739918E-243
   144.00000000000000       1.02727619458904744E-243
   144.25000000000000       1.84440657185564146E-244
   144.50000000000000       3.31047664713815527E-245
   144.75000000000000       5.94004093975424302E-246
   145.00000000000000       1.06550133118984403E-246
   145.25000000000000       1.91066613593263886E-247
   145.50000000000000       3.42517263515696932E-248
   145.75000000000000       6.13829234433873126E-249
   146.00000000000000       1.09971640723440196E-249
   146.25000000000000       1.96962006400392198E-250
   146.50000000000000       3.52657736114449011E-251
   146.75000000000000       6.31239473247483661E-252
   147.00000000000000       1.12954941147347322E-252
   147.25000000000000       2.02063205959389963E-253
   147.50000000000000       3.61360543839418267E-254
   147.75000000000000       6.46050208242964925E-255
   148.00000000000000       1.15468737095098033E-255
   148.25000000000000       2.06317335364381891E-256
   148.50000000000000       3.68536691958244227E-257
   148.75000000000000       6.58112270853755871E-258
   149.00000000000000       1.17488031143580886E-258
   149.25000000000000       2.09676385570505573E-259
   149.50000000000000       3.73740065758335416E-260
   149.75000000000000       6.46101145955693523E-261
   150.00000000000000        0.0000000000000000     
