   0.0000000000000000        0.0000000000000000     
  0.25000000000000000       3.48169442174941964E-006
  0.50000000000000000       8.52360878123230175E-006
  0.75000000000000000       9.93240671962154631E-006
   1.0000000000000000       6.89685977151703808E-006
   1.2500000000000000       6.84366456174294858E-007
   1.5000000000000000      -6.80290347586943159E-006
   1.7500000000000000      -1.38075878102189192E-005
   2.0000000000000000      -1.90489825650053391E-005
   2.2500000000000000      -2.17878277096701009E-005
   2.5000000000000000      -2.17542236807895638E-005
   2.7500000000000000      -1.90226744494425958E-005
   3.0000000000000000      -1.38825923903902886E-005
   3.2500000000000000      -6.72833392967943241E-006
   3.5000000000000000       2.02327564047889581E-006
   3.7500000000000000       1.19875767686182568E-005
   4.0000000000000000       2.28434792303060510E-005
   4.2500000000000000       3.43472807731027470E-005
   4.5000000000000000       4.63344195113691047E-005
   4.7500000000000000       5.87138199335568669E-005
   5.0000000000000000       7.14585326827433935E-005
   5.2500000000000000       8.45946826978969497E-005
   5.5000000000000000       9.81909381944312488E-005
   5.7500000000000000       1.12349560283796102E-004
   6.0000000000000000       1.27198445139412931E-004
   6.2500000000000000       1.42885253302436086E-004
   6.5000000000000000       1.59573233662289914E-004
   6.7500000000000000       1.77438541408703518E-004
   7.0000000000000000       1.96668806937318446E-004
   7.2500000000000000       2.17464534294718525E-004
   7.5000000000000000       2.40034452970310321E-004
   7.7500000000000000       2.64602662994851143E-004
   8.0000000000000000       2.91407441814322632E-004
   8.2500000000000000       3.20702907328819194E-004
   8.5000000000000000       3.52761237219249336E-004
   8.7500000000000000       3.87875090165268463E-004
   9.0000000000000000       4.26360113227685288E-004
   9.2500000000000000       4.68562834578032392E-004
   9.5000000000000000       5.14858065006377108E-004
   9.7500000000000000       5.65642659686349265E-004
   10.000000000000000       6.21363947433421207E-004
   10.250000000000000       6.82506083144776370E-004
   10.500000000000000       7.49593022960650312E-004
   10.750000000000000       8.23191702441788899E-004
   11.000000000000000       9.03914711538965571E-004
   11.250000000000000       9.92420479759045359E-004
   11.500000000000000       1.08951449660756473E-003
   11.750000000000000       1.19596264746660275E-003
   12.000000000000000       1.31256655584951337E-003
   12.250000000000000       1.44033405224036561E-003
   12.500000000000000       1.58037567929550588E-003
   12.750000000000000       1.73377073015123519E-003
   13.000000000000000       1.90170545758518118E-003
   13.250000000000000       2.08560099342187423E-003
   13.500000000000000       2.28683464677859266E-003
   13.750000000000000       2.50688870044239644E-003
   14.000000000000000       2.74740131313676696E-003
   14.250000000000000       3.01021664330614232E-003
   14.500000000000000       3.29720030503870146E-003
   14.750000000000000       3.61046336992436583E-003
   15.000000000000000       3.95217928021473867E-003
   15.250000000000000       4.32468681224429993E-003
   15.500000000000000       4.73047139409857580E-003
   15.750000000000000       5.17215268431533114E-003
   16.000000000000000       5.65248128022640284E-003
   16.250000000000000       6.17433092653723540E-003
   16.500000000000000       6.74068386329802934E-003
   16.750000000000000       7.35461023569893187E-003
   17.000000000000000       8.01924174412666467E-003
   17.250000000000000       8.73773910094417967E-003
   17.500000000000000       9.51325073883696644E-003
   17.750000000000000       1.03488597674157318E-002
   18.000000000000000       1.12475218919189743E-002
   18.250000000000000       1.22119924966338847E-002
   18.500000000000000       1.32447380175975179E-002
   18.750000000000000       1.43478362402497273E-002
   19.000000000000000       1.55228611629875182E-002
   19.250000000000000       1.67707548242627263E-002
   19.500000000000000       1.80916859103033047E-002
   19.750000000000000       1.94848971874593442E-002
   20.000000000000000       2.09485444724971485E-002
   20.250000000000000       2.24795311315841920E-002
   20.500000000000000       2.40733435857786900E-002
   20.750000000000000       2.57238947895339250E-002
   21.000000000000000       2.74233842201471907E-002
   21.250000000000000       2.91621843789666123E-002
   21.500000000000000       3.09287650145806843E-002
   21.750000000000000       3.27096670112893770E-002
   22.000000000000000       3.44895379174483194E-002
   22.250000000000000       3.62512402626203323E-002
   22.500000000000000       3.79760417278086626E-002
   22.750000000000000       3.96438935341119209E-002
   23.000000000000000       4.12337988892150023E-002
   23.250000000000000       4.27242675388549015E-002
   23.500000000000000       4.40938461272843904E-002
   23.750000000000000       4.53217055795211501E-002
   24.000000000000000       4.63882519866193332E-002
   24.250000000000000       4.72758096205900466E-002
   24.500000000000000       4.79691271082009693E-002
   24.750000000000000       4.84560287027606673E-002
   25.000000000000000       4.87278155189961246E-002
   25.250000000000000       4.87795785999334056E-002
   25.500000000000000       4.86104324568786481E-002
   25.750000000000000       4.82234966482329164E-002
   26.000000000000000       4.76258459139607127E-002
   26.250000000000000       4.68281355588076112E-002
   26.500000000000000       4.58442827270962236E-002
   26.750000000000000       4.46909188862782275E-002
   27.000000000000000       4.33867732253929717E-002
   27.250000000000000       4.19522530675264238E-002
   27.500000000000000       4.04084405482888903E-002
   27.750000000000000       3.87768155698942837E-002
   28.000000000000000       3.70787037653726378E-002
   28.250000000000000       3.53344920281234640E-002
   28.500000000000000       3.35634492559701778E-002
   28.750000000000000       3.17834438530231189E-002
   29.000000000000000       3.00105799839617583E-002
   29.250000000000000       2.82590963187625346E-002
   29.500000000000000       2.65414210779532922E-002
   29.750000000000000       2.48680735840156111E-002
   30.000000000000000       2.32477063819407255E-002
   30.250000000000000       2.16872022595269998E-002
   30.500000000000000       2.01918039991329096E-002
   30.750000000000000       1.87652640564196192E-002
   31.000000000000000       1.74100158421459789E-002
   31.250000000000000       1.61273219232971610E-002
   31.500000000000000       1.49174522639872638E-002
   31.750000000000000       1.37798408499039543E-002
   32.000000000000000       1.27132255636340750E-002
   32.250000000000000       1.17157813339651157E-002
   32.500000000000000       1.07852403833832711E-002
   32.750000000000000       9.91899875227551971E-003
   33.000000000000000       9.11420935014063682E-003
   33.250000000000000       8.36786274537294761E-003
   33.500000000000000       7.67685204753515253E-003
   33.750000000000000       7.03803306570344352E-003
   34.000000000000000       6.44826863754884450E-003
   34.250000000000000       5.90446577565576381E-003
   34.500000000000000       5.40360502664207539E-003
   34.750000000000000       4.94276305448849897E-003
   35.000000000000000       4.51912944450893507E-003
   35.250000000000000       4.13001884508753820E-003
   35.500000000000000       3.77287865439380251E-003
   35.750000000000000       3.44529402977637820E-003
   36.000000000000000       3.14499017363599085E-003
   36.250000000000000       2.86983243375895248E-003
   36.500000000000000       2.61782507282815871E-003
   36.750000000000000       2.38710895760649256E-003
   37.000000000000000       2.17595843208205283E-003
   37.250000000000000       1.98277750947169597E-003
   37.500000000000000       1.80609532017088890E-003
   37.750000000000000       1.64456048105030917E-003
   38.000000000000000       1.49693407740563496E-003
   38.250000000000000       1.36208016235987934E-003
   38.500000000000000       1.23895295012029210E-003
   38.750000000000000       1.12657954859949911E-003
   39.000000000000000       1.02403741554163148E-003
   39.250000000000000       9.30426744118940767E-004
   39.500000000000000       8.44840343648754007E-004
   39.750000000000000       7.66338207665576338E-004
   40.000000000000000       6.93910727550038392E-004
   40.250000000000000       6.41385448119171178E-004
   40.500000000000000       5.91863189784879742E-004
   40.750000000000000       5.45550060553315190E-004
   41.000000000000000       5.02495970067847711E-004
   41.250000000000000       4.62619840519152377E-004
   41.500000000000000       4.25748802610788910E-004
   41.750000000000000       3.91657567750962679E-004
   42.000000000000000       3.60101864253209783E-004
   42.250000000000000       3.30843435089145908E-004
   42.500000000000000       3.03666313182773459E-004
   42.750000000000000       2.78385369622285441E-004
   43.000000000000000       2.54848689094189923E-004
   43.250000000000000       2.32935439149740205E-004
   43.500000000000000       2.12550724399466237E-004
   43.750000000000000       1.93618591741811098E-004
   44.000000000000000       1.76073993674103239E-004
   44.250000000000000       1.59854281408511502E-004
   44.500000000000000       1.44890857686328647E-004
   44.750000000000000       1.31102310296382114E-004
   45.000000000000000       1.18391995888527933E-004
   45.250000000000000       1.06655708183518244E-004
   45.500000000000000       9.58073474958384051E-005
   45.750000000000000       8.58269877044756229E-005
   46.000000000000000       7.68133918067155961E-005
   46.250000000000000       6.89640174311117153E-005
   46.500000000000000       6.23270266324236442E-005
   46.750000000000000       5.62756711519133072E-005
   47.000000000000000       4.96099234074287332E-005
   47.250000000000000       4.44323060599601693E-005
   47.500000000000000       4.00583901057912050E-005
   47.750000000000000       3.80346587166448851E-005
   48.000000000000000       3.17103708011962931E-005
   48.250000000000000       2.69185646735241958E-005
   48.500000000000000       2.56298592724837343E-005
   48.750000000000000       2.57887738852794213E-005
   49.000000000000000       2.47601430746425470E-005
   49.250000000000000       2.14743513206840394E-005
   49.500000000000000       1.65311982632289017E-005
   49.750000000000000       1.12646273504120629E-005
   50.000000000000000       6.82781279677491097E-006
   50.250000000000000       3.38757670844479497E-006
   50.500000000000000       1.53856741759698400E-006
   50.750000000000000       6.47745858153224948E-007
   51.000000000000000       2.55409137882710532E-007
   51.250000000000000       9.51260211079481529E-008
   51.500000000000000       3.37007180485231373E-008
   51.750000000000000       1.14232181383398834E-008
   52.000000000000000       3.72279451312324969E-009
   52.250000000000000       1.17131146831981409E-009
   52.500000000000000       3.57044655897759793E-010
   52.750000000000000       1.05760998777575728E-010
   53.000000000000000       3.05216734584691371E-011
   53.250000000000000       8.60101255380196865E-012
   53.500000000000000       2.37139706475585289E-012
   53.750000000000000       6.40801674316068363E-013
   54.000000000000000       1.69969552083325609E-013
   54.250000000000000       4.43134540002268503E-014
   54.500000000000000       1.13695182460986282E-014
   54.750000000000000       2.87382685419931227E-015
   55.000000000000000       7.16331088736032377E-016
   55.250000000000000       1.76231273247251795E-016
   55.500000000000000       4.28265812320151579E-017
   55.750000000000000       1.02877108187725795E-017
   56.000000000000000       2.44447069005269219E-018
   56.250000000000000       5.74874298710584113E-019
   56.500000000000000       1.33882039197654285E-019
   56.750000000000000       3.08925008902150678E-020
   57.000000000000000       7.06590396999567995E-021
   57.250000000000000       1.60270405329612596E-021
   57.500000000000000       3.60647496068819391E-022
   57.750000000000000       8.05409820514052255E-023
   58.000000000000000       1.78568302624298145E-023
   58.250000000000000       3.93173267868263602E-024
   58.500000000000000       8.59973540248121766E-025
   58.750000000000000       1.86908256240097537E-025
   59.000000000000000       4.03763611236396485E-026
   59.250000000000000       8.67135646175903048E-027
   59.500000000000000       1.85185691888323856E-027
   59.750000000000000       3.93352307944940458E-028
   60.000000000000000       8.31185025507704291E-029
   60.250000000000000       1.74758465187776821E-029
   60.500000000000000       3.65663254294122630E-030
   60.750000000000000       7.61554089985631145E-031
   61.000000000000000       1.57894231614734375E-031
   61.250000000000000       3.25944655771916458E-032
   61.500000000000000       6.70032884547783892E-033
   61.750000000000000       1.37177338218829168E-033
   62.000000000000000       2.79742840408219572E-034
   62.250000000000000       5.68302423029992692E-035
   62.500000000000000       1.15025707169428176E-035
   62.750000000000000       2.31981693683419096E-036
   63.000000000000000       4.66232086181289490E-037
   63.250000000000000       9.33865536439848169E-038
   63.500000000000000       1.86441413391589967E-038
   63.750000000000000       3.71036379217254905E-039
   64.000000000000000       7.36114071340160655E-040
   64.250000000000000       1.45601233101726483E-040
   64.500000000000000       2.87151780210614555E-041
   64.750000000000000       5.64700590199667864E-042
   65.000000000000000       1.10743332053366152E-042
   65.250000000000000       2.16591085726465272E-043
   65.500000000000000       4.22490553943655848E-044
   65.750000000000000       8.22006913951386917E-045
   66.000000000000000       1.59530407026945636E-045
   66.250000000000000       3.08849888955251746E-046
   66.500000000000000       5.96503278894832123E-047
   66.750000000000000       1.14938127092471892E-047
   67.000000000000000       2.20965705357934345E-048
   67.250000000000000       4.23855513781186720E-049
   67.500000000000000       8.11269058249464165E-050
   67.750000000000000       1.54948449253661956E-050
   68.000000000000000       2.95328389430777556E-051
   68.250000000000000       5.61744063262341430E-052
   68.500000000000000       1.06636562333751196E-052
   68.750000000000000       2.02034952684511852E-053
   69.000000000000000       3.82047516549471039E-054
   69.250000000000000       7.21100724431485196E-055
   69.500000000000000       1.35855989108315554E-055
   69.750000000000000       2.55494787266264887E-056
   70.000000000000000       4.79646499596405409E-057
   70.250000000000000       8.98900431693828674E-058
   70.500000000000000       1.68177386318388602E-058
   70.750000000000000       3.14125712424009212E-059
   71.000000000000000       5.85777924561679985E-060
   71.250000000000000       1.09061000766658944E-060
   71.500000000000000       2.02733659916917840E-061
   71.750000000000000       3.76283096704354449E-062
   72.000000000000000       6.97345853262404850E-063
   72.250000000000000       1.29044128290822298E-063
   72.500000000000000       2.38449434883673283E-064
   72.750000000000000       4.39980631307177611E-065
   73.000000000000000       8.10701372399631098E-066
   73.250000000000000       1.49172553548010337E-066
   73.500000000000000       2.74111903448044341E-067
   73.750000000000000       5.03022989456003194E-068
   74.000000000000000       9.21888683333500006E-069
   74.250000000000000       1.68736614673652910E-069
   74.500000000000000       3.08453438255023076E-070
   74.750000000000000       5.63155504996030462E-071
   75.000000000000000       1.02691442292121977E-071
   75.250000000000000       1.87032000309019338E-072
   75.500000000000000       3.40237091925503589E-073
   75.750000000000000       6.18215075094711032E-074
   76.000000000000000       1.12201235217837649E-074
   76.250000000000000       2.03405889630503369E-075
   76.500000000000000       3.68336524127916682E-076
   76.750000000000000       6.66267729433148259E-077
   77.000000000000000       1.20387856987447845E-077
   77.250000000000000       2.17296889753281444E-078
   77.500000000000000       3.91803312736988973E-079
   77.750000000000000       7.05721178144086109E-080
   78.000000000000000       1.26985806776593553E-080
   78.250000000000000       2.28265660356725645E-081
   78.500000000000000       4.09916677378437177E-082
   78.750000000000000       7.35404522836078654E-083
   79.000000000000000       1.31807059017420182E-083
   79.250000000000000       2.36014419520543222E-084
   79.500000000000000       4.22212999801565244E-085
   79.750000000000000       7.54611532452583461E-086
   80.000000000000000       1.34747124431422049E-086
   80.250000000000000       2.40394841799923281E-087
   80.500000000000000       4.28494824936831938E-088
   80.750000000000000       7.63107869006413749E-089
   81.000000000000000       1.35784815465601300E-089
   81.250000000000000       2.41405027288000111E-090
   81.500000000000000       4.28821002092920456E-091
   81.750000000000000       7.61105962835042161E-092
   82.000000000000000       1.34976496687771915E-092
   82.250000000000000       2.39177128453026274E-093
   82.500000000000000       4.23481106062358538E-094
   82.750000000000000       7.49213622286513743E-095
   83.000000000000000       1.32445979931292123E-095
   83.250000000000000       2.33957815049239228E-096
   83.500000000000000       4.12958189097573511E-097
   83.750000000000000       7.28363828036845585E-098
   84.000000000000000       1.28371422022614044E-098
   84.250000000000000       2.26084031688681280E-099
   84.500000000000000       3.97884267910233870E-100
   84.750000000000000       6.99733559522118797E-101
   85.000000000000000       1.22970614283994361E-101
   85.250000000000000       2.15956492042483185E-102
   85.500000000000000       3.78992819664135372E-103
   85.750000000000000       6.64659084365287462E-104
   86.000000000000000       1.16485948399179117E-104
   86.250000000000000       2.04013117764810872E-105
   86.500000000000000       3.57072060858635219E-106
   86.750000000000000       6.24554123538266852E-107
   87.000000000000000       1.09170141848339577E-107
   87.250000000000000       1.90704240554102888E-108
   87.500000000000000       3.32922041956825769E-109
   87.750000000000000       5.80835915734083757E-110
   88.000000000000000       1.01273548782571518E-110
   88.250000000000000       1.76470914027699615E-111
   88.500000000000000       3.07317733722836083E-112
   88.750000000000000       5.34862660651761978E-113
   89.000000000000000       9.30336061533279477E-114
   89.250000000000000       1.61727191842946981E-114
   89.500000000000000       2.80979416213884134E-115
   89.750000000000000       4.87884303886507422E-116
   90.000000000000000       8.46667004190721838E-117
   90.250000000000000       1.46846769948737036E-117
   90.500000000000000       2.54550890770238415E-118
   90.750000000000000       4.41007270426866486E-119
   91.000000000000000       7.63625089458343529E-120
   91.250000000000000       1.32153998702054061E-120
   91.500000000000000       2.28585373929874832E-121
   91.750000000000000       3.95172644597611966E-122
   92.000000000000000       6.82806853306734845E-123
   92.250000000000000       1.17918964337569711E-123
   92.500000000000000       2.03538428347688961E-124
   92.750000000000000       3.51146471384738232E-125
   93.000000000000000       6.05496245534779435E-126
   93.250000000000000       1.04356125202904874E-126
   93.500000000000000       1.79766945553940701E-127
   93.750000000000000       3.09520319679478523E-128
   94.000000000000000       5.32669611047163213E-129
   94.250000000000000       9.16258622101724815E-130
   94.500000000000000       1.57533007831030840E-130
   94.750000000000000       2.70719976746559802E-131
   95.000000000000000       4.65014155980122752E-132
   95.250000000000000       7.98382539439091841E-133
   95.500000000000000       1.37011399490685972E-133
   95.750000000000000       2.35020092335751049E-134
   96.000000000000000       4.02956047263849014E-135
   96.250000000000000       6.90583996038890927E-136
   96.500000000000000       1.18299583327203094E-136
   96.750000000000000       2.02562709052228889E-137
   97.000000000000000       3.46694564848757680E-138
   97.250000000000000       5.93126708076164333E-139
   97.500000000000000       1.01429076372826000E-139
   97.750000000000000       1.73377850470877076E-140
   98.000000000000000       2.96239181498319280E-141
   98.250000000000000       5.05953601419479062E-142
   98.500000000000000       8.63773223395897633E-143
   98.750000000000000       1.47404641734123508E-143
   99.000000000000000       2.51447002769423383E-144
   99.250000000000000       4.28752960446294727E-145
   99.500000000000000       7.30793421527314034E-146
   99.750000000000000       1.24511768137576156E-146
   100.00000000000000       2.12058590715295703E-147
   100.25000000000000       3.61020985776206761E-148
   100.50000000000000       6.14386295325712713E-149
   100.75000000000000       1.04516403598987600E-149
   101.00000000000000       1.77730766397569054E-150
   101.25000000000000       3.02118503133094675E-151
   101.50000000000000       5.13369316460258418E-152
   101.75000000000000       8.72010402642656676E-153
   102.00000000000000       1.48065502140783680E-153
   102.25000000000000       2.51320451141471237E-154
   102.50000000000000       4.26427063308077874E-155
   102.75000000000000       7.23279086793833416E-156
   103.00000000000000       1.22634452893342170E-156
   103.25000000000000       2.07857517710325476E-157
   103.50000000000000       3.52181724614635826E-158
   103.75000000000000       5.96508880186988090E-159
   104.00000000000000       1.00999027535056458E-159
   104.25000000000000       1.70949880434394936E-160
   104.50000000000000       2.89249672530059068E-161
   104.75000000000000       4.89249665418995625E-162
   105.00000000000000       8.27261653131352857E-163
   105.25000000000000       1.39833439202316443E-163
   105.50000000000000       2.36284947738306956E-164
   105.75000000000000       3.99134265659992994E-165
   106.00000000000000       6.74001661930010569E-166
   106.25000000000000       1.13779222523238478E-166
   106.50000000000000       1.92010964240280446E-167
   106.75000000000000       3.23930012235141944E-168
   107.00000000000000       5.46310372561561364E-169
   107.25000000000000       9.21068228088083288E-170
   107.50000000000000       1.55242003323427023E-170
   107.75000000000000       2.61572889689564319E-171
   108.00000000000000       4.40598728557654205E-172
   108.25000000000000       7.41927926088321264E-173
   108.50000000000000       1.24896166053222362E-173
   108.75000000000000       2.10187234652333782E-174
   109.00000000000000       3.53617969667042777E-175
   109.25000000000000       5.94749364086360769E-176
   109.50000000000000       1.00001431349287567E-176
   109.75000000000000       1.68093881432485764E-177
   110.00000000000000       2.82469742570361037E-178
   110.25000000000000       4.74533822452574608E-179
   110.50000000000000       7.96963589755385769E-180
   110.75000000000000       1.33809426846705091E-180
   111.00000000000000       2.24601526721433507E-181
   111.25000000000000       3.76892325630542279E-182
   111.50000000000000       6.32268150459711661E-183
   111.75000000000000       1.06038982705457791E-183
   112.00000000000000       1.77791437964071439E-184
   112.25000000000000       2.98014896406274776E-185
   112.50000000000000       4.99399075220555559E-186
   112.75000000000000       8.36644395343857789E-187
   113.00000000000000       1.40125850929391439E-187
   113.25000000000000       2.34628394730165088E-188
   113.50000000000000       3.92761203564242079E-189
   113.75000000000000       6.57299119949199003E-190
   114.00000000000000       1.09972656636025357E-190
   114.25000000000000       1.83947679326179491E-191
   114.50000000000000       3.07604416711432248E-192
   114.75000000000000       5.14256981969253836E-193
   115.00000000000000       8.59523814555308310E-194
   115.25000000000000       1.43623803334237305E-194
   115.50000000000000       2.39931031639669680E-195
   115.75000000000000       4.00717767154855205E-196
   116.00000000000000       6.69088612657288411E-197
   116.25000000000000       1.11692038503540884E-197
   116.50000000000000       1.86403904370955114E-198
   116.75000000000000       3.11015951455596233E-199
   117.00000000000000       5.18807028508787968E-200
   117.25000000000000       8.65217343738673110E-201
   117.50000000000000       1.44258497289393580E-201
   117.75000000000000       2.40466759341916511E-202
   118.00000000000000       4.00743777705719854E-203
   118.25000000000000       6.67693641770109296E-204
   118.50000000000000       1.11221059514619014E-204
   118.75000000000000       1.85223788516398605E-205
   119.00000000000000       3.08394804310352468E-206
   119.25000000000000       5.13355830070269637E-207
   119.50000000000000       8.54341880419036468E-208
   119.75000000000000       1.42150121684862209E-208
   120.00000000000000       2.36464364627910574E-209
   120.25000000000000       3.93267151215794235E-210
   120.50000000000000       6.53903589654845109E-211
   120.75000000000000       1.08703722695115545E-211
   121.00000000000000       1.80667619593164437E-212
   121.25000000000000       3.00207815699243134E-213
   121.50000000000000       4.98735159606962376E-214
   121.75000000000000       8.28370918817789096E-215
   122.00000000000000       1.37558398405607759E-215
   122.25000000000000       2.28379608159690072E-216
   122.50000000000000       3.79084488941510774E-217
   122.75000000000000       6.29105832838113638E-218
   123.00000000000000       1.04380876070701660E-218
   123.25000000000000       1.73152278166634354E-219
   123.50000000000000       2.87174611510052472E-220
   123.75000000000000       4.76184158227055017E-221
   124.00000000000000       7.89433254310310439E-222
   124.25000000000000       1.30848263317184110E-222
   124.50000000000000       2.16836843432694642E-223
   124.75000000000000       3.59261971242803798E-224
   125.00000000000000       5.95117834455430739E-225
   125.25000000000000       9.85618188335453744E-226
   125.50000000000000       1.63203308289077181E-226
   125.75000000000000       2.70186836019043196E-227
   126.00000000000000       4.47213455063299626E-228
   126.25000000000000       7.40084742859670269E-229
   126.50000000000000       1.22451586475352738E-229
   126.75000000000000       2.02564909389730877E-230
   127.00000000000000       3.35028149372935175E-231
   127.25000000000000       5.54008105497732529E-232
   127.50000000000000       9.15944419658757216E-233
   127.75000000000000       1.51405184684926757E-233
   128.00000000000000       2.50225425077973734E-234
   128.25000000000000       4.13467731006921592E-235
   128.50000000000000       6.83080257529238357E-236
   128.75000000000000       1.12829379815085807E-236
   129.00000000000000       1.86334574902546076E-237
   129.25000000000000       3.07670524178549843E-238
   129.50000000000000       5.07925423160603086E-239
   129.75000000000000       8.38370597965215215E-240
   130.00000000000000       1.38354906398220780E-240
   130.25000000000000       2.28284242506705357E-241
   130.50000000000000       3.76600205252352413E-242
   130.75000000000000       6.21167631006729328E-243
   131.00000000000000       1.02438007862016256E-243
   131.25000000000000       1.68903196170524367E-244
   131.50000000000000       2.78445009098919876E-245
   131.75000000000000       4.58950894912412226E-246
   132.00000000000000       7.56342667305666214E-247
   132.25000000000000       1.24622643058774629E-247
   132.50000000000000       2.05306013086089379E-248
   132.75000000000000       3.38168468006314700E-249
   133.00000000000000       5.56918508332404219E-250
   133.25000000000000       9.17017579789984171E-251
   133.50000000000000       1.50970295872079933E-251
   133.75000000000000       2.48504094090066607E-252
   134.00000000000000       4.08981955365077550E-253
   134.25000000000000       6.72982327425786141E-254
   134.50000000000000       1.10721622326165617E-254
   134.75000000000000       1.82133922480919917E-255
   135.00000000000000       2.99556818172368465E-256
   135.25000000000000       4.92603951226259680E-257
   135.50000000000000       8.09929523651467958E-258
   135.75000000000000       1.33145829301874162E-258
   136.00000000000000       2.18846315583399966E-259
   136.25000000000000       3.59652085204858348E-260
   136.50000000000000       5.90959786938709916E-261
   136.75000000000000       9.70880123547066715E-262
   137.00000000000000       1.59479899047688446E-262
   137.25000000000000       2.61926404118071582E-263
   137.50000000000000       4.30116317304331807E-264
   137.75000000000000       7.06197516897959082E-265
   138.00000000000000       1.15931218636375223E-265
   138.25000000000000       1.90286894645451415E-266
   138.50000000000000       3.12285581100685453E-267
   138.75000000000000       5.12424484151195691E-268
   139.00000000000000       8.40703794912025550E-269
   139.25000000000000       1.37908693507054653E-269
   139.50000000000000       2.26191398333964602E-270
   139.75000000000000       3.70933991834459486E-271
   140.00000000000000       6.08210042751267507E-272
   140.25000000000000       9.97119578249406938E-273
   140.50000000000000       1.63447355502849462E-273
   140.75000000000000       2.67883425507762520E-274
   141.00000000000000       4.38986708129853941E-275
   141.25000000000000       7.19274671765947975E-276
   141.50000000000000       1.17835546623625247E-276
   141.75000000000000       1.93017334934028786E-277
   142.00000000000000       3.16122226446239596E-278
   142.25000000000000       5.17669708022115894E-279
   142.50000000000000       8.47597670968724626E-280
   142.75000000000000       1.38760646539945980E-280
   143.00000000000000       2.27134291679890495E-281
   143.25000000000000       3.71739922143530276E-282
   143.50000000000000       6.08325574937128745E-283
   143.75000000000000       9.95344887828224863E-284
   144.00000000000000       1.62836595994974879E-284
   144.25000000000000       2.66361599802628910E-285
   144.50000000000000       4.35644917484243025E-286
   144.75000000000000       7.12418825462088452E-287
   145.00000000000000       1.16487702588062270E-287
   145.25000000000000       1.90443865519562373E-288
   145.50000000000000       3.11312361833243798E-289
   145.75000000000000       5.08825032419551422E-290
   146.00000000000000       8.31540770956279472E-291
   146.25000000000000       1.35875718363970993E-291
   146.50000000000000       2.21995225259325792E-292
   146.75000000000000       3.62651214253432916E-293
   147.00000000000000       5.92350289820169982E-294
   147.25000000000000       9.67413815310564492E-295
   147.50000000000000       1.57975746849161763E-295
   147.75000000000000       2.57936760886551071E-296
   148.00000000000000       4.21095884791433533E-297
   148.25000000000000       6.87375297382899308E-298
   148.50000000000000       1.12189508894696568E-298
   148.75000000000000       1.83086450314236000E-299
   149.00000000000000       2.98748563343428203E-300
   149.25000000000000       4.87409291941056131E-301
   149.50000000000000       7.94578714139614163E-302
   149.75000000000000       1.26248471034677810E-302
   150.00000000000000        0.0000000000000000     
