   0.0000000000000000        0.0000000000000000     
  0.25000000000000000      -3.02153842002550364E-005
  0.50000000000000000      -6.02141490759628879E-005
  0.75000000000000000      -9.28261886685337941E-005
   1.0000000000000000      -1.24049963918553555E-004
   1.2500000000000000      -1.54452242352867854E-004
   1.5000000000000000      -1.87487056525559694E-004
   1.7500000000000000      -2.23586147722831726E-004
   2.0000000000000000      -2.60368943805559230E-004
   2.2500000000000000      -2.96472475892556255E-004
   2.5000000000000000      -3.33232541816635486E-004
   2.7500000000000000      -3.73007864619536356E-004
   3.0000000000000000      -4.16801547778833696E-004
   3.2500000000000000      -4.63649067479171887E-004
   3.5000000000000000      -5.11897780484027107E-004
   3.7500000000000000      -5.60851656219308182E-004
   4.0000000000000000      -6.11367484876078554E-004
   4.2500000000000000      -6.65156840786531732E-004
   4.5000000000000000      -7.23559432023930115E-004
   4.7500000000000000      -7.86748303017734368E-004
   5.0000000000000000      -8.53823962496966867E-004
   5.2500000000000000      -9.23583629271327602E-004
   5.5000000000000000      -9.95375356786522151E-004
   5.7500000000000000      -1.06951179022749779E-003
   6.0000000000000000      -1.14707319804225705E-003
   6.2500000000000000      -1.22929850562472740E-003
   6.5000000000000000      -1.31695078018344899E-003
   6.7500000000000000      -1.40998955357446464E-003
   7.0000000000000000      -1.50767009295327964E-003
   7.2500000000000000      -1.60895977811226546E-003
   7.5000000000000000      -1.71304414724409381E-003
   7.7500000000000000      -1.81966272134955680E-003
   8.0000000000000000      -1.92916358668867964E-003
   8.2500000000000000      -2.04227491152793360E-003
   8.5000000000000000      -2.15972441477583306E-003
   8.7500000000000000      -2.28188263699023513E-003
   9.0000000000000000      -2.40856480641458807E-003
   9.2500000000000000      -2.53903424902815738E-003
   9.5000000000000000      -2.67220271074953587E-003
   9.7500000000000000      -2.80695414535939245E-003
   10.000000000000000      -2.94241517141579723E-003
   10.250000000000000      -3.07814206961994291E-003
   10.500000000000000      -3.21408765354826457E-003
   10.750000000000000      -3.35042708130352642E-003
   11.000000000000000      -3.48737495247295869E-003
   11.250000000000000      -3.62501752913672610E-003
   11.500000000000000      -3.76299447260265403E-003
   11.750000000000000      -3.90060331247425555E-003
   12.000000000000000      -4.03690091284007388E-003
   12.250000000000000      -4.17075201068712632E-003
   12.500000000000000      -4.30101360864659343E-003
   12.750000000000000      -4.42688871312631269E-003
   13.000000000000000      -4.54787012609973989E-003
   13.250000000000000      -4.66367481953261498E-003
   13.500000000000000      -4.77453847030218526E-003
   13.750000000000000      -4.88073779893790412E-003
   14.000000000000000      -4.98261378872300910E-003
   14.250000000000000      -5.08034645542741227E-003
   14.500000000000000      -5.17409744695811451E-003
   14.750000000000000      -5.26364727214755600E-003
   15.000000000000000      -5.34873124729967099E-003
   15.250000000000000      -5.42899036446434224E-003
   15.500000000000000      -5.50411971786844267E-003
   15.750000000000000      -5.57395408342019772E-003
   16.000000000000000      -5.63851699215438869E-003
   16.250000000000000      -5.69807764279750637E-003
   16.500000000000000      -5.75316926678798041E-003
   16.750000000000000      -5.80454269055728257E-003
   17.000000000000000      -5.85306977394238828E-003
   17.250000000000000      -5.89962841325122628E-003
   17.500000000000000      -5.94499788604471117E-003
   17.750000000000000      -5.98978614174764529E-003
   18.000000000000000      -6.03439418400303785E-003
   18.250000000000000      -6.07901594657120001E-003
   18.500000000000000      -6.12367066525993514E-003
   18.750000000000000      -6.16824935173308688E-003
   19.000000000000000      -6.21257173557695705E-003
   19.250000000000000      -6.25644262732830310E-003
   19.500000000000000      -6.29970232039243471E-003
   19.750000000000000      -6.34226501678266351E-003
   20.000000000000000      -6.38414110004619124E-003
   20.250000000000000      -6.42544066385936953E-003
   20.500000000000000      -6.46635794375271297E-003
   20.750000000000000      -6.50713938793529185E-003
   21.000000000000000      -6.54804129607418177E-003
   21.250000000000000      -6.58928536267598935E-003
   21.500000000000000      -6.63102096405405669E-003
   21.750000000000000      -6.67330099973331529E-003
   22.000000000000000      -6.71607417499175356E-003
   22.250000000000000      -6.75919280881625943E-003
   22.500000000000000      -6.80243357776178382E-003
   22.750000000000000      -6.84552728205869727E-003
   23.000000000000000      -6.88819158840426465E-003
   23.250000000000000      -6.93015812659774754E-003
   23.500000000000000      -6.97119175441881199E-003
   23.750000000000000      -7.01112227838360334E-003
   24.000000000000000      -7.04986825863280087E-003
   24.250000000000000      -7.08738494482668516E-003
   24.500000000000000      -7.12377590068712357E-003
   24.750000000000000      -7.15915554012478642E-003
   25.000000000000000      -7.19368125388558655E-003
   25.250000000000000      -7.22750826833794269E-003
   25.500000000000000      -7.26075702908954464E-003
   25.750000000000000      -7.29355040448775600E-003
   26.000000000000000      -7.32592416072307476E-003
   26.250000000000000      -7.35786126908836036E-003
   26.500000000000000      -7.38918181483725917E-003
   26.750000000000000      -7.41967897492623856E-003
   27.000000000000000      -7.44911048906440453E-003
   27.250000000000000      -7.47695608980288723E-003
   27.500000000000000      -7.50283444737728355E-003
   27.750000000000000      -7.52631808579413628E-003
   28.000000000000000      -7.54683108971235597E-003
   28.250000000000000      -7.56393264727238650E-003
   28.500000000000000      -7.57724854499734497E-003
   28.750000000000000      -7.58631578222418793E-003
   29.000000000000000      -7.59073813672827852E-003
   29.250000000000000      -7.59027741517186941E-003
   29.500000000000000      -7.58459847010784036E-003
   29.750000000000000      -7.57338652138050353E-003
   30.000000000000000      -7.55638458378842057E-003
   30.250000000000000      -7.53331865359575456E-003
   30.500000000000000      -7.50388008678182054E-003
   30.750000000000000      -7.46777998231537826E-003
   31.000000000000000      -7.42474669287444908E-003
   31.250000000000000      -7.37452154357646442E-003
   31.500000000000000      -7.31681030871940592E-003
   31.750000000000000      -7.25125348193333789E-003
   32.000000000000000      -7.17744356988307425E-003
   32.250000000000000      -7.09494367741148567E-003
   32.500000000000000      -7.00330115464907910E-003
   32.750000000000000      -6.90206884900432249E-003
   33.000000000000000      -6.79083815547374976E-003
   33.250000000000000      -6.66927028226852077E-003
   33.500000000000000      -6.53713544644383016E-003
   33.750000000000000      -6.39432817793806219E-003
   34.000000000000000      -6.24087050628048447E-003
   34.250000000000000      -6.07690081968666543E-003
   34.500000000000000      -5.90266050651257201E-003
   34.750000000000000      -5.71849953562836386E-003
   35.000000000000000      -5.52491201931274052E-003
   35.250000000000000      -5.32259096714991949E-003
   35.500000000000000      -5.11247458914164486E-003
   35.750000000000000      -4.89574983144000584E-003
   36.000000000000000      -4.67379700897734701E-003
   36.250000000000000      -4.44809457805420139E-003
   36.500000000000000      -4.22013307233040560E-003
   36.750000000000000      -3.99139056157739661E-003
   37.000000000000000      -3.76338172454724392E-003
   37.250000000000000      -3.53772595995299624E-003
   37.500000000000000      -3.31613786877353036E-003
   37.750000000000000      -3.10028121791557825E-003
   38.000000000000000      -2.89154617310393748E-003
   38.250000000000000      -2.69092578588059133E-003
   38.500000000000000      -2.49913363770280306E-003
   38.750000000000000      -2.31686194522409423E-003
   39.000000000000000      -2.14481778099481811E-003
   39.250000000000000      -1.98330685765610304E-003
   39.500000000000000      -1.83182372499186776E-003
   39.750000000000000      -1.68962908846609860E-003
   40.000000000000000      -1.55700675097660956E-003
   40.250000000000000      -1.46187770671842303E-003
   40.500000000000000      -1.37090549889166990E-003
   40.750000000000000      -1.28384941090068120E-003
   41.000000000000000      -1.19997430933788595E-003
   41.250000000000000      -1.11889212371331457E-003
   41.500000000000000      -1.04081151770251670E-003
   41.750000000000000      -9.66287529065205301E-004
   42.000000000000000      -8.95829684005860420E-004
   42.250000000000000      -8.29813450178697046E-004
   42.500000000000000      -7.68764188893971767E-004
   42.750000000000000      -7.13410007779090131E-004
   43.000000000000000      -6.64136459375126329E-004
   43.250000000000000      -6.20736641774522293E-004
   43.500000000000000      -5.83080158214558568E-004
   43.750000000000000      -5.51200430852087143E-004
   44.000000000000000      -5.24495842276099275E-004
   44.250000000000000      -5.02734904876659078E-004
   44.500000000000000      -4.86877849393501749E-004
   44.750000000000000      -4.76906762013896784E-004
   45.000000000000000      -4.73349015819144142E-004
   45.250000000000000      -4.77150713207185229E-004
   45.500000000000000      -4.87001818999885524E-004
   45.750000000000000      -5.04400824150613649E-004
   46.000000000000000      -5.27714467176568247E-004
   46.250000000000000      -5.59617767178577385E-004
   46.500000000000000      -5.98185809713523003E-004
   46.750000000000000      -6.45903031892800438E-004
   47.000000000000000      -7.02018387592952199E-004
   47.250000000000000      -7.66676544988414738E-004
   47.500000000000000      -8.42779266367510937E-004
   47.750000000000000      -9.28879174151076882E-004
   48.000000000000000      -1.02558089223657271E-003
   48.250000000000000      -1.13605747327151334E-003
   48.500000000000000      -1.26025441868967835E-003
   48.750000000000000      -1.39820618948717609E-003
   49.000000000000000      -1.55247738458950740E-003
   49.250000000000000      -1.72477827152986212E-003
   49.500000000000000      -1.91156999435844813E-003
   49.750000000000000      -2.10964773138150926E-003
   50.000000000000000      -2.31458875273359834E-003
   50.250000000000000      -2.26259379481713683E-003
   50.500000000000000      -2.15240470059950258E-003
   50.750000000000000      -1.97455614242220785E-003
   51.000000000000000      -1.71533600202771852E-003
   51.250000000000000      -1.35291223829842695E-003
   51.500000000000000      -8.65181645279269277E-004
   51.750000000000000      -2.28975310841418410E-004
   52.000000000000000       5.79487649614336556E-004
   52.250000000000000       1.58422521817233575E-003
   52.500000000000000       2.81481674217284481E-003
   52.750000000000000       4.30043324165277786E-003
   53.000000000000000       6.06013098001037618E-003
   53.250000000000000       8.10867251145444556E-003
   53.500000000000000       1.04591851531832224E-002
   53.750000000000000       1.31099751159209320E-002
   54.000000000000000       1.60421777698236193E-002
   54.250000000000000       1.92344326047794723E-002
   54.500000000000000       2.26659468379309115E-002
   54.750000000000000       2.63075563614742942E-002
   55.000000000000000       3.01262345889185580E-002
   55.250000000000000       3.40957844425259088E-002
   55.500000000000000       3.81912724151887290E-002
   55.750000000000000       4.23815913134204664E-002
   56.000000000000000       4.66411355324379898E-002
   56.250000000000000       5.09612685296295317E-002
   56.500000000000000       5.53379908347439164E-002
   56.750000000000000       5.97493919521928651E-002
   57.000000000000000       6.41466635615003111E-002
   57.250000000000000       6.84740149122226860E-002
   57.500000000000000       7.27320182887681715E-002
   57.750000000000000       7.70415433933325511E-002
   58.000000000000000       8.15674148660939374E-002
   58.250000000000000       8.62371711529442697E-002
   58.500000000000000       9.05311936184711591E-002
   58.750000000000000       9.38443094272118083E-002
   59.000000000000000       9.64345569894060062E-002
   59.250000000000000       9.99446907018388536E-002
   59.500000000000000       0.10621497194230264     
   59.750000000000000       0.11447978259720831     
   60.000000000000000       0.11975323263246739     
   60.250000000000000       0.11681968102388908     
   60.500000000000000       0.10791410194370549     
   60.750000000000000       0.10394187101717672     
   61.000000000000000       0.11703194206573179     
   61.250000000000000       0.14815612141781809     
   61.500000000000000       0.17211736947783549     
   61.750000000000000       0.15520805884557862     
   62.000000000000000       0.10637962258514483     
   62.250000000000000       6.10538184156069544E-002
   62.500000000000000       3.33218889144139552E-002
   62.750000000000000       1.89542915518684588E-002
   63.000000000000000       1.16936631645345492E-002
   63.250000000000000       7.82532327169563509E-003
   63.500000000000000       5.57560361940329877E-003
   63.750000000000000       4.14331536024238178E-003
   64.000000000000000       3.16122336755264620E-003
   64.250000000000000       2.45172623069064106E-003
   64.500000000000000       1.92178755682762838E-003
   64.750000000000000       1.51765011488920508E-003
   65.000000000000000       1.20498678890329025E-003
   65.250000000000000       9.60152739130932706E-004
   65.500000000000000       7.66298546079169731E-004
   65.750000000000000       6.11448048549363969E-004
   66.000000000000000       4.87221901645252739E-004
   66.250000000000000       3.87736361264434399E-004
   66.500000000000000       3.08638720765112547E-004
   66.750000000000000       2.46382471723548854E-004
   67.000000000000000       1.97811313394392815E-004
   67.250000000000000       1.60025807857508184E-004
   67.500000000000000       1.30432123772249869E-004
   67.750000000000000       1.06852484695901416E-004
   68.000000000000000       8.76046531734137632E-005
   68.250000000000000       7.15069204465351829E-005
   68.500000000000000       5.78101879600469311E-005
   68.750000000000000       4.60855694206899449E-005
   69.000000000000000       3.61025742040462842E-005
   69.250000000000000       2.77253491644676125E-005
   69.500000000000000       2.08410163955886382E-005
   69.750000000000000       1.53215822990679772E-005
   70.000000000000000       1.10127180338550867E-005
   70.250000000000000       7.73949265986315953E-006
   70.500000000000000       5.31967533653145936E-006
   70.750000000000000       3.57774433812676078E-006
   71.000000000000000       2.35572465132524489E-006
   71.250000000000000       1.51947782929946401E-006
   71.500000000000000       9.60713198205054380E-007
   71.750000000000000       5.95799934794238919E-007
   72.000000000000000       3.62651443433787094E-007
   72.250000000000000       2.16784981632374155E-007
   72.500000000000000       1.27344365406578044E-007
   72.750000000000000       7.35514231675306303E-008
   73.000000000000000       4.17929238312592559E-008
   73.250000000000000       2.33745660955318729E-008
   73.500000000000000       1.28745377664624296E-008
   73.750000000000000       6.98674351774318553E-009
   74.000000000000000       3.73741054520083291E-009
   74.250000000000000       1.97155043711236684E-009
   74.500000000000000       1.02604215894723463E-009
   74.750000000000000       5.27003265286237793E-010
   75.000000000000000       2.67248109681333725E-010
   75.250000000000000       1.33851741297207880E-010
   75.500000000000000       6.62352351100586079E-011
   75.750000000000000       3.23929635822666005E-011
   76.000000000000000       1.56618603418722270E-011
   76.250000000000000       7.48851366220091045E-012
   76.500000000000000       3.54185242038598501E-012
   76.750000000000000       1.65754571235221971E-012
   77.000000000000000       7.67738787055492834E-013
   77.250000000000000       3.52032196639592719E-013
   77.500000000000000       1.59836455163005968E-013
   77.750000000000000       7.18775563006043371E-014
   78.000000000000000       3.20206628738251371E-014
   78.250000000000000       1.41344437072724222E-014
   78.500000000000000       6.18339297114817437E-015
   78.750000000000000       2.68138840578425974E-015
   79.000000000000000       1.15281402228087787E-015
   79.250000000000000       4.91478291205482768E-016
   79.500000000000000       2.07812228811532764E-016
   79.750000000000000       8.71631595068425755E-017
   80.000000000000000       3.62711081574914855E-017
   80.250000000000000       1.49769423990736543E-017
   80.500000000000000       6.13742435109273174E-018
   80.750000000000000       2.49639784156704036E-018
   81.000000000000000       1.00801736002894241E-018
   81.250000000000000       4.04118487410388645E-019
   81.500000000000000       1.60876997511629932E-019
   81.750000000000000       6.36033418910604568E-020
   82.000000000000000       2.49759008784501706E-020
   82.250000000000000       9.74250135812741744E-021
   82.500000000000000       3.77554051460337195E-021
   82.750000000000000       1.45377397442966320E-021
   83.000000000000000       5.56252579474430115E-022
   83.250000000000000       2.11520024660944557E-022
   83.500000000000000       7.99430693129618612E-023
   83.750000000000000       3.00333880029738532E-023
   84.000000000000000       1.12166995090030642E-023
   84.250000000000000       4.16490392532416234E-024
   84.500000000000000       1.53767585225887293E-024
   84.750000000000000       5.64526296427759814E-025
   85.000000000000000       2.06111279550848417E-025
   85.250000000000000       7.48436842755011911E-026
   85.500000000000000       2.70321767055805546E-026
   85.750000000000000       9.71214255163010201E-027
   86.000000000000000       3.47129927909352226E-027
   86.250000000000000       1.23437178715487487E-027
   86.500000000000000       4.36726892936495431E-028
   86.750000000000000       1.53750379862409497E-028
   87.000000000000000       5.38637124563821792E-029
   87.250000000000000       1.87793670344742434E-029
   87.500000000000000       6.51628735346485644E-030
   87.750000000000000       2.25052291700981438E-030
   88.000000000000000       7.73676188400919061E-031
   88.250000000000000       2.64761958965336991E-031
   88.500000000000000       9.01986117130607690E-032
   88.750000000000000       3.05927673884964906E-032
   89.000000000000000       1.03309070614195670E-032
   89.250000000000000       3.47363738022279769E-033
   89.500000000000000       1.16300568056155727E-033
   89.750000000000000       3.87752830783883998E-034
   90.000000000000000       1.28744246544333303E-034
   90.250000000000000       4.25719762754250646E-035
   90.500000000000000       1.40205755953663912E-035
   90.750000000000000       4.59913721718666324E-036
   91.000000000000000       1.50271754853836677E-036
   91.250000000000000       4.89091751971975731E-037
   91.500000000000000       1.58575610862118279E-037
   91.750000000000000       5.12195993230143715E-038
   92.000000000000000       1.64820008340245865E-038
   92.250000000000000       5.28417870616919938E-039
   92.500000000000000       1.68794510353909424E-039
   92.750000000000000       5.37243861470049548E-040
   93.000000000000000       1.70386673210999922E-040
   93.250000000000000       5.38479454148835004E-041
   93.500000000000000       1.69585996487910782E-041
   93.750000000000000       5.32250180296566930E-042
   94.000000000000000       1.66480716539219753E-042
   94.250000000000000       5.18980849012520201E-043
   94.500000000000000       1.61248126100399435E-043
   94.750000000000000       4.99356070370213697E-044
   95.000000000000000       1.54139650608065017E-044
   95.250000000000000       4.74266621392329645E-045
   95.500000000000000       1.45462281324995212E-045
   95.750000000000000       4.44747060225785974E-046
   96.000000000000000       1.35558132984700875E-046
   96.250000000000000       4.11910205952620885E-047
   96.500000000000000       1.24783864423081527E-047
   96.750000000000000       3.76883727822130771E-048
   97.000000000000000       1.13491503187244497E-048
   97.250000000000000       3.40753248389401071E-049
   97.500000000000000       1.02011894406039489E-049
   97.750000000000000       3.04515218229452272E-050
   98.000000000000000       9.06416031378988784E-051
   98.250000000000000       2.69041535267244334E-051
   98.500000000000000       7.96336905480488723E-052
   98.750000000000000       2.35056616799920731E-052
   99.000000000000000       6.91924032295030159E-053
   99.250000000000000       2.03126514512894968E-053
   99.500000000000000       5.94714959937689007E-054
   99.750000000000000       1.73658779530336373E-054
   100.00000000000000       5.05756723078734840E-055
   100.25000000000000       1.46911180113171257E-055
   100.50000000000000       4.25644807670745153E-056
   100.75000000000000       1.23007053792803335E-056
   101.00000000000000       3.54579466916092348E-057
   101.25000000000000       1.01955011571428653E-057
   101.50000000000000       2.92432327738753077E-058
   101.75000000000000       8.36708558412325491E-059
   102.00000000000000       2.38816941990572606E-059
   102.25000000000000       6.79998663543691855E-060
   102.50000000000000       1.93158024004758410E-060
   102.75000000000000       5.47379887457793076E-061
   103.00000000000000       1.54755388996481270E-061
   103.25000000000000       4.36508722387507671E-062
   103.50000000000000       1.22839904654802075E-062
   103.75000000000000       3.44901021123381230E-063
   104.00000000000000       9.66199679400692741E-064
   104.25000000000000       2.70063258271107116E-064
   104.50000000000000       7.53180385936552871E-065
   104.75000000000000       2.09592598057587629E-065
   105.00000000000000       5.81975572084601114E-066
   105.25000000000000       1.61247786677681264E-066
   105.50000000000000       4.45811389197941102E-067
   105.75000000000000       1.22994313426590832E-067
   106.00000000000000       3.38612787675787362E-068
   106.25000000000000       9.30280655976114849E-069
   106.50000000000000       2.55049627658611154E-069
   106.75000000000000       6.97819522234491954E-070
   107.00000000000000       1.90535893198171034E-070
   107.25000000000000       5.19198218054568891E-071
   107.50000000000000       1.41195104249172247E-071
   107.75000000000000       3.83215777955917523E-072
   108.00000000000000       1.03803398675611833E-072
   108.25000000000000       2.80628172423718602E-073
   108.50000000000000       7.57197948421895432E-074
   108.75000000000000       2.03916762093623603E-074
   109.00000000000000       5.48111032490477275E-075
   109.25000000000000       1.47049304329531367E-075
   109.50000000000000       3.93770181614835581E-076
   109.75000000000000       1.05248186613504830E-076
   110.00000000000000       2.80792046248691780E-077
   110.25000000000000       7.47755685227923682E-078
   110.50000000000000       1.98767632667635287E-078
   110.75000000000000       5.27410564978013236E-079
   111.00000000000000       1.39693218868038413E-079
   111.25000000000000       3.69344136137462754E-080
   111.50000000000000       9.74815545421797439E-081
   111.75000000000000       2.56835430542033071E-081
   112.00000000000000       6.75514222427856704E-082
   112.25000000000000       1.77364576651533484E-082
   112.50000000000000       4.64898115318609314E-083
   112.75000000000000       1.21650194553631871E-083
   113.00000000000000       3.17788004220475459E-084
   113.25000000000000       8.28776332406729380E-085
   113.50000000000000       2.15783257141820364E-085
   113.75000000000000       5.60898219234737498E-086
   114.00000000000000       1.45559842677276716E-086
   114.25000000000000       3.77133852395291219E-087
   114.50000000000000       9.75553393019278935E-088
   114.75000000000000       2.51949359776826565E-088
   115.00000000000000       6.49661614042149654E-089
   115.25000000000000       1.67254523203912648E-089
   115.50000000000000       4.29922506440611552E-090
   115.75000000000000       1.10338990434109815E-090
   116.00000000000000       2.82747752653023787E-091
   116.25000000000000       7.23444815677959091E-092
   116.50000000000000       1.84821484266604128E-092
   116.75000000000000       4.71460106457462607E-093
   117.00000000000000       1.20084650615056213E-093
   117.25000000000000       3.05410982548191118E-094
   117.50000000000000       7.75605541167212499E-095
   117.75000000000000       1.96680229785657098E-095
   118.00000000000000       4.98021924200816376E-096
   118.25000000000000       1.25924002618292994E-096
   118.50000000000000       3.17940010682757713E-097
   118.75000000000000       8.01609237992001962E-098
   119.00000000000000       2.01820518563711126E-098
   119.25000000000000       5.07407827614664612E-099
   119.50000000000000       1.27392062475294599E-099
   119.75000000000000       3.19392719937529097E-100
   120.00000000000000       7.99666913674797241E-101
   120.25000000000000       1.99939546409221447E-101
   120.50000000000000       4.99226563611812040E-102
   120.75000000000000       1.24482982068203263E-102
   121.00000000000000       3.09984130227245264E-103
   121.25000000000000       7.70885614232202782E-104
   121.50000000000000       1.91454337665476142E-104
   121.75000000000000       4.74863744933525082E-105
   122.00000000000000       1.17626467930974165E-105
   122.25000000000000       2.90989292127167023E-106
   122.50000000000000       7.18933133011877534E-107
   122.75000000000000       1.77395714140096630E-107
   123.00000000000000       4.37164046230172186E-108
   123.25000000000000       1.07595959199912395E-108
   123.50000000000000       2.64485082621785148E-109
   123.75000000000000       6.49327130163623899E-110
   124.00000000000000       1.59215915139007272E-110
   124.25000000000000       3.89918058200815366E-111
   124.50000000000000       9.53734540984851014E-112
   124.75000000000000       2.32998046329514367E-112
   125.00000000000000       5.68526790552953415E-113
   125.25000000000000       1.38556443254901001E-113
   125.50000000000000       3.37274007172976042E-114
   125.75000000000000       8.20016439284105844E-115
   126.00000000000000       1.99135615591617450E-115
   126.25000000000000       4.83020032612357712E-116
   126.50000000000000       1.17023816906481005E-116
   126.75000000000000       2.83190939454762401E-117
   127.00000000000000       6.84515778185376842E-118
   127.25000000000000       1.65268312234562335E-118
   127.50000000000000       3.98566431402379074E-119
   127.75000000000000       9.60107342157427834E-120
   128.00000000000000       2.31020080724673005E-120
   128.25000000000000       5.55256221164026492E-121
   128.50000000000000       1.33307248018485640E-121
   128.75000000000000       3.19693319061729451E-122
   129.00000000000000       7.65835755454157638E-123
   129.25000000000000       1.83257933613095677E-123
   129.50000000000000       4.38044024879949364E-124
   129.75000000000000       1.04593164084105034E-124
   130.00000000000000       2.49472177159135430E-125
   130.25000000000000       5.94397390909557030E-126
   130.50000000000000       1.41471935159829282E-126
   130.75000000000000       3.36360472118284535E-127
   131.00000000000000       7.98883562009252321E-128
   131.25000000000000       1.89543318007775208E-128
   131.50000000000000       4.49244222441979549E-129
   131.75000000000000       1.06367289705964599E-129
   132.00000000000000       2.51586757284361528E-130
   132.25000000000000       5.94461935091664300E-131
   132.50000000000000       1.40319939566607177E-131
   132.75000000000000       3.30884364399660649E-132
   133.00000000000000       7.79465777883367780E-133
   133.25000000000000       1.83435851620134952E-133
   133.50000000000000       4.31260953322353626E-134
   133.75000000000000       1.01290141020527387E-134
   134.00000000000000       2.37666340847542287E-135
   134.25000000000000       5.57113879155699070E-136
   134.50000000000000       1.30466309548945560E-136
   134.75000000000000       3.05234181785649518E-137
   135.00000000000000       7.13428759055461863E-138
   135.25000000000000       1.66591547617778325E-138
   135.50000000000000       3.88635480798403547E-139
   135.75000000000000       9.05776973724102209E-140
   136.00000000000000       2.10907313672632387E-140
   136.25000000000000       4.90631821446376078E-141
   136.50000000000000       1.14029086979781877E-141
   136.75000000000000       2.64772929404189254E-142
   137.00000000000000       6.14230858040443938E-143
   137.25000000000000       1.42361284930502983E-143
   137.50000000000000       3.29652571848280726E-144
   137.75000000000000       7.62653739513503194E-145
   138.00000000000000       1.76281507243821237E-145
   138.25000000000000       4.07095735856134048E-146
   138.50000000000000       9.39288085955633919E-147
   138.75000000000000       2.16528733047408137E-147
   139.00000000000000       4.98710714199374814E-148
   139.25000000000000       1.14762571579100959E-148
   139.50000000000000       2.63859176539895137E-149
   139.75000000000000       6.06130903758436744E-150
   140.00000000000000       1.39118492575993656E-150
   140.25000000000000       3.19028449980701771E-151
   140.50000000000000       7.30974062403937581E-152
   140.75000000000000       1.67341784173822681E-152
   141.00000000000000       3.82770585125164123E-153
   141.25000000000000       8.74795001327777060E-154
   141.50000000000000       1.99760415893893332E-154
   141.75000000000000       4.55774257409740982E-155
   142.00000000000000       1.03903258615524081E-155
   142.25000000000000       2.36673343862077804E-156
   142.50000000000000       5.38656741400894835E-157
   142.75000000000000       1.22495231759948210E-157
   143.00000000000000       2.78337898043709954E-158
   143.25000000000000       6.31936307458382230E-159
   143.50000000000000       1.43358614606274087E-159
   143.75000000000000       3.24956709459517958E-160
   144.00000000000000       7.36003937092603744E-161
   144.25000000000000       1.66567152001913654E-161
   144.50000000000000       3.76664630287895145E-162
   144.75000000000000       8.51095376623712461E-163
   145.00000000000000       1.92159195058325667E-163
   145.25000000000000       4.33516154987023921E-164
   145.50000000000000       9.77264654409858746E-165
   145.75000000000000       2.20132157123012514E-165
   146.00000000000000       4.95473885744240325E-166
   146.25000000000000       1.11436024627979212E-166
   146.50000000000000       2.50437626230101775E-167
   146.75000000000000       5.62398596711157747E-168
   147.00000000000000       1.26200507909363039E-168
   147.25000000000000       2.82977387973927767E-169
   147.50000000000000       6.34041435810951920E-170
   147.75000000000000       1.41958150850999453E-170
   148.00000000000000       3.17600596769647428E-171
   148.25000000000000       7.10038758543223433E-172
   148.50000000000000       1.58622226913427996E-172
   148.75000000000000       3.54102199882262818E-173
   149.00000000000000       7.89905300272523349E-174
   149.25000000000000       1.76059559462036272E-174
   149.50000000000000       3.91264734952926886E-175
   149.75000000000000       8.29893756753331918E-176
   150.00000000000000        0.0000000000000000     
