   0.0000000000000000        0.0000000000000000     
  0.25000000000000000      -1.49896103675273581E-006
  0.50000000000000000      -2.16142743509681911E-006
  0.75000000000000000      -2.51239000682089312E-008
   1.0000000000000000       4.65256612035312979E-007
   1.2500000000000000      -1.99142914799377385E-006
   1.5000000000000000      -4.97455706394856211E-006
   1.7500000000000000      -5.83516271333638241E-006
   2.0000000000000000      -4.12350316507666573E-006
   2.2500000000000000      -1.46621993257210419E-006
   2.5000000000000000       3.42271866707111204E-008
   2.7500000000000000      -7.09443685419676773E-007
   3.0000000000000000      -3.27293573110632778E-006
   3.2500000000000000      -6.20441174015842657E-006
   3.5000000000000000      -7.95402102231340877E-006
   3.7500000000000000      -7.66328826951429350E-006
   4.0000000000000000      -5.47672177266177520E-006
   4.2500000000000000      -2.35095432024572714E-006
   4.5000000000000000       4.43254025741111204E-007
   4.7500000000000000       1.85972417171240243E-006
   5.0000000000000000       1.44287128559519852E-006
   5.2500000000000000      -5.75680977481183934E-007
   5.5000000000000000      -3.43033226674802914E-006
   5.7500000000000000      -6.12667150255681013E-006
   6.0000000000000000      -7.77368335849650169E-006
   6.2500000000000000      -7.83899938464186730E-006
   6.5000000000000000      -6.26652177921665194E-006
   6.7500000000000000      -3.44728468910997352E-006
   7.0000000000000000      -7.60721422840274652E-008
   7.2500000000000000       3.04745543608007020E-006
   7.5000000000000000       5.22509532163905801E-006
   7.7500000000000000       6.00763519209349936E-006
   8.0000000000000000       5.27585842759256713E-006
   8.2500000000000000       3.23593594054167179E-006
   8.5000000000000000       3.47239124677639569E-007
   8.7500000000000000      -2.78960696999392087E-006
   9.0000000000000000      -5.55529109189704004E-006
   9.2500000000000000      -7.43017672828446489E-006
   9.5000000000000000      -8.07649500082945294E-006
   9.7500000000000000      -7.36902457853932800E-006
   10.000000000000000      -5.41831547557782024E-006
   10.250000000000000      -2.52278321741724865E-006
   10.500000000000000       8.75332388324964690E-007
   10.750000000000000       4.25993584214943680E-006
   11.000000000000000       7.14217323255251989E-006
   11.250000000000000       9.17231404977285221E-006
   11.500000000000000       1.00540412308991124E-005
   11.750000000000000       9.69598965803897492E-006
   12.000000000000000       8.17342993995030642E-006
   12.250000000000000       5.63417491845941548E-006
   12.500000000000000       2.32821198225761369E-006
   12.750000000000000      -1.33971053512396248E-006
   13.000000000000000      -4.94510360042463098E-006
   13.250000000000000      -8.21157028859594875E-006
   13.500000000000000      -1.08046349785518270E-005
   13.750000000000000      -1.25288319674191236E-005
   14.000000000000000      -1.32541538200772560E-005
   14.250000000000000      -1.29866400100334455E-005
   14.500000000000000      -1.16810785263457674E-005
   14.750000000000000      -9.52406277403210241E-006
   15.000000000000000      -6.71504004950576844E-006
   15.250000000000000      -3.54467154107998968E-006
   15.500000000000000      -3.09764041614758180E-007
   15.750000000000000       2.71825146447212600E-006
   16.000000000000000       5.29915836000014120E-006
   16.250000000000000       7.23198765613740364E-006
   16.500000000000000       8.36054437291102995E-006
   16.750000000000000       8.57474832450280532E-006
   17.000000000000000       7.81027712629915407E-006
   17.250000000000000       6.04762879150800659E-006
   17.500000000000000       3.31046248154334460E-006
   17.750000000000000      -3.36036757566005916E-007
   18.000000000000000      -4.79045057094292403E-006
   18.250000000000000      -9.92371733902396919E-006
   18.500000000000000      -1.55863184018893095E-005
   18.750000000000000      -2.16194286597512301E-005
   19.000000000000000      -2.78641606590559979E-005
   19.250000000000000      -3.41706057213447654E-005
   19.500000000000000      -4.04048309758217440E-005
   19.750000000000000      -4.64539691984712253E-005
   20.000000000000000      -5.22292864700831872E-005
   20.250000000000000      -5.76673739906354122E-005
   20.500000000000000      -6.27298118432193614E-005
   20.750000000000000      -6.74016752281618095E-005
   21.000000000000000      -7.16892953845975301E-005
   21.250000000000000      -7.56176754840114221E-005
   21.500000000000000      -7.92279272147357013E-005
   21.750000000000000      -8.25750164010332022E-005
   22.000000000000000      -8.57259170851782347E-005
   22.250000000000000      -8.87579980440314704E-005
   22.500000000000000      -9.17568074524292127E-005
   22.750000000000000      -9.48129114090135399E-005
   23.000000000000000      -9.80184428337210637E-005
   23.250000000000000      -1.01465443154831074E-004
   23.500000000000000      -1.05248305334806910E-004
   23.750000000000000      -1.09465516542741085E-004
   24.000000000000000      -1.14190457990465528E-004
   24.250000000000000      -1.19551771682705848E-004
   24.500000000000000      -1.25611802473726033E-004
   24.750000000000000      -1.32472368148136096E-004
   25.000000000000000      -1.40229596495847821E-004
   25.250000000000000      -1.48948725151446063E-004
   25.500000000000000      -1.58708045283125230E-004
   25.750000000000000      -1.69529814584297390E-004
   26.000000000000000      -1.81486382504697882E-004
   26.250000000000000      -1.94611335914614779E-004
   26.500000000000000      -2.08986156903987911E-004
   26.750000000000000      -2.24685628128110256E-004
   27.000000000000000      -2.41643086104231320E-004
   27.250000000000000      -2.60013516321927452E-004
   27.500000000000000      -2.79780124091425213E-004
   27.750000000000000      -3.00912349045334053E-004
   28.000000000000000      -3.23549192032430175E-004
   28.250000000000000      -3.47699753188560761E-004
   28.500000000000000      -3.73311577372995691E-004
   28.750000000000000      -4.00416593378286512E-004
   29.000000000000000      -4.29034433135908500E-004
   29.250000000000000      -4.59068983710298579E-004
   29.500000000000000      -4.90478570993769657E-004
   29.750000000000000      -5.23173044420542372E-004
   30.000000000000000      -5.56962400815656854E-004
   30.250000000000000      -5.91588729191573431E-004
   30.500000000000000      -6.26762794757017142E-004
   30.750000000000000      -6.62148719033359861E-004
   31.000000000000000      -6.97363359038190127E-004
   31.250000000000000      -7.31933211537762391E-004
   31.500000000000000      -7.65289208207797084E-004
   31.750000000000000      -7.96774904407988589E-004
   32.000000000000000      -8.25643808987530864E-004
   32.250000000000000      -8.51060312435279417E-004
   32.500000000000000      -8.72098951970225059E-004
   32.750000000000000      -8.87734942296560382E-004
   33.000000000000000      -8.96823615538677038E-004
   33.250000000000000      -8.98084307997339712E-004
   33.500000000000000      -8.90077799542488501E-004
   33.750000000000000      -8.71201747293391389E-004
   34.000000000000000      -8.39691343460419659E-004
   34.250000000000000      -7.93629012846016365E-004
   34.500000000000000      -7.30961738926545301E-004
   34.750000000000000      -6.49520756341378852E-004
   35.000000000000000      -5.47037606709420117E-004
   35.250000000000000      -4.21153057738965909E-004
   35.500000000000000      -2.69415252168789818E-004
   35.750000000000000      -8.92687146676834171E-005
   36.000000000000000       1.21961213682822216E-004
   36.250000000000000       3.67081079700993748E-004
   36.500000000000000       6.49029007141874517E-004
   36.750000000000000       9.70853956362197588E-004
   37.000000000000000       1.33567420501999362E-003
   37.250000000000000       1.74662502047197581E-003
   37.500000000000000       2.20681498599674701E-003
   37.750000000000000       2.71931378383724045E-003
   38.000000000000000       3.28718221132873493E-003
   38.250000000000000       3.91352897045133853E-003
   38.500000000000000       4.60154329289918715E-003
   38.750000000000000       5.35443266785388082E-003
   39.000000000000000       6.17522347030428995E-003
   39.250000000000000       7.06647613377116984E-003
   39.500000000000000       8.03016154462965655E-003
   39.750000000000000       9.06758199170221157E-003
   40.000000000000000       1.01808957741121552E-002
   40.250000000000000       1.16015016160107669E-002
   40.500000000000000       1.31597179483422169E-002
   40.750000000000000       1.48630003511581697E-002
   41.000000000000000       1.67178347129844779E-002
   41.250000000000000       1.87294107341063054E-002
   41.500000000000000       2.09010783303831722E-002
   41.750000000000000       2.32335569505331858E-002
   42.000000000000000       2.57242111642548982E-002
   42.250000000000000       2.83665205646303903E-002
   42.500000000000000       3.11497639180842306E-002
   42.750000000000000       3.40588885072504802E-002
   43.000000000000000       3.70745016326282442E-002
   43.250000000000000       4.01728896038671610E-002
   43.500000000000000       4.33259790357624561E-002
   43.750000000000000       4.65012653041010637E-002
   44.000000000000000       4.96619116010568185E-002
   44.250000000000000       5.27672422426256407E-002
   44.500000000000000       5.57734742646382661E-002
   44.750000000000000       5.86340877540368413E-002
   45.000000000000000       6.12997855653733825E-002
   45.250000000000000       6.37194260749236879E-002
   45.500000000000000       6.58423662617096533E-002
   45.750000000000000       6.76189090564864037E-002
   46.000000000000000       6.89994367850884638E-002
   46.250000000000000       6.99398619122490461E-002
   46.500000000000000       7.04021252724084667E-002
   46.750000000000000       7.03522167234697238E-002
   47.000000000000000       6.97724610856145233E-002
   47.250000000000000       6.86492700750632318E-002
   47.500000000000000       6.69924682181297776E-002
   47.750000000000000       6.48206991510827252E-002
   48.000000000000000       6.21723850142108792E-002
   48.250000000000000       5.91074173187451368E-002
   48.500000000000000       5.56932526873460954E-002
   48.750000000000000       5.20168935252102935E-002
   49.000000000000000       4.81800433439265735E-002
   49.250000000000000       4.42854873221874279E-002
   49.500000000000000       4.04450701748333280E-002
   49.750000000000000       3.67856247948105466E-002
   50.000000000000000       3.34351847478827763E-002
   50.250000000000000       2.75977359329615327E-002
   50.500000000000000       2.26061276890290111E-002
   50.750000000000000       1.84124773315536873E-002
   51.000000000000000       1.49301468786455262E-002
   51.250000000000000       1.20662633306187310E-002
   51.500000000000000       9.73287406781657080E-003
   51.750000000000000       7.84113398770773171E-003
   52.000000000000000       6.30906629836296574E-003
   52.250000000000000       5.07261560055256508E-003
   52.500000000000000       4.08059563270093701E-003
   52.750000000000000       3.28536376251733131E-003
   53.000000000000000       2.64471788277122286E-003
   53.250000000000000       2.12779303179321325E-003
   53.500000000000000       1.71308774072161433E-003
   53.750000000000000       1.38164851011517566E-003
   54.000000000000000       1.11476758035094527E-003
   54.250000000000000       8.97168476569845381E-004
   54.500000000000000       7.19472596377859611E-004
   54.750000000000000       5.76385975894488163E-004
   55.000000000000000       4.63026554797120091E-004
   55.250000000000000       3.73234490133651233E-004
   55.500000000000000       3.00680609403759227E-004
   55.750000000000000       2.40768952442165293E-004
   56.000000000000000       1.91302838449703864E-004
   56.250000000000000       1.51602217420253950E-004
   56.500000000000000       1.21096224195547578E-004
   56.750000000000000       9.84667085551274015E-005
   57.000000000000000       8.16790032766849419E-005
   57.250000000000000       6.85611009645184532E-005
   57.500000000000000       5.74014974587187777E-005
   57.750000000000000       4.72343217723049632E-005
   58.000000000000000       3.77757906738135756E-005
   58.250000000000000       2.91602104171651391E-005
   58.500000000000000       2.16527559589143858E-005
   58.750000000000000       1.54503410845347917E-005
   59.000000000000000       1.05985755810346918E-005
   59.250000000000000       6.99793074051811446E-006
   59.500000000000000       4.45455470448969484E-006
   59.750000000000000       2.73854522602015013E-006
   60.000000000000000       1.62890309059289656E-006
   60.250000000000000       9.39047967600109468E-007
   60.500000000000000       5.25554606894222605E-007
   60.750000000000000       2.85997163190633366E-007
   61.000000000000000       1.51547828169807355E-007
   61.250000000000000       7.83009471817421954E-008
   61.500000000000000       3.94962588455124714E-008
   61.750000000000000       1.94723755907180752E-008
   62.000000000000000       9.39337149272450093E-009
   62.250000000000000       4.43808330618171331E-009
   62.500000000000000       2.05561511858035929E-009
   62.750000000000000       9.34186328944083316E-010
   63.000000000000000       4.16886622359920369E-010
   63.250000000000000       1.82818136207754429E-010
   63.500000000000000       7.88388641248841353E-011
   63.750000000000000       3.34552846199094152E-011
   64.000000000000000       1.39784238698995821E-011
   64.250000000000000       5.75400706696791627E-012
   64.500000000000000       2.33472652077158044E-012
   64.750000000000000       9.34278059567625771E-013
   65.000000000000000       3.68892038812356495E-013
   65.250000000000000       1.43781268264423139E-013
   65.500000000000000       5.53441113101933976E-014
   65.750000000000000       2.10466453873477477E-014
   66.000000000000000       7.91049756652829405E-015
   66.250000000000000       2.93963047937279160E-015
   66.500000000000000       1.08043924828844517E-015
   66.750000000000000       3.92889029207773654E-016
   67.000000000000000       1.41396214330395124E-016
   67.250000000000000       5.03771923731188587E-017
   67.500000000000000       1.77738862714754932E-017
   67.750000000000000       6.21157070864198581E-018
   68.000000000000000       2.15082035448335567E-018
   68.250000000000000       7.38071834972096041E-019
   68.500000000000000       2.51066282952019789E-019
   68.750000000000000       8.46783759332060883E-020
   69.000000000000000       2.83234399741591076E-020
   69.250000000000000       9.39723163055682086E-021
   69.500000000000000       3.09329798819538503E-021
   69.750000000000000       1.01040493846642643E-021
   70.000000000000000       3.27568206761896886E-022
   70.250000000000000       1.05418836883249302E-022
   70.500000000000000       3.36836829384222948E-023
   70.750000000000000       1.06875385500169282E-023
   71.000000000000000       3.36792066393846961E-024
   71.250000000000000       1.05423833126778121E-024
   71.500000000000000       3.27848289385984916E-025
   71.750000000000000       1.01303936998896547E-025
   72.000000000000000       3.11070600497005796E-026
   72.250000000000000       9.49355260628411317E-027
   72.500000000000000       2.87999449535750892E-027
   72.750000000000000       8.68563840271392707E-028
   73.000000000000000       2.60442186228339882E-028
   73.250000000000000       7.76552870733857307E-029
   73.500000000000000       2.30266003550670979E-029
   73.750000000000000       6.79102218331374032E-030
   74.000000000000000       1.99220009650478500E-030
   74.250000000000000       5.81390292651366767E-031
   74.500000000000000       1.68804016621941956E-031
   74.750000000000000       4.87663018482312712E-032
   75.000000000000000       1.40190805299911719E-032
   75.250000000000000       4.01071052126078131E-033
   75.500000000000000       1.14199302081699203E-033
   75.750000000000000       3.23655573738721923E-034
   76.000000000000000       9.13095792139780204E-035
   76.250000000000000       2.56447391095507735E-035
   76.500000000000000       7.17072429648618404E-036
   76.750000000000000       1.99638234591841294E-036
   77.000000000000000       5.53442653002716892E-037
   77.250000000000000       1.52785142305053599E-037
   77.500000000000000       4.20048802035097826E-038
   77.750000000000000       1.15015994562438408E-038
   78.000000000000000       3.13679068220309985E-039
   78.250000000000000       8.52137834227236050E-040
   78.500000000000000       2.30599646648258001E-040
   78.750000000000000       6.21668237937362137E-041
   79.000000000000000       1.66969085581115047E-041
   79.250000000000000       4.46803174026299035E-042
   79.500000000000000       1.19130793593756261E-042
   79.750000000000000       3.16507225281635768E-043
   80.000000000000000       8.37951044356495793E-044
   80.250000000000000       2.21081364040370879E-044
   80.500000000000000       5.81308390815114201E-045
   80.750000000000000       1.52336502262175907E-045
   81.000000000000000       3.97892495708867985E-046
   81.250000000000000       1.03588811014273813E-046
   81.500000000000000       2.68822581395607039E-047
   81.750000000000000       6.95415625921798829E-048
   82.000000000000000       1.79336417150872381E-048
   82.250000000000000       4.61059512999053881E-049
   82.500000000000000       1.18175819356078909E-049
   82.750000000000000       3.01996328853982808E-050
   83.000000000000000       7.69474055733435142E-051
   83.250000000000000       1.95489329419914150E-051
   83.500000000000000       4.95228916033838340E-052
   83.750000000000000       1.25100640854191044E-052
   84.000000000000000       3.15137481386958274E-053
   84.250000000000000       7.91668946983166918E-054
   84.500000000000000       1.98337982062969889E-054
   84.750000000000000       4.95566886598126982E-055
   85.000000000000000       1.23494563896069243E-055
   85.250000000000000       3.06942715102080460E-056
   85.500000000000000       7.60930873991939651E-057
   85.750000000000000       1.88159275860952710E-057
   86.000000000000000       4.64100992576367413E-058
   86.250000000000000       1.14187721687806852E-058
   86.500000000000000       2.80259089670683095E-059
   86.750000000000000       6.86193305429035390E-060
   87.000000000000000       1.67607151657801863E-060
   87.250000000000000       4.08423286763329846E-061
   87.500000000000000       9.92916366933437097E-062
   87.750000000000000       2.40830326493269874E-062
   88.000000000000000       5.82797782845414508E-063
   88.250000000000000       1.40716322639980317E-063
   88.500000000000000       3.39002089415422803E-064
   88.750000000000000       8.14897180949159336E-065
   89.000000000000000       1.95459518197597876E-065
   89.250000000000000       4.67816166105005995E-066
   89.500000000000000       1.11729704337794673E-066
   89.750000000000000       2.66285510114923956E-067
   90.000000000000000       6.33318442099349340E-068
   90.250000000000000       1.50315068879541125E-068
   90.500000000000000       3.56039830465621653E-069
   90.750000000000000       8.41627761254156067E-070
   91.000000000000000       1.98553009078869545E-070
   91.250000000000000       4.67495286135077341E-071
   91.500000000000000       1.09857969634776629E-071
   91.750000000000000       2.57660911918789071E-072
   92.000000000000000       6.03166296922288804E-073
   92.250000000000000       1.40930799533770874E-073
   92.500000000000000       3.28672756786611026E-074
   92.750000000000000       7.65101262665449495E-075
   93.000000000000000       1.77778765598684241E-075
   93.250000000000000       4.12339377424882660E-076
   93.500000000000000       9.54666666463576290E-077
   93.750000000000000       2.20637163770820920E-077
   94.000000000000000       5.09029955869910392E-078
   94.250000000000000       1.17233968348012107E-078
   94.500000000000000       2.69535890367223597E-079
   94.750000000000000       6.18643125006798531E-080
   95.000000000000000       1.41752770530593733E-080
   95.250000000000000       3.24263380875817621E-081
   95.500000000000000       7.40536280177335989E-082
   95.750000000000000       1.68843305042386118E-082
   96.000000000000000       3.84341517144700677E-083
   96.250000000000000       8.73481038045870196E-084
   96.500000000000000       1.98197905648591879E-084
   96.750000000000000       4.49014752103904250E-085
   97.000000000000000       1.01565123317390409E-085
   97.250000000000000       2.29380982206328249E-086
   97.500000000000000       5.17255734750403067E-087
   97.750000000000000       1.16464752236047163E-087
   98.000000000000000       2.61837040473853202E-088
   98.250000000000000       5.87788454839817462E-089
   98.500000000000000       1.31755978827911068E-089
   98.750000000000000       2.94906781303986180E-090
   99.000000000000000       6.59128491281318763E-091
   99.250000000000000       1.47106538759647782E-091
   99.500000000000000       3.27850631485464345E-092
   99.750000000000000       7.29638489536345947E-093
   100.00000000000000       1.62155820382641049E-093
   100.25000000000000       3.59878414182815049E-094
   100.50000000000000       7.97595665381688871E-095
   100.75000000000000       1.76530076759697154E-095
   101.00000000000000       3.90183327750717927E-096
   101.25000000000000       8.61267074726930347E-097
   101.50000000000000       1.89858967831044632E-097
   101.75000000000000       4.17978023387948167E-098
   102.00000000000000       9.18987709623577058E-099
   102.25000000000000       2.01792340441894882E-099
   102.50000000000000       4.42530391546143824E-100
   102.75000000000000       9.69236242975173468E-101
   103.00000000000000       2.12016135693373364E-101
   103.25000000000000       4.63196698448769350E-102
   103.50000000000000       1.01070346245373442E-102
   103.75000000000000       2.20266391549898338E-103
   104.00000000000000       4.79449948354056168E-104
   104.25000000000000       1.04234907204873785E-104
   104.50000000000000       2.26340472872600933E-105
   104.75000000000000       4.90901754084310260E-106
   105.00000000000000       1.06344351933312280E-106
   105.25000000000000       2.30104891674203434E-107
   105.50000000000000       4.97316531317282515E-108
   105.75000000000000       1.07359271894056043E-108
   106.00000000000000       2.31499352391659595E-109
   106.25000000000000       4.98617434776651291E-110
   106.50000000000000       1.07274486262710072E-110
   106.75000000000000       2.30536942918822846E-111
   107.00000000000000       4.94884067503104878E-112
   107.25000000000000       1.06117980721207685E-112
   107.50000000000000       2.27300665398617821E-113
   107.75000000000000       4.86342562429220389E-114
   108.00000000000000       1.03948269988577299E-114
   108.25000000000000       2.21936738298477474E-115
   108.50000000000000       4.73349112533697962E-116
   108.75000000000000       1.00850444557345871E-116
   109.00000000000000       2.14645285703216429E-117
   109.25000000000000       4.56368379201391733E-118
   109.50000000000000       9.69312283432140044E-119
   109.75000000000000       2.05669150524955825E-119
   110.00000000000000       4.35948420519378991E-120
   110.25000000000000       9.23134092392812510E-121
   110.50000000000000       1.95281622040537643E-121
   110.75000000000000       4.12693849678616422E-122
   111.00000000000000       8.71300093943549654E-123
   111.25000000000000       1.83773857985113107E-123
   111.50000000000000       3.87238869442696493E-124
   111.75000000000000       8.15185396166683157E-125
   112.00000000000000       1.71442715902456752E-125
   112.25000000000000       3.60221653334538625E-126
   112.50000000000000       7.56156378691157334E-127
   112.75000000000000       1.58579599917563635E-127
   113.00000000000000       3.32261286252317848E-128
   113.25000000000000       6.95523318203266318E-129
   113.50000000000000       1.45460791939415370E-129
   113.75000000000000       3.03938168290661823E-130
   114.00000000000000       6.34500967171359621E-131
   114.25000000000000       1.32339585266728862E-131
   114.50000000000000       2.75778456914379556E-132
   114.75000000000000       5.74178090227135469E-133
   115.00000000000000       1.19440387320720087E-133
   115.25000000000000       2.48242802407927466E-134
   115.50000000000000       5.15496290365330113E-135
   115.75000000000000       1.06954818262033221E-135
   116.00000000000000       2.21719342545188883E-136
   116.25000000000000       4.59237865556916019E-137
   116.50000000000000       9.50397122135000181E-138
   116.75000000000000       1.96520681109807400E-138
   117.00000000000000       4.06021956043255226E-139
   117.25000000000000       8.38168332353630553E-140
   117.50000000000000       1.72884390922408411E-140
   117.75000000000000       3.56307889616571267E-141
   118.00000000000000       7.33740515736055119E-142
   118.25000000000000       1.50976458722040779E-142
   118.50000000000000       3.10404409593113063E-143
   118.75000000000000       6.37676868285672902E-144
   119.00000000000000       1.30897024497467504E-144
   119.25000000000000       2.68483370081854599E-145
   119.50000000000000       5.50257112265708625E-146
   119.75000000000000       1.12687755375292799E-146
   120.00000000000000       2.30596489632765249E-147
   120.25000000000000       4.71515142595150322E-148
   120.50000000000000       9.63402248427071545E-149
   120.75000000000000       1.96693846439429239E-149
   121.00000000000000       4.01279548415407363E-150
   121.25000000000000       8.18047313436606079E-151
   121.50000000000000       1.66642952738454187E-151
   121.75000000000000       3.39214637707516811E-152
   122.00000000000000       6.89990752898617430E-153
   122.25000000000000       1.40247439801872211E-153
   122.50000000000000       2.84860028080162320E-154
   122.75000000000000       5.78169100930942271E-155
   123.00000000000000       1.17264596862772738E-155
   123.25000000000000       2.37667327589018950E-156
   123.50000000000000       4.81353821195427976E-157
   123.75000000000000       9.74212196048395817E-158
   124.00000000000000       1.97032879964423828E-158
   124.25000000000000       3.98218694054996469E-159
   124.50000000000000       8.04274225749779663E-160
   124.75000000000000       1.62325961914109940E-160
   125.00000000000000       3.27397143790724631E-161
   125.25000000000000       6.59882452565078541E-162
   125.50000000000000       1.32912178035735521E-162
   125.75000000000000       2.67529183910010539E-163
   126.00000000000000       5.38130276909193246E-164
   126.25000000000000       1.08172091255364224E-164
   126.50000000000000       2.17298239318037325E-165
   126.75000000000000       4.36226460061119069E-166
   127.00000000000000       8.75153504779479701E-167
   127.25000000000000       1.75458537587664336E-167
   127.50000000000000       3.51547813212037490E-168
   127.75000000000000       7.03907346432796134E-169
   128.00000000000000       1.40854055999295714E-169
   128.25000000000000       2.81674496382564444E-170
   128.50000000000000       5.62926299081948640E-171
   128.75000000000000       1.12430182076356017E-171
   129.00000000000000       2.24410492514604874E-172
   129.25000000000000       4.47645029776028652E-173
   129.50000000000000       8.92393130150255604E-174
   129.75000000000000       1.77791903971981482E-174
   130.00000000000000       3.53999386335950942E-175
   130.25000000000000       7.04416054728798803E-176
   130.50000000000000       1.40085640487847346E-176
   130.75000000000000       2.78417833773388081E-177
   131.00000000000000       5.53020131516918003E-178
   131.25000000000000       1.09780874672000016E-178
   131.50000000000000       2.17798893126271553E-179
   131.75000000000000       4.31846352689177282E-180
   132.00000000000000       8.55753744217079084E-181
   132.25000000000000       1.69478913570307329E-181
   132.50000000000000       3.35452614855349782E-182
   132.75000000000000       6.63585156824944149E-183
   133.00000000000000       1.31193835598095323E-183
   133.25000000000000       2.59228521406654317E-184
   133.50000000000000       5.11924618037722198E-185
   133.75000000000000       1.01037922278189746E-185
   134.00000000000000       1.99305474993832432E-186
   134.25000000000000       3.92926881539619891E-187
   134.50000000000000       7.74217874472597023E-188
   134.75000000000000       1.52466638483273138E-188
   135.00000000000000       3.00087472390243150E-189
   135.25000000000000       5.90314612593537147E-190
   135.50000000000000       1.16060126546542100E-190
   135.75000000000000       2.28059192913998160E-191
   136.00000000000000       4.47897206523505729E-192
   136.25000000000000       8.79177434357708994E-193
   136.50000000000000       1.72481805887761715E-193
   136.75000000000000       3.38204817501238624E-194
   137.00000000000000       6.62807145860333718E-195
   137.25000000000000       1.29827475221121640E-195
   137.50000000000000       2.54167028793672803E-196
   137.75000000000000       4.97331662667481025E-197
   138.00000000000000       9.72631700736630986E-198
   138.25000000000000       1.90119757780988771E-198
   138.50000000000000       3.71435752799680018E-199
   138.75000000000000       7.25301988564581576E-200
   139.00000000000000       1.41557806625604240E-200
   139.25000000000000       2.76140208517732295E-201
   139.50000000000000       5.38402917493806796E-202
   139.75000000000000       1.04922384140255036E-202
   140.00000000000000       2.04368019033393614E-203
   140.25000000000000       3.97871471537856989E-204
   140.50000000000000       7.74210003188207039E-205
   140.75000000000000       1.50578128487901890E-205
   141.00000000000000       2.92720519956216747E-206
   141.25000000000000       5.68765973422538034E-207
   141.50000000000000       1.10459790113371877E-207
   141.75000000000000       2.14420341550578362E-208
   142.00000000000000       4.16025454063783604E-209
   142.25000000000000       8.06801975449830681E-210
   142.50000000000000       1.56389684989281816E-210
   142.75000000000000       3.03001183188980993E-211
   143.00000000000000       5.86781711537445830E-212
   143.25000000000000       1.13581027026250016E-212
   143.50000000000000       2.19752049292904064E-213
   143.75000000000000       4.24970646720345863E-214
   144.00000000000000       8.21456785876684344E-215
   144.25000000000000       1.58712532096916809E-215
   144.50000000000000       3.06506258634770505E-216
   144.75000000000000       5.91657005265295615E-217
   145.00000000000000       1.14157412333706259E-217
   145.25000000000000       2.20162099606305249E-218
   145.50000000000000       4.24410606204031312E-219
   145.75000000000000       8.17779106509741935E-220
   146.00000000000000       1.57504433026451597E-220
   146.25000000000000       3.03219699650009906E-221
   146.50000000000000       5.83486443291145466E-222
   146.75000000000000       1.12231227043647780E-222
   147.00000000000000       2.15777963071140778E-223
   147.25000000000000       4.14678721121012636E-224
   147.50000000000000       7.96578418646491237E-225
   147.75000000000000       1.52953098953748869E-225
   148.00000000000000       2.93563334990256481E-226
   148.25000000000000       5.63196511132194696E-227
   148.50000000000000       1.08002429718699492E-227
   148.75000000000000       2.07025245913393216E-228
   149.00000000000000       3.96670055202007916E-229
   149.25000000000000       7.59685165233296345E-230
   149.50000000000000       1.45250244315484329E-230
   149.75000000000000       2.68150630881701041E-231
   150.00000000000000        0.0000000000000000     
