   0.0000000000000000        0.0000000000000000     
  0.25000000000000000      -5.16165918933199768E-007
  0.50000000000000000       1.21860982215155020E-006
  0.75000000000000000      -1.14055673496909315E-007
   1.0000000000000000      -2.07518774628872713E-006
   1.2500000000000000      -1.42258983996095849E-006
   1.5000000000000000       7.88393267089914003E-007
   1.7500000000000000       1.62462929742348212E-006
   2.0000000000000000       3.16932172078195975E-008
   2.2500000000000000      -2.45657522158757291E-006
   2.5000000000000000      -3.62292858804515831E-006
   2.7500000000000000      -2.59106152977992269E-006
   3.0000000000000000      -3.17196080899989635E-007
   3.2500000000000000       1.38822714613140753E-006
   3.5000000000000000       1.24065375951983165E-006
   3.7500000000000000      -7.44101543469874572E-007
   4.0000000000000000      -3.42143047369820489E-006
   4.2500000000000000      -5.32513018396226666E-006
   4.5000000000000000      -5.52430198311056986E-006
   4.7500000000000000      -4.06313129908058951E-006
   5.0000000000000000      -1.84063080112132331E-006
   5.2500000000000000      -9.37385895067188867E-008
   5.5000000000000000       2.04506004421326185E-007
   5.7500000000000000      -1.25104395617728142E-006
   6.0000000000000000      -4.03232258552206325E-006
   6.2500000000000000      -7.22199209928155109E-006
   6.5000000000000000      -9.82103207877619238E-006
   6.7500000000000000      -1.11391954708835095E-005
   7.0000000000000000      -1.10264137335385119E-005
   7.2500000000000000      -9.88572417235650863E-006
   7.5000000000000000      -8.50247488515906153E-006
   7.7500000000000000      -7.75652219604225829E-006
   8.0000000000000000      -8.33952926334697128E-006
   8.2500000000000000      -1.05580030204086874E-005
   8.5000000000000000      -1.42697662112030953E-005
   8.7500000000000000      -1.89588688423789262E-005
   9.0000000000000000      -2.39091763471831984E-005
   9.2500000000000000      -2.84108653988776102E-005
   9.5000000000000000      -3.19582859676423761E-005
   9.7500000000000000      -3.43881655827361245E-005
   10.000000000000000      -3.58750222654723278E-005
   10.250000000000000      -3.68748112295124724E-005
   10.500000000000000      -3.79948856576730229E-005
   10.750000000000000      -3.98529210554974124E-005
   11.000000000000000      -4.29754999332101668E-005
   11.250000000000000      -4.76956301994111798E-005
   11.500000000000000      -5.39849891726371822E-005
   11.750000000000000      -6.16473495877949791E-005
   12.000000000000000      -7.03847234175159500E-005
   12.250000000000000      -7.96576659677457528E-005
   12.500000000000000      -8.88647604705333825E-005
   12.750000000000000      -9.77931149621770159E-005
   13.000000000000000      -1.06331837035445807E-004
   13.250000000000000      -1.14340745357863774E-004
   13.500000000000000      -1.22132609631909680E-004
   13.750000000000000      -1.30096039089164288E-004
   14.000000000000000      -1.38739245516411618E-004
   14.250000000000000      -1.48546606167944178E-004
   14.500000000000000      -1.60119765765330449E-004
   14.750000000000000      -1.73808976141747281E-004
   15.000000000000000      -1.89896017977703825E-004
   15.250000000000000      -2.08467476224243167E-004
   15.500000000000000      -2.29471092564298212E-004
   15.750000000000000      -2.52779039943553036E-004
   16.000000000000000      -2.78205108086583856E-004
   16.250000000000000      -3.05528685016567293E-004
   16.500000000000000      -3.34534049985064366E-004
   16.750000000000000      -3.65054373434599451E-004
   17.000000000000000      -3.97009894905415051E-004
   17.250000000000000      -4.30434366441095342E-004
   17.500000000000000      -4.65485629690313367E-004
   17.750000000000000      -5.02440845165330347E-004
   18.000000000000000      -5.41674921294310933E-004
   18.250000000000000      -5.83625907117771032E-004
   18.500000000000000      -6.28759553374429831E-004
   18.750000000000000      -6.77532155074032070E-004
   19.000000000000000      -7.30359912353322860E-004
   19.250000000000000      -7.87595325471935519E-004
   19.500000000000000      -8.49512268382560825E-004
   19.750000000000000      -9.16298882931129753E-004
   20.000000000000000      -9.88057121059631805E-004
   20.250000000000000      -1.06480763261096608E-003
   20.500000000000000      -1.14649868763937310E-003
   20.750000000000000      -1.23301795189204380E-003
   21.000000000000000      -1.32420594446869917E-003
   21.250000000000000      -1.41986987772316849E-003
   21.500000000000000      -1.51979642852862851E-003
   21.750000000000000      -1.62376208381787663E-003
   22.000000000000000      -1.73154031623394197E-003
   22.250000000000000      -1.84290597311692812E-003
   22.500000000000000      -1.95763829444050392E-003
   22.750000000000000      -2.07552303471652102E-003
   23.000000000000000      -2.19635237698914947E-003
   23.250000000000000      -2.31992051724313423E-003
   23.500000000000000      -2.44601665852882703E-003
   23.750000000000000      -2.57442900435893643E-003
   24.000000000000000      -2.70493100683009968E-003
   24.250000000000000      -2.83723616720949227E-003
   24.500000000000000      -2.97107082390539803E-003
   24.750000000000000      -3.10607913380423883E-003
   25.000000000000000      -3.24186827665270873E-003
   25.250000000000000      -3.37800711418727046E-003
   25.500000000000000      -3.51404859345147164E-003
   25.750000000000000      -3.64953398681489667E-003
   26.000000000000000      -3.78393586226844630E-003
   26.250000000000000      -3.91671125404435133E-003
   26.500000000000000      -4.04729174795865222E-003
   26.750000000000000      -4.17519177706778422E-003
   27.000000000000000      -4.29991246485083092E-003
   27.250000000000000      -4.42088182488404539E-003
   27.500000000000000      -4.53777112298897178E-003
   27.750000000000000      -4.65029494225208118E-003
   28.000000000000000      -4.75807060238794648E-003
   28.250000000000000      -4.86089314685714691E-003
   28.500000000000000      -4.95879656211326621E-003
   28.750000000000000      -5.05177560917298429E-003
   29.000000000000000      -5.13983150033015326E-003
   29.250000000000000      -5.22318871344180837E-003
   29.500000000000000      -5.30208335523390823E-003
   29.750000000000000      -5.37674793441352689E-003
   30.000000000000000      -5.44747556446546072E-003
   30.250000000000000      -5.51459704271034697E-003
   30.500000000000000      -5.57842290927116572E-003
   30.750000000000000      -5.63922865155727301E-003
   31.000000000000000      -5.69725025822994269E-003
   31.250000000000000      -5.75272902459340787E-003
   31.500000000000000      -5.80592596072806826E-003
   31.750000000000000      -5.85709728850668677E-003
   32.000000000000000      -5.90647873341628576E-003
   32.250000000000000      -5.95427562031913566E-003
   32.500000000000000      -6.00065466883870427E-003
   32.750000000000000      -6.04574221870106225E-003
   33.000000000000000      -6.08963067595540922E-003
   33.250000000000000      -6.13238320100940350E-003
   33.500000000000000      -6.17404972362913061E-003
   33.750000000000000      -6.21467407567715541E-003
   34.000000000000000      -6.25430225517457482E-003
   34.250000000000000      -6.29299094821265167E-003
   34.500000000000000      -6.33080961083262207E-003
   34.750000000000000      -6.36783241570612786E-003
   35.000000000000000      -6.40412050946058929E-003
   35.250000000000000      -6.43969925944255957E-003
   35.500000000000000      -6.47454149139509594E-003
   35.750000000000000      -6.50856750297837145E-003
   36.000000000000000      -6.54166752186658915E-003
   36.250000000000000      -6.57374234640292592E-003
   36.500000000000000      -6.60474323385242326E-003
   36.750000000000000      -6.63468473433573638E-003
   37.000000000000000      -6.66361150986377777E-003
   37.250000000000000      -6.69152417213280011E-003
   37.500000000000000      -6.71830130562468646E-003
   37.750000000000000      -6.74367546829197830E-003
   38.000000000000000      -6.76730333528551432E-003
   38.250000000000000      -6.78890806059205803E-003
   38.500000000000000      -6.80839021122279456E-003
   38.750000000000000      -6.82577484402782653E-003
   39.000000000000000      -6.84096544013177137E-003
   39.250000000000000      -6.85350800946415810E-003
   39.500000000000000      -6.86271972270019980E-003
   39.750000000000000      -6.86833591015449576E-003
   40.000000000000000      -6.87072868882451348E-003
   40.250000000000000      -7.00754343808252054E-003
   40.500000000000000      -7.14477480254829735E-003
   40.750000000000000      -7.28216222751272135E-003
   41.000000000000000      -7.41877838486840538E-003
   41.250000000000000      -7.55343149264669188E-003
   41.500000000000000      -7.68494938657178234E-003
   41.750000000000000      -7.81207604176334565E-003
   42.000000000000000      -7.93320627300599102E-003
   42.250000000000000      -8.04621533140819842E-003
   42.500000000000000      -8.14848521131501975E-003
   42.750000000000000      -8.23700061856269018E-003
   43.000000000000000      -8.30825836339531276E-003
   43.250000000000000      -8.35790722126514458E-003
   43.500000000000000      -8.38042579772209362E-003
   43.750000000000000      -8.36917175497000829E-003
   44.000000000000000      -8.31642346571476523E-003
   44.250000000000000      -8.21265123006847605E-003
   44.500000000000000      -8.04563503559426255E-003
   44.750000000000000      -7.80098651256626047E-003
   45.000000000000000      -7.46240735305340411E-003
   45.250000000000000      -7.00920171307338989E-003
   45.500000000000000      -6.41643265956784795E-003
   45.750000000000000      -5.65648322654741745E-003
   46.000000000000000      -4.69300005838697767E-003
   46.250000000000000      -3.48642967061955781E-003
   46.500000000000000      -1.98745286239877805E-003
   46.750000000000000      -1.42955937243779171E-004
   47.000000000000000       2.11120637558447413E-003
   47.250000000000000       4.83851600495055836E-003
   47.500000000000000       8.11292284548091776E-003
   47.750000000000000       1.20075672020582436E-002
   48.000000000000000       1.65941288426475070E-002
   48.250000000000000       2.19496868809627155E-002
   48.500000000000000       2.81513213695421746E-002
   48.750000000000000       3.52755555631622184E-002
   49.000000000000000       4.34062304062413015E-002
   49.250000000000000       5.26378099012615244E-002
   49.500000000000000       6.30772333763056497E-002
   49.750000000000000       7.48527051601817761E-002
   50.000000000000000       8.80796086054868449E-002
   50.250000000000000       9.45652073596512238E-002
   50.500000000000000       0.10067394122539210     
   50.750000000000000       0.10641243760524102     
   51.000000000000000       0.11173489757086344     
   51.250000000000000       0.11658656377298170     
   51.500000000000000       0.12089620912965376     
   51.750000000000000       0.12459645301180285     
   52.000000000000000       0.12758893408852726     
   52.250000000000000       0.12972506850871299     
   52.500000000000000       0.13086560919530318     
   52.750000000000000       0.13089252418653838     
   53.000000000000000       0.12952333516588296     
   53.250000000000000       0.12594247060780361     
   53.500000000000000       0.11877014035681575     
   53.750000000000000       0.10701539218477461     
   54.000000000000000       9.13556369668161034E-002
   54.250000000000000       7.41197831857120654E-002
   54.500000000000000       5.78758433746307047E-002
   54.750000000000000       4.41923387818832503E-002
   55.000000000000000       3.34604137603634194E-002
   55.250000000000000       2.53567024817946476E-002
   55.500000000000000       1.93238897511298670E-002
   55.750000000000000       1.48352210739802447E-002
   56.000000000000000       1.14766385801385751E-002
   56.250000000000000       8.94228545041987968E-003
   56.500000000000000       7.01024676207890902E-003
   56.750000000000000       5.52236382947323377E-003
   57.000000000000000       4.36788563702809191E-003
   57.250000000000000       3.46811659511997222E-003
   57.500000000000000       2.76399271535322788E-003
   57.750000000000000       2.20925144981505952E-003
   58.000000000000000       1.76832564310436691E-003
   58.250000000000000       1.41552556652845755E-003
   58.500000000000000       1.13301257320017100E-003
   58.750000000000000       9.07680592096214299E-004
   59.000000000000000       7.28537075435158684E-004
   59.250000000000000       5.85681641770730856E-004
   59.500000000000000       4.70643630553594717E-004
   59.750000000000000       3.77041300610226325E-004
   60.000000000000000       3.00701993399353018E-004
   60.250000000000000       2.39075538054728563E-004
   60.500000000000000       1.90329930165867033E-004
   60.750000000000000       1.52629837189337947E-004
   61.000000000000000       1.23864230963947815E-004
   61.250000000000000       1.01781143626712256E-004
   61.500000000000000       8.43081912375819563E-005
   61.750000000000000       6.98325815568158112E-005
   62.000000000000000       5.73167958690126996E-005
   62.250000000000000       4.62433581649112334E-005
   62.500000000000000       3.64548626916333333E-005
   62.750000000000000       2.79713570201891627E-005
   63.000000000000000       2.08445632608588757E-005
   63.250000000000000       1.50734092987418408E-005
   63.500000000000000       1.05768323157862436E-005
   63.750000000000000       7.20514284702495439E-006
   64.000000000000000       4.76899155608580260E-006
   64.250000000000000       3.06998102884777499E-006
   64.500000000000000       1.92412005721527527E-006
   64.750000000000000       1.17540386873007618E-006
   65.000000000000000       7.00592617420599523E-007
   65.250000000000000       4.07866110745535566E-007
   65.500000000000000       2.32152735078031262E-007
   65.750000000000000       1.29313157154297562E-007
   66.000000000000000       7.05521706621098954E-008
   66.250000000000000       3.77346632882787187E-008
   66.500000000000000       1.98004527342727454E-008
   66.750000000000000       1.02008395379539317E-008
   67.000000000000000       5.16327428546750228E-009
   67.250000000000000       2.56937368743535080E-009
   67.500000000000000       1.25779447646974882E-009
   67.750000000000000       6.06072250556927110E-010
   68.000000000000000       2.87613297292852632E-010
   68.250000000000000       1.34489238542444475E-010
   68.500000000000000       6.19971755155564308E-011
   68.750000000000000       2.81878775520166658E-011
   69.000000000000000       1.26458671698949814E-011
   69.250000000000000       5.60028865296374188E-012
   69.500000000000000       2.44916690073368818E-012
   69.750000000000000       1.05811923339362250E-012
   70.000000000000000       4.51765680873418335E-013
   70.250000000000000       1.90678182031222572E-013
   70.500000000000000       7.95861944102346139E-014
   70.750000000000000       3.28591872448566059E-014
   71.000000000000000       1.34241121760794867E-014
   71.250000000000000       5.42807301689113084E-015
   71.500000000000000       2.17296891325757555E-015
   71.750000000000000       8.61430925552369387E-016
   72.000000000000000       3.38262010228907941E-016
   72.250000000000000       1.31599462151997642E-016
   72.500000000000000       5.07365901816611483E-017
   72.750000000000000       1.93887115329925316E-017
   73.000000000000000       7.34560675294827809E-018
   73.250000000000000       2.75958962822984287E-018
   73.500000000000000       1.02821322644834094E-018
   73.750000000000000       3.80035654667181768E-019
   74.000000000000000       1.39362406494896595E-019
   74.250000000000000       5.07133052736358910E-020
   74.500000000000000       1.83157778315134201E-020
   74.750000000000000       6.56637433459871236E-021
   75.000000000000000       2.33716820249891561E-021
   75.250000000000000       8.26006207717678536E-022
   75.500000000000000       2.89913494003745279E-022
   75.750000000000000       1.01066217433064507E-022
   76.000000000000000       3.49989293770777407E-023
   76.250000000000000       1.20412474916161848E-023
   76.500000000000000       4.11633948238432047E-024
   76.750000000000000       1.39838623548349242E-024
   77.000000000000000       4.72140194460061379E-025
   77.250000000000000       1.58450177980128510E-025
   77.500000000000000       5.28616777614768582E-026
   77.750000000000000       1.75332608056372570E-026
   78.000000000000000       5.78234069347589217E-027
   78.250000000000000       1.89630529563092318E-027
   78.500000000000000       6.18471260922010595E-028
   78.750000000000000       2.00622359975004528E-028
   79.000000000000000       6.47333935342357640E-029
   79.250000000000000       2.07781173832700111E-029
   79.500000000000000       6.63515788298560915E-030
   79.750000000000000       2.10814748572824699E-030
   80.000000000000000       6.66487173244516478E-031
   80.250000000000000       2.09681019230960499E-031
   80.500000000000000       6.56504142041539693E-032
   80.750000000000000       2.04578721898690384E-032
   81.000000000000000       6.34542674662019812E-033
   81.250000000000000       1.95916268604315723E-033
   81.500000000000000       6.02172004901190389E-034
   81.750000000000000       1.84264359271377187E-034
   82.000000000000000       5.61387082354054054E-035
   82.250000000000000       1.70299209358803948E-035
   82.500000000000000       5.14422717501635313E-036
   82.750000000000000       1.54743497848004433E-036
   83.000000000000000       4.63570999750352936E-037
   83.250000000000000       1.38311366818300352E-037
   83.500000000000000       4.11019874835183292E-038
   83.750000000000000       1.21662318222838883E-038
   84.000000000000000       3.58725354671018496E-039
   84.250000000000000       1.05367004074507574E-039
   84.500000000000000       3.08323817743834489E-040
   84.750000000000000       8.98860290146702798E-041
   85.000000000000000       2.61085214273210464E-041
   85.250000000000000       7.55612478040164565E-042
   85.500000000000000       2.17903420485501999E-042
   85.750000000000000       6.26178163592203425E-043
   86.000000000000000       1.79316869948180670E-043
   86.250000000000000       5.11745133762705357E-044
   86.500000000000000       1.45551000675245290E-044
   86.750000000000000       4.12595724525802141E-045
   87.000000000000000       1.16573828512925488E-045
   87.250000000000000       3.28293719409247099E-046
   87.500000000000000       9.21567735732771377E-047
   87.750000000000000       2.57877084893112406E-047
   88.000000000000000       7.19343498191866583E-048
   88.250000000000000       2.00039106029060927E-048
   88.500000000000000       5.54581141104484761E-049
   88.750000000000000       1.53286239622782158E-049
   89.000000000000000       4.22420591055470610E-050
   89.250000000000000       1.16066388738915305E-050
   89.500000000000000       3.17982114730544338E-051
   89.750000000000000       8.68657947273314817E-052
   90.000000000000000       2.36624415161582966E-052
   90.250000000000000       6.42760905766455652E-053
   90.500000000000000       1.74113610284980972E-053
   90.750000000000000       4.70352343846410213E-054
   91.000000000000000       1.26717014301284221E-054
   91.250000000000000       3.40471708561248014E-055
   91.500000000000000       9.12378025439514533E-056
   91.750000000000000       2.43853651040090960E-056
   92.000000000000000       6.50065481858219855E-057
   92.250000000000000       1.72850587557451385E-057
   92.500000000000000       4.58440331112296673E-058
   92.750000000000000       1.21284430975889493E-058
   93.000000000000000       3.20073294021542377E-059
   93.250000000000000       8.42611985916889100E-060
   93.500000000000000       2.21284551682034458E-060
   93.750000000000000       5.79737102832839819E-061
   94.000000000000000       1.51523051231986409E-061
   94.250000000000000       3.95097988468156651E-062
   94.500000000000000       1.02782727116174096E-062
   94.750000000000000       2.66768894762236430E-063
   95.000000000000000       6.90812729799901836E-064
   95.250000000000000       1.78486653980241634E-064
   95.500000000000000       4.60130960665087398E-065
   95.750000000000000       1.18357916858920442E-065
   96.000000000000000       3.03782683438285745E-066
   96.250000000000000       7.78015235904227739E-067
   96.500000000000000       1.98830024421381590E-067
   96.750000000000000       5.07053572660208978E-068
   97.000000000000000       1.29036579175484143E-068
   97.250000000000000       3.27693556270097487E-069
   97.500000000000000       8.30477445900348055E-070
   97.750000000000000       2.10039676924516372E-070
   98.000000000000000       5.30147775889762857E-071
   98.250000000000000       1.33543594880445780E-071
   98.500000000000000       3.35728326133510312E-072
   98.750000000000000       8.42364142424342685E-073
   99.000000000000000       2.10943797785096639E-073
   99.250000000000000       5.27225698387808591E-074
   99.500000000000000       1.31521605793197289E-074
   99.750000000000000       3.27473409878014987E-075
   100.00000000000000       8.13843616629957170E-076
   100.25000000000000       2.01882801681696839E-076
   100.50000000000000       4.99871620250727514E-077
   100.75000000000000       1.23545144551205772E-077
   101.00000000000000       3.04795162368793249E-078
   101.25000000000000       7.50607130222890578E-079
   101.50000000000000       1.84521285112214060E-079
   101.75000000000000       4.52810269490045916E-080
   102.00000000000000       1.10924843341520466E-080
   102.25000000000000       2.71263144331015209E-081
   102.50000000000000       6.62229815681294800E-082
   102.75000000000000       1.61394640515393003E-082
   103.00000000000000       3.92679570681974955E-083
   103.25000000000000       9.53811640912607197E-084
   103.50000000000000       2.31296067312401183E-084
   103.75000000000000       5.59965564012007974E-085
   104.00000000000000       1.35346762893035192E-085
   104.25000000000000       3.26613300462503820E-086
   104.50000000000000       7.86910207147946171E-087
   104.75000000000000       1.89289973905222833E-087
   105.00000000000000       4.54618273842284549E-088
   105.25000000000000       1.09015602523573953E-088
   105.50000000000000       2.61010812599011083E-089
   105.75000000000000       6.23967412645384327E-090
   106.00000000000000       1.48937589457439060E-090
   106.25000000000000       3.54969545780334934E-091
   106.50000000000000       8.44748683554187428E-092
   106.75000000000000       2.00733025894425156E-092
   107.00000000000000       4.76288587811873136E-093
   107.25000000000000       1.12846124672687804E-093
   107.50000000000000       2.66976650750667908E-094
   107.75000000000000       6.30717722877269021E-095
   108.00000000000000       1.48791052217244961E-095
   108.25000000000000       3.50512462534254223E-096
   108.50000000000000       8.24555255396926935E-097
   108.75000000000000       1.93700364868090471E-097
   109.00000000000000       4.54401915972307364E-098
   109.25000000000000       1.06451924717036328E-098
   109.50000000000000       2.49043427283324027E-099
   109.75000000000000       5.81847738063670375E-100
   110.00000000000000       1.35756539679089920E-100
   110.25000000000000       3.16325135470664609E-101
   110.50000000000000       7.36092711482787647E-102
   110.75000000000000       1.71065129552941730E-102
   111.00000000000000       3.97031402447728929E-103
   111.25000000000000       9.20294454525310949E-104
   111.50000000000000       2.13045060438518442E-104
   111.75000000000000       4.92564308198871423E-105
   112.00000000000000       1.13737913180882489E-105
   112.25000000000000       2.62302490077373492E-106
   112.50000000000000       6.04168892689868551E-107
   112.75000000000000       1.38987902360654771E-107
   113.00000000000000       3.19346522621587175E-108
   113.25000000000000       7.32854481948780825E-109
   113.50000000000000       1.67976080064761694E-109
   113.75000000000000       3.84551936243862003E-110
   114.00000000000000       8.79314259073525587E-111
   114.25000000000000       2.00825301774409080E-111
   114.50000000000000       4.58122418720186300E-112
   114.75000000000000       1.04384744187451413E-112
   115.00000000000000       2.37568257861895895E-113
   115.25000000000000       5.40056474638570617E-114
   115.50000000000000       1.22628883098903994E-114
   115.75000000000000       2.78133058172603058E-115
   116.00000000000000       6.30118261717331060E-116
   116.25000000000000       1.42595058629517485E-116
   116.50000000000000       3.22331791719710215E-117
   116.75000000000000       7.27815551497195447E-118
   117.00000000000000       1.64158083757472684E-118
   117.25000000000000       3.69853018618856883E-119
   117.50000000000000       8.32386782384024893E-120
   117.75000000000000       1.87134312802419850E-120
   118.00000000000000       4.20258995698301973E-121
   118.25000000000000       9.42798785710003575E-122
   118.50000000000000       2.11281974768146669E-122
   118.75000000000000       4.72988212546866522E-123
   119.00000000000000       1.05775623759737254E-123
   119.25000000000000       2.36304078996734696E-124
   119.50000000000000       5.27363534334492842E-125
   119.75000000000000       1.17572325364665345E-125
   120.00000000000000       2.61853933720919755E-126
   120.25000000000000       5.82605930213839665E-127
   120.50000000000000       1.29495684322862225E-127
   120.75000000000000       2.87543164973254554E-128
   121.00000000000000       6.37853434014177237E-129
   121.25000000000000       1.41355122584068688E-129
   121.50000000000000       3.12951970942174653E-130
   121.75000000000000       6.92184661699201506E-131
   122.00000000000000       1.52949133655070203E-131
   122.25000000000000       3.37641206621652389E-132
   122.50000000000000       7.44645921824527866E-133
   122.75000000000000       1.64071326176284877E-133
   123.00000000000000       3.61165776041208731E-134
   123.25000000000000       7.94280722702830249E-135
   123.50000000000000       1.74516889445261828E-135
   123.75000000000000       3.83088723300891006E-136
   124.00000000000000       8.40160320513967395E-137
   124.25000000000000       1.84089181311872654E-137
   124.50000000000000       4.02995365380838559E-138
   124.75000000000000       8.81413877703839670E-139
   125.00000000000000       1.92606129112478094E-139
   125.25000000000000       4.20506802540947930E-140
   125.50000000000000       9.17256815492798975E-141
   125.75000000000000       1.99906143816033686E-141
   126.00000000000000       4.35292176133428689E-142
   126.25000000000000       9.47016045980433603E-143
   126.50000000000000       2.05853275365404051E-143
   126.75000000000000       4.47079115733354914E-144
   127.00000000000000       9.70150949427967615E-145
   127.25000000000000       2.10341380993373167E-145
   127.50000000000000       4.55661921784234591E-146
   127.75000000000000       9.86269206456092996E-147
   128.00000000000000       2.13297134641622012E-147
   128.25000000000000       4.60907158411552412E-148
   128.50000000000000       9.95136884566830954E-149
   128.75000000000000       2.14681770295926783E-149
   129.00000000000000       4.62756474210492545E-150
   129.25000000000000       9.96682492564669674E-151
   129.50000000000000       2.14491520453409507E-151
   129.75000000000000       4.61226616613723969E-152
   130.00000000000000       9.90995033444724038E-153
   130.25000000000000       2.12756778427842160E-153
   130.50000000000000       4.56406748087107010E-154
   130.75000000000000       9.78316385560274131E-155
   131.00000000000000       2.09540075499154957E-155
   131.25000000000000       4.48453301076908612E-156
   131.50000000000000       9.59028605424353840E-157
   131.75000000000000       2.04933017404022615E-157
   132.00000000000000       4.37582716133826803E-158
   132.25000000000000       9.33636959183501552E-159
   132.50000000000000       1.99052366609606295E-159
   132.75000000000000       4.24062488779913175E-160
   133.00000000000000       9.02749644027902302E-161
   133.25000000000000       1.92035485491434924E-161
   133.50000000000000       4.08201002513519000E-162
   133.75000000000000       8.67055250845988950E-163
   134.00000000000000       1.84035370279985660E-163
   134.25000000000000       3.90336647162309141E-164
   134.50000000000000       8.27299045330711280E-165
   134.75000000000000       1.75215506779312359E-165
   135.00000000000000       3.70826714971353802E-166
   135.25000000000000       7.84259110818083150E-167
   135.50000000000000       1.65744767598732999E-167
   135.75000000000000       3.50036534490315325E-168
   136.00000000000000       7.38723310219197905E-169
   136.25000000000000       1.55792548870677660E-169
   136.50000000000000       3.28329248981104926E-170
   136.75000000000000       6.91467896887166068E-171
   137.00000000000000       1.45524314527720157E-171
   137.25000000000000       3.06056577053873956E-172
   137.50000000000000       6.43238447055045000E-173
   137.75000000000000       1.35097680806109438E-173
   138.00000000000000       2.83550814290087604E-174
   138.25000000000000       5.94733612002943806E-175
   138.50000000000000       1.24659135396065833E-175
   138.75000000000000       2.61118251399459771E-176
   139.00000000000000       5.46592008346412165E-177
   139.25000000000000       1.14341447083044960E-177
   139.50000000000000       2.39034102208853226E-178
   139.75000000000000       4.99382390570158826E-179
   140.00000000000000       1.04261785027268157E-179
   140.25000000000000       2.17538957978167054E-180
   140.50000000000000       4.53597090177555714E-181
   140.75000000000000       9.45205338070618071E-182
   141.00000000000000       1.96836716719597226E-182
   141.25000000000000       4.09648567475401017E-183
   141.50000000000000       8.52007623268329905E-184
   141.75000000000000       1.77093879856894902E-184
   142.00000000000000       3.67868809675479104E-185
   142.25000000000000       7.63682824925545506E-186
   142.50000000000000       1.58440065140517997E-186
   142.75000000000000       3.28511225040128662E-187
   143.00000000000000       6.80722175441018374E-188
   143.25000000000000       1.40969554685914969E-188
   143.50000000000000       2.91754627550969620E-189
   143.75000000000000       6.03459900407985980E-190
   144.00000000000000       1.24743679917982940E-190
   144.25000000000000       2.57708878618286478E-191
   144.50000000000000       5.32086353105821232E-192
   144.75000000000000       1.09793839982581730E-192
   145.00000000000000       2.26421748887341598E-193
   145.25000000000000       4.66663470153311150E-194
   145.50000000000000       9.61249552146616337E-195
   145.75000000000000       1.97886580491471002E-195
   146.00000000000000       4.07141664986818522E-196
   146.25000000000000       8.37191706007193567E-197
   146.50000000000000       1.72050363845967523E-197
   146.75000000000000       3.53377358187273145E-198
   147.00000000000000       7.25396437662524047E-199
   147.25000000000000       1.48821888775567415E-199
   147.50000000000000       3.05150448595987388E-200
   147.75000000000000       6.25342757928929462E-201
   148.00000000000000       1.28079683045541716E-201
   148.25000000000000       2.62181147360539805E-202
   148.50000000000000       5.36392689206887508E-203
   148.75000000000000       1.09679494621237755E-203
   149.00000000000000       2.24145051952490085E-204
   149.25000000000000       4.57791369961248662E-205
   149.50000000000000       9.32997936350122685E-206
   149.75000000000000       1.82765306682366110E-206
   150.00000000000000        0.0000000000000000     
