  -10.625000000000000       0.19844882735953429     
  -10.375000000000000       0.19844882735953429     
  -10.125000000000000       0.19811839541475043     
  -9.8750000000000000       0.19735777875668817     
  -9.6250000000000000       0.19591948662190337     
  -9.3750000000000000       0.19324996326813534     
  -9.1250000000000000       0.19006747577089003     
  -8.8750000000000000       0.18613045828596136     
  -8.6250000000000000       0.18227756244012097     
  -8.3750000000000000       0.17831249992785120     
  -8.1250000000000000       0.17357072198937590     
  -7.8750000000000000       0.16806587688499824     
  -7.6250000000000000       0.16182645861180031     
  -7.3750000000000000       0.15514513612689176     
  -7.1250000000000000       0.14832151469542737     
  -6.8750000000000000       0.14093676331831068     
  -6.6250000000000000       0.13297365170146958     
  -6.3750000000000000       0.12477127987737108     
  -6.1250000000000000       0.11633884335290523     
  -5.8750000000000000       0.10826494518525168     
  -5.6250000000000000       0.10034234035306840     
  -5.3750000000000000       9.25216472954644292E-002
  -5.1250000000000000       8.48348873756096244E-002
  -4.8750000000000000       7.72767585438266930E-002
  -4.6250000000000000       7.00371053644518876E-002
  -4.3750000000000000       6.32221797459711632E-002
  -4.1250000000000000       5.68627232634317664E-002
  -3.8750000000000000       5.07871655911568687E-002
  -3.6250000000000000       4.49223095147942217E-002
  -3.3750000000000000       3.92143098849985078E-002
  -3.1250000000000000       3.37378369832348826E-002
  -2.8750000000000000       2.88449789906467489E-002
  -2.6250000000000000       2.45649634828527877E-002
  -2.3750000000000000       2.04895782424727932E-002
  -2.1250000000000000       1.68236851931582131E-002
  -1.8750000000000000       1.30630015504237633E-002
  -1.6250000000000000       9.67987669590593749E-003
  -1.3750000000000000       7.15752418910356372E-003
  -1.1250000000000000       4.97454766199147656E-003
 -0.87500000000000000       3.51975601149764330E-003
 -0.62500000000000000       2.10966298460935715E-003
 -0.37500000000000000       7.17562764299099960E-004
 -0.12500000000000000      -1.13527820090784180E-004
  0.12500000000000000      -3.24958920876028021E-004
  0.37500000000000000       7.59607810996609420E-005
  0.62500000000000000       1.01461472561210778E-003
  0.87500000000000000       1.92976852111066298E-003
   1.1250000000000000       2.82568310962577922E-003
   1.3750000000000000       4.36287496826517907E-003
   1.6250000000000000       6.13737266918393774E-003
   1.8750000000000000       8.64823795028051533E-003
   2.1250000000000000       1.13934196557654924E-002
   2.3750000000000000       1.38728222411062755E-002
   2.6250000000000000       1.65507411038420052E-002
   2.8750000000000000       1.92023204082112514E-002
   3.1250000000000000       2.22089764102905464E-002
   3.3750000000000000       2.55232275603931788E-002
   3.6250000000000000       2.87741784712825001E-002
   3.8750000000000000       3.18553931591219197E-002
   4.1250000000000000       3.47965410480211776E-002
   4.3750000000000000       3.76646098721658135E-002
   4.6250000000000000       4.06295388837580596E-002
   4.8750000000000000       4.36758908984494904E-002
   5.1250000000000000       4.67267079474732727E-002
   5.3750000000000000       4.96411144151858857E-002
   5.6250000000000000       5.24555319879223755E-002
   5.8750000000000000       5.51865517713533565E-002
   6.1250000000000000       5.79381181885443852E-002
   6.3750000000000000       6.10180962461849621E-002
   6.6250000000000000       6.41204437860315446E-002
   6.8750000000000000       6.72549182551552827E-002
   7.1250000000000000       7.01170741947034354E-002
   7.3750000000000000       7.26848334726674233E-002
   7.6250000000000000       7.54029452561410934E-002
   7.8750000000000000       7.83274865047269564E-002
   8.1250000000000000       8.12038330632470218E-002
   8.3750000000000000       8.36459485594676228E-002
   8.6250000000000000       8.54083493469608296E-002
   8.8750000000000000       8.70035777229507812E-002
   9.1250000000000000       8.90467501817057694E-002
   9.3750000000000000       9.13158291340223222E-002
   9.6250000000000000       9.33847981632782292E-002
   9.8750000000000000       9.46388857128615257E-002
   10.125000000000000       9.53999740688955128E-002
   10.375000000000000       9.61607022323809207E-002
   10.625000000000000       9.70175507453230335E-002
   10.875000000000000       9.77538210841513294E-002
   11.125000000000000       9.81017593631687973E-002
   11.375000000000000       9.79929774302277373E-002
   11.625000000000000       9.74685082379495721E-002
   11.875000000000000       9.65802753321548385E-002
   12.125000000000000       9.53677062309701423E-002
   12.375000000000000       9.38558294056641151E-002
   12.625000000000000       9.20534383625841862E-002
   12.875000000000000       8.99521418041473036E-002
   13.125000000000000       8.75293379099983532E-002
   13.375000000000000       8.47555882030369551E-002
   13.625000000000000       8.16046632735604599E-002
   13.875000000000000       7.80636078149994084E-002
   14.125000000000000       7.41403777611451958E-002
   14.375000000000000       6.98675098969062935E-002
   14.625000000000000       6.53014361547238770E-002
   14.875000000000000       6.05180754578144714E-002
   15.125000000000000       5.56059908884065021E-002
   15.375000000000000       5.06586147347290183E-002
   15.625000000000000       4.57668818706593941E-002
   15.875000000000000       4.10132178326570659E-002
   16.125000000000000       3.64673622504526132E-002
   16.375000000000000       3.21840960504525403E-002
   16.625000000000000       2.82026496636849748E-002
   16.875000000000000       2.45474132315581135E-002
   17.125000000000000       2.12295269382041553E-002
   17.375000000000000       1.82489635033265540E-002
   17.625000000000000       1.55967891666093095E-002
   17.875000000000000       1.32573760375175858E-002
   18.125000000000000       1.12104196469635306E-002
   18.375000000000000       9.43268205555629520E-003
   18.625000000000000       7.89943039010618415E-003
   18.875000000000000       6.58557433038179339E-003
   19.125000000000000       5.46652668135239658E-003
   19.375000000000000       4.51882198823297040E-003
   19.625000000000000       3.72053215716963660E-003
   19.875000000000000       3.05151765152587157E-003
   20.125000000000000       2.49354985491935001E-003
   20.375000000000000       2.03033590092706025E-003
   20.625000000000000       1.64747250894761287E-003
   20.875000000000000       1.33235065974274540E-003
   21.125000000000000       1.07402859178030497E-003
   21.375000000000000       8.63086749332107428E-004
   21.625000000000000       6.91475017812843095E-004
   21.875000000000000       5.52359835220280946E-004
   22.125000000000000       4.39976531982657270E-004
   22.375000000000000       3.49490469845791711E-004
   22.625000000000000       2.76869162364421612E-004
   22.875000000000000       2.18766503965767839E-004
   23.125000000000000       1.72419453992648071E-004
   23.375000000000000       1.35556964722736376E-004
   23.625000000000000       1.06320562550682441E-004
   23.875000000000000       8.31957502302675775E-005
   24.125000000000000       6.49532624340049469E-005
   24.375000000000000       5.05991497546737915E-005
   24.625000000000000       3.93326656348431044E-005
   24.875000000000000       3.05109690422482873E-005
   25.125000000000000       2.36197193327662840E-005
   25.375000000000000       1.82487182143228895E-005
   25.625000000000000       1.40718392694918565E-005
   25.875000000000000       1.08305725005123828E-005
   26.125000000000000       8.32059593724794728E-006
   26.375000000000000       6.38086594643385123E-006
   26.625000000000000       4.88479097164183898E-006
   26.875000000000000       3.73311924928386799E-006
   27.125000000000000       2.84822936534063452E-006
   27.375000000000000       2.16956349798306515E-006
   27.625000000000000       1.64998723910281017E-006
   27.875000000000000       1.25289755895197116E-006
   28.125000000000000       9.49932405265173325E-007
   28.375000000000000       7.19162268409779569E-007
   28.625000000000000       5.43666442631534009E-007
   28.875000000000000       4.10415280537668956E-007
   29.125000000000000       3.09395034599736480E-007
   29.375000000000000       2.32924410340111237E-007
   29.625000000000000       1.75122167086499238E-007
   29.875000000000000       1.31493382351295990E-007
   30.125000000000000       9.86086793903056948E-008
   30.375000000000000       7.38560889584041459E-008
   30.625000000000000       5.52495157461825139E-008
   30.875000000000000       4.12812081927462557E-008
   31.125000000000000       3.08083539491366780E-008
   31.375000000000000       2.29660795821851510E-008
   31.625000000000000       1.71008347089440763E-008
   31.875000000000000       1.27194793276245388E-008
   32.125000000000000       9.45044296787223140E-009
   32.375000000000000       7.01414534494147704E-009
   32.625000000000000       5.20050857472694336E-009
   32.875000000000000       3.85188914408767173E-009
   33.125000000000000       2.85014434996903034E-009
   33.375000000000000       2.10684710592769117E-009
   33.625000000000000       1.55589405921765897E-009
   33.875000000000000       1.14792998420530651E-009
   34.125000000000000       8.46148289328991554E-010
   34.375000000000000       6.23132487404816807E-010
   34.625000000000000       4.58483885598986029E-010
   34.875000000000000       3.37042197080462703E-010
   35.125000000000000       2.47552643586437703E-010
   35.375000000000000       1.81668800219496857E-010
   35.625000000000000       1.33207551881970846E-010
   35.875000000000000       9.75931047532501216E-011
   36.125000000000000       7.14425792249411016E-011
   36.375000000000000       5.22574943005223195E-011
   36.625000000000000       3.81943499363084983E-011
   36.875000000000000       2.78942202149648346E-011
   37.125000000000000       2.03563181777283159E-011
   37.375000000000000       1.48442872090426936E-011
   37.625000000000000       1.08168214792962703E-011
   37.875000000000000       7.87635225779749129E-012
   38.125000000000000       5.73113443453916049E-012
   38.375000000000000       4.16726176737303000E-012
   38.625000000000000       3.02803089672707178E-012
   38.875000000000000       2.19873891549688521E-012
   39.125000000000000       1.59549432911779917E-012
   39.375000000000000       1.15698947163600367E-012
   39.625000000000000       8.38456025460771379E-013
   39.875000000000000       6.07228322221083573E-013
   40.125000000000000       4.39489606182878113E-013
   40.375000000000000       3.17887887372678470E-013
   40.625000000000000       2.29790447235501587E-013
   40.875000000000000       1.66006973192591239E-013
   41.125000000000000       1.19856262832504184E-013
   41.375000000000000       8.64845964735483360E-014
   41.625000000000000       6.23683045212171928E-014
   41.875000000000000       4.49510347671016069E-014
   42.125000000000000       3.23794446151077109E-014
   42.375000000000000       2.33107548552682233E-014
   42.625000000000000       1.67727295614614232E-014
   42.875000000000000       1.20618736798992307E-014
   43.125000000000000       8.66946953052977544E-015
   43.375000000000000       6.22787691371740555E-015
   43.625000000000000       4.47157205016776767E-015
   43.875000000000000       3.20889916367096885E-015
   44.125000000000000       2.30160282935590617E-015
   44.375000000000000       1.65000767750818186E-015
   44.625000000000000       1.18229419062201146E-015
   44.875000000000000       8.46743438269615166E-016
   45.125000000000000       6.06132331993610389E-016
   45.375000000000000       4.33685567704336532E-016
   45.625000000000000       3.10153674092466311E-016
   45.875000000000000       2.21705167557663430E-016
   46.125000000000000       1.58406888715316313E-016
   46.375000000000000       1.13129030690713004E-016
   46.625000000000000       8.07566264915664121E-017
   46.875000000000000       5.76220459798389181E-017
   47.125000000000000       4.10967846895909417E-017
   47.375000000000000       2.92979948978721260E-017
   47.625000000000000       2.08776212884644230E-017
   47.875000000000000       1.48709712373449542E-017
   48.125000000000000       1.05880249203409748E-017
   48.375000000000000       7.53546301203681336E-018
   48.625000000000000       5.36075949508310060E-018
   48.875000000000000       3.81211583981794423E-018
   49.125000000000000       2.70976229759322753E-018
   49.375000000000000       1.92541152002430997E-018
   49.625000000000000       1.36755590263982155E-018
   49.875000000000000       9.70951685053993924E-019
   50.125000000000000       6.89101166494176720E-019
   50.375000000000000       4.88880796377965307E-019
   50.625000000000000       3.46704407503251551E-019
   50.875000000000000       2.45784149885183403E-019
   51.125000000000000       1.74175960174519578E-019
   51.375000000000000       1.23385481864582565E-019
   51.625000000000000       8.73741706486364054E-020
   51.875000000000000       6.18510177812358055E-020
   52.125000000000000       4.37680310071056980E-020
   52.375000000000000       3.09610095487801069E-020
   52.625000000000000       2.18938786652497513E-020
   52.875000000000000       1.54768049834847077E-020
   53.125000000000000       1.09368541175112051E-020
   53.375000000000000       7.72604985278554326E-021
   53.625000000000000       5.45604595888177628E-021
   53.875000000000000       3.85172601714925596E-021
   54.125000000000000       2.71826010945680955E-021
   54.375000000000000       1.91772476575090370E-021
   54.625000000000000       1.35251641035261291E-021
   54.875000000000000       9.53588821702036901E-022
   55.125000000000000       6.72114742857849394E-022
   55.375000000000000       4.73577056882380796E-022
   55.625000000000000       3.33583168439692057E-022
   55.875000000000000       2.34901131490382034E-022
   56.125000000000000       1.65361664404342889E-022
   56.375000000000000       1.16373616850134597E-022
   56.625000000000000       8.18738865810379157E-023
   56.875000000000000       5.75849040788549558E-023
   57.125000000000000       4.04897808224460373E-023
   57.375000000000000       2.84614417269065879E-023
   57.625000000000000       2.00006539105440613E-023
   57.875000000000000       1.40510391871488738E-023
   58.125000000000000       9.86849104445819864E-024
   58.375000000000000       6.92902620341611900E-024
   58.625000000000000       4.86377948376144004E-024
   58.875000000000000       3.41316142715885800E-024
   59.125000000000000       2.39454005192748392E-024
   59.375000000000000       1.67946414487191608E-024
   59.625000000000000       1.17761610727790779E-024
   59.875000000000000       8.25509565132018796E-025
   60.125000000000000       5.78531275660628623E-025
   60.375000000000000       4.05339482582084625E-025
   60.625000000000000       2.83922147544340890E-025
   60.875000000000000       1.98824032610851642E-025
   61.125000000000000       1.39196611983652024E-025
   61.375000000000000       9.74270504384378903E-026
   61.625000000000000       6.81745780589857370E-026
   61.875000000000000       4.76933991207746149E-026
   62.125000000000000       3.33570697482966262E-026
   62.375000000000000       2.33244915778229583E-026
   62.625000000000000       1.63054210646673124E-026
   62.875000000000000       1.13958898629571245E-026
   63.125000000000000       7.96272473137953092E-027
   63.375000000000000       5.56254102731880068E-027
   63.625000000000000       3.88493393253803698E-027
   63.875000000000000       2.71264988200818442E-027
   64.125000000000000       1.89367020035307319E-027
   64.375000000000000       1.32164930316081208E-027
   64.625000000000000       9.22210754064256254E-028
   64.875000000000000       6.43349500137154379E-028
   65.125000000000000       4.48711653106062416E-028
   65.375000000000000       3.12890282062072246E-028
   65.625000000000000       2.18133259407343211E-028
   65.875000000000000       1.52039881669134217E-028
   66.125000000000000       1.05949692578310478E-028
   66.375000000000000       7.38157671355625004E-029
   66.625000000000000       5.14169769769430582E-029
   66.875000000000000       3.58073847719228478E-029
   67.125000000000000       2.49314776290953211E-029
   67.375000000000000       1.73553536442116542E-029
   67.625000000000000       1.20789621983794256E-029
   67.875000000000000       8.40498896378844170E-030
   68.125000000000000       5.84731783577266923E-030
   68.375000000000000       4.06713821772480932E-030
   68.625000000000000       2.82835866622122536E-030
   68.875000000000000       1.96650015756711049E-030
   69.125000000000000       1.36699860044199327E-030
   69.375000000000000       9.50073828332132621E-031
   69.625000000000000       6.60180135792468361E-031
   69.875000000000000       4.58652715708355098E-031
   70.125000000000000       3.18582930976777405E-031
   70.375000000000000       2.21247640091567699E-031
   70.625000000000000       1.53621848050709802E-031
   70.875000000000000       1.06646374737194925E-031
   71.125000000000000       7.40216146273419519E-032
   71.375000000000000       5.13677948666898515E-032
   71.625000000000000       3.56404978511985774E-032
   71.875000000000000       2.47239368380304655E-032
   72.125000000000000       1.71479836321276308E-032
   72.375000000000000       1.18913348250021253E-032
   72.625000000000000       8.24462302803855305E-033
   72.875000000000000       5.71523609389660417E-033
   73.125000000000000       3.96114964178591339E-033
   73.375000000000000       2.74493801512173161E-033
   73.625000000000000       1.90181630321242222E-033
   73.875000000000000       1.31743691613687757E-033
   74.125000000000000       9.12466295326463080E-034
   74.375000000000000       6.31873395996377782E-034
   74.625000000000000       4.37491920283991031E-034
   74.875000000000000       3.02856721082592142E-034
   75.125000000000000       2.09619697122563661E-034
   75.375000000000000       1.45062491233598614E-034
   75.625000000000000       1.00370667881153426E-034
   75.875000000000000       6.94364649134824805E-035
   76.125000000000000       4.80283821376112125E-035
   76.375000000000000       3.32153119494756819E-035
   76.625000000000000       2.29672600753286188E-035
   76.875000000000000       1.58785544417773061E-035
   77.125000000000000       1.09760000507240867E-035
   77.375000000000000       7.58593365241270012E-036
   77.625000000000000       5.24211102335264359E-036
   77.875000000000000       3.62189664889470841E-036
   78.125000000000000       2.50206726651540316E-036
   78.375000000000000       1.72820564089726182E-036
   78.625000000000000       1.19350922765774317E-036
   78.875000000000000       8.24120052878610696E-037
   79.125000000000000       5.68970733974618067E-037
   79.375000000000000       3.92757534182137025E-037
   79.625000000000000       2.71078248780250459E-037
   79.875000000000000       1.87068543194652419E-037
   80.125000000000000       1.29075315577996116E-037
   80.375000000000000       8.90476276870199070E-038
   80.625000000000000       6.14240748664659069E-038
   80.875000000000000       4.23635539900784772E-038
   81.125000000000000       2.92135288095977120E-038
   81.375000000000000       2.01425243415243744E-038
   81.625000000000000       1.38861671354700599E-038
   81.875000000000000       9.57171722547824491E-039
   82.125000000000000       6.59685100782060104E-039
   82.375000000000000       4.54593471820435691E-039
   82.625000000000000       3.13220208329263922E-039
   82.875000000000000       2.15782771390997557E-039
   83.125000000000000       1.48636175590723802E-039
   83.375000000000000       1.02370161508559834E-039
   83.625000000000000       7.04958756553766915E-040
   83.875000000000000       4.85395592167485845E-040
   84.125000000000000       3.34172023041747225E-040
   84.375000000000000       2.30031247689086508E-040
   84.625000000000000       1.58323881297401416E-040
   84.875000000000000       1.08955523748846033E-040
   85.125000000000000       7.49714235408676346E-041
   85.375000000000000       5.15806160938898111E-041
   85.625000000000000       3.54831715358008286E-041
   85.875000000000000       2.44064698610167827E-041
   86.125000000000000       1.67856030336667931E-041
   86.375000000000000       1.15431405069636434E-041
   86.625000000000000       7.93738815143699128E-042
   86.875000000000000       5.45785511304551708E-042
   87.125000000000000       3.75325418092206734E-042
   87.375000000000000       2.58192076418059407E-042
   87.625000000000000       1.77767990020283483E-042
   87.875000000000000       1.22635902209628670E-042
   88.125000000000000       8.49639593520521571E-043
   88.375000000000000       5.93972367773150854E-043
   88.625000000000000       4.22993378098112520E-043
   88.875000000000000       3.12370626689473719E-043
   89.125000000000000       2.46353921631501991E-043
   89.375000000000000       2.15540477281960748E-043
   89.625000000000000       2.15540477281960748E-043
