  -10.625000000000000      -2.47201667818409227E-003
  -10.375000000000000      -2.47201667818409227E-003
  -10.125000000000000      -2.32223931614881527E-003
  -9.8750000000000000      -2.08493120132538382E-003
  -9.6250000000000000      -1.86605869519160445E-003
  -9.3750000000000000      -2.54231493891922834E-003
  -9.1250000000000000      -2.44084465342776563E-003
  -8.8750000000000000      -2.79762334412340550E-003
  -8.6250000000000000      -2.90044483834768843E-003
  -8.3750000000000000      -2.40442173414321314E-003
  -8.1250000000000000      -2.23345181247313262E-003
  -7.8750000000000000      -2.22161732512908723E-003
  -7.6250000000000000      -2.35930642431602137E-003
  -7.3750000000000000      -2.85692139828255635E-003
  -7.1250000000000000      -2.75137851732300352E-003
  -6.8750000000000000      -2.07666340045205983E-003
  -6.6250000000000000      -1.47021850289662443E-003
  -6.3750000000000000      -3.93103515736961283E-004
  -6.1250000000000000       1.56535460924585112E-004
  -5.8750000000000000       7.18574566723403918E-004
  -5.6250000000000000       1.67018084577744033E-003
  -5.3750000000000000       2.90357113498305531E-003
  -5.1250000000000000       4.46058237066946067E-003
  -4.8750000000000000       6.02818909466732930E-003
  -4.6250000000000000       7.51730874897649486E-003
  -4.3750000000000000       9.01407535662865356E-003
  -4.1250000000000000       1.09206155191562543E-002
  -3.8750000000000000       1.31958640626061562E-002
  -3.6250000000000000       1.56386570809253084E-002
  -3.3750000000000000       1.81823569448478842E-002
  -3.1250000000000000       2.03223235199274550E-002
  -2.8750000000000000       2.18927115005015278E-002
  -2.6250000000000000       2.40548594990567695E-002
  -2.3750000000000000       2.59327371053641349E-002
  -2.1250000000000000       2.83079659676741396E-002
  -1.8750000000000000       3.08865650902738348E-002
  -1.6250000000000000       3.23713681748494797E-002
  -1.3750000000000000       3.44049518911388394E-002
  -1.1250000000000000       3.61802918676485882E-002
 -0.87500000000000000       3.84675876311732015E-002
 -0.62500000000000000       4.17031098381294429E-002
 -0.37500000000000000       4.45713110247751704E-002
 -0.12500000000000000       4.69393952947129156E-002
  0.12500000000000000       4.92427590135731258E-002
  0.37500000000000000       5.13795468853497153E-002
  0.62500000000000000       5.41554579212657414E-002
  0.87500000000000000       5.75827231832355957E-002
   1.1250000000000000       5.97821575134909397E-002
   1.3750000000000000       6.19747915516479300E-002
   1.6250000000000000       6.34766547769575612E-002
   1.8750000000000000       6.49464212678535768E-002
   2.1250000000000000       6.75181867035784672E-002
   2.3750000000000000       6.96877558716378492E-002
   2.6250000000000000       7.18687319971862693E-002
   2.8750000000000000       7.36739060469418366E-002
   3.1250000000000000       7.53272790421779942E-002
   3.3750000000000000       7.77079218545239092E-002
   3.6250000000000000       8.06992733480740576E-002
   3.8750000000000000       8.37789430564294252E-002
   4.1250000000000000       8.67597380074629360E-002
   4.3750000000000000       8.94621674698559410E-002
   4.6250000000000000       9.21220797050183865E-002
   4.8750000000000000       9.48780781245771448E-002
   5.1250000000000000       9.77644453518240475E-002
   5.3750000000000000       0.10035979766647629     
   5.6250000000000000       0.10248765055649089     
   5.8750000000000000       0.10410315683826726     
   6.1250000000000000       0.10469425393713951     
   6.3750000000000000       0.10521365204053186     
   6.6250000000000000       0.10516118666085278     
   6.8750000000000000       0.10459643808254152     
   7.1250000000000000       0.10326945471927093     
   7.3750000000000000       0.10032851431978235     
   7.6250000000000000       9.64532349673594691E-002
   7.8750000000000000       9.24106357726351135E-002
   8.1250000000000000       8.82184175475830418E-002
   8.3750000000000000       8.39128394346832507E-002
   8.6250000000000000       7.86727662411136758E-002
   8.8750000000000000       7.21511174482948325E-002
   9.1250000000000000       6.61592925751519206E-002
   9.3750000000000000       6.02350312180287215E-002
   9.6250000000000000       5.49437264399882178E-002
   9.8750000000000000       4.95448596739277644E-002
   10.125000000000000       4.36326886072659764E-002
   10.375000000000000       3.79821572241507491E-002
   10.625000000000000       3.29896971640609438E-002
   10.875000000000000       2.86792267610957684E-002
   11.125000000000000       2.47020769216316910E-002
   11.375000000000000       2.08294113149253002E-002
   11.625000000000000       1.71582512457370551E-002
   11.875000000000000       1.38945304138040331E-002
   12.125000000000000       1.11438470972744837E-002
   12.375000000000000       8.87737405194033782E-003
   12.625000000000000       6.99825631164078740E-003
   12.875000000000000       5.41352706432920820E-003
   13.125000000000000       4.07115770880522605E-003
   13.375000000000000       2.96253422952241037E-003
   13.625000000000000       2.10557326319021432E-003
   13.875000000000000       1.52345992823988839E-003
   14.125000000000000       1.22837752497078744E-003
   14.375000000000000       1.21383550619084610E-003
   14.625000000000000       1.45518598607013105E-003
   14.875000000000000       1.91581295121274336E-003
   15.125000000000000       2.55582033785442747E-003
   15.375000000000000       3.34031874103269018E-003
   15.625000000000000       4.24521882102479181E-003
   15.875000000000000       5.25948719367226938E-003
   16.125000000000000       6.38386351754138565E-003
   16.375000000000000       7.62687196093625799E-003
   16.625000000000000       8.99945029659099567E-003
   16.875000000000000       1.05096253184455059E-002
   17.125000000000000       1.21584385957810882E-002
   17.375000000000000       1.39378882465372011E-002
   17.625000000000000       1.58311336308663529E-002
   17.875000000000000       1.78147248582471475E-002
   18.125000000000000       1.98622468942795984E-002
   18.375000000000000       2.19485526300767474E-002
   18.625000000000000       2.40537146770685613E-002
   18.875000000000000       2.61659407671111996E-002
   19.125000000000000       2.82829384291403939E-002
   19.375000000000000       3.04115280149328052E-002
   19.625000000000000       3.25656260204969794E-002
   19.875000000000000       3.47629932950775725E-002
   20.125000000000000       3.70213224333230603E-002
   20.375000000000000       3.93543076903110703E-002
   20.625000000000000       4.17683058708493982E-002
   20.875000000000000       4.42600811493390339E-002
   21.125000000000000       4.68159599282401279E-002
   21.375000000000000       4.94125302539052957E-002
   21.625000000000000       5.20188243761070188E-002
   21.875000000000000       5.45997382667164563E-002
   22.125000000000000       5.71202826567862310E-002
   22.375000000000000       5.95501424680328281E-002
   22.625000000000000       6.18679626537444391E-002
   22.875000000000000       6.40647924917498723E-002
   23.125000000000000       6.61462117543235445E-002
   23.375000000000000       6.81328206814786758E-002
   23.625000000000000       7.00589758355280173E-002
   23.875000000000000       7.19698603868930004E-002
   24.125000000000000       7.39171547443117638E-002
   24.375000000000000       7.59536965271858100E-002
   24.625000000000000       7.81275795542992341E-002
   24.875000000000000       8.04761493604996409E-002
   25.125000000000000       8.30203296516851680E-002
   25.375000000000000       8.57596851904158797E-002
   25.625000000000000       8.86686104629691718E-002
   25.875000000000000       9.16940344604207230E-002
   26.125000000000000       9.47550361991450762E-002
   26.375000000000000       9.77447423102857926E-002
   26.625000000000000       0.10053478619782416     
   26.875000000000000       0.10298241043211113     
   27.125000000000000       0.10493997491221942     
   27.375000000000000       0.10626621870527593     
   27.625000000000000       0.10683819035886989     
   27.875000000000000       0.10656242888505961     
   28.125000000000000       0.10538387288989748     
   28.375000000000000       0.10329118351387460     
   28.625000000000000       0.10031768442996364     
   28.875000000000000       9.65378415521724043E-002
   29.125000000000000       9.20599446321459791E-002
   29.375000000000000       8.70162221760069771E-002
   29.625000000000000       8.15518908998075637E-002
   29.875000000000000       7.58145836420625746E-002
   30.125000000000000       6.99452842004317926E-002
   30.375000000000000       6.40714484299591824E-002
   30.625000000000000       5.83025363238264677E-002
   30.875000000000000       5.27278128367686949E-002
   31.125000000000000       4.74160391333862605E-002
   31.375000000000000       4.24165701072522563E-002
   31.625000000000000       3.77613706735645885E-002
   31.875000000000000       3.34675251296719031E-002
   32.125000000000000       2.95399063011314821E-002
   32.375000000000000       2.59737687032875093E-002
   32.625000000000000       2.27571170821604142E-002
   32.875000000000000       1.98727713735540636E-002
   33.125000000000000       1.73000999974164613E-002
   33.375000000000000       1.50164274032072356E-002
   33.625000000000000       1.29981422170247045E-002
   33.875000000000000       1.12215427549161462E-002
   34.125000000000000       9.66346021123748282E-003
   34.375000000000000       8.30169902614682521E-003
   34.625000000000000       7.11533064686855222E-003
   34.875000000000000       6.08487241537756206E-003
   35.125000000000000       5.19237848013802232E-003
   35.375000000000000       4.42146494746177739E-003
   35.625000000000000       3.75728723290960805E-003
   35.875000000000000       3.18648386611140302E-003
   36.125000000000000       2.69709786972887602E-003
   36.375000000000000       2.27848424677516530E-003
   36.625000000000000       1.92121001408877530E-003
   36.875000000000000       1.61695154650255842E-003
   37.125000000000000       1.35839267841502656E-003
   37.375000000000000       1.13912598404214134E-003
   37.625000000000000       9.53558868903187432E-004
   37.875000000000000       7.96825505520166663E-004
   38.125000000000000       6.64705196280246748E-004
   38.375000000000000       5.53547413546084900E-004
   38.625000000000000       4.60203525301011414E-004
   38.875000000000000       3.81965043080649623E-004
   39.125000000000000       3.16508111227460740E-004
   39.375000000000000       2.61843879703564707E-004
   39.625000000000000       2.16274356732432734E-004
   39.875000000000000       1.78353314576631825E-004
   40.125000000000000       1.46851815725868804E-004
   40.375000000000000       1.20727932978171944E-004
   40.625000000000000       9.91002517364909021E-005
   40.875000000000000       8.12247635430668469E-005
   41.125000000000000       6.64747843188788062E-005
   41.375000000000000       5.43235573597117095E-005
   41.625000000000000       4.43292286561657877E-005
   41.875000000000000       3.61219096552815085E-005
   42.125000000000000       2.93925695123227813E-005
   42.375000000000000       2.38835247284228067E-005
   42.625000000000000       1.93803185171904205E-005
   42.875000000000000       1.57048050901764755E-005
   43.125000000000000       1.27092751855548952E-005
   43.375000000000000       1.02714785429348763E-005
   43.625000000000000       8.29041665782445193E-006
   43.875000000000000       6.68279507792182471E-006
   44.125000000000000       5.38003880345244899E-006
   44.375000000000000       4.32578711724896745E-006
   44.625000000000000       3.47379550113263327E-006
   44.875000000000000       2.78618230384623670E-006
   45.125000000000000       2.23196662507946432E-006
   45.375000000000000       1.78585158191146308E-006
   45.625000000000000       1.42721383690947396E-006
   45.875000000000000       1.13926609483349427E-006
   46.125000000000000       9.08364314933096995E-007
   46.375000000000000       7.23435728838593574E-007
   46.625000000000000       5.75507483442257367E-007
   46.875000000000000       4.57318919960564973E-007
   47.125000000000000       3.63003223308333916E-007
   47.375000000000000       2.87826491705867105E-007
   47.625000000000000       2.27974240101951636E-007
   47.875000000000000       1.80377011290789046E-007
   48.125000000000000       1.42568168501150468E-007
   48.375000000000000       1.12568120411710308E-007
   48.625000000000000       8.87902168595008411E-008
   48.875000000000000       6.99643794942675760E-008
   49.125000000000000       5.50752209618073070E-008
   49.375000000000000       4.33119801178671273E-008
   49.625000000000000       3.40280775020744319E-008
   49.875000000000000       2.67084904098138006E-008
   50.125000000000000       2.09434736487473745E-008
   50.375000000000000       1.64074217094500948E-008
   50.625000000000000       1.28418901367815900E-008
   50.875000000000000       1.00419763894340471E-008
   51.125000000000000       7.84541017131173374E-009
   51.375000000000000       6.12382577131964870E-009
   51.625000000000000       4.77578909177848628E-009
   51.875000000000000       3.72123372818787501E-009
   52.125000000000000       2.89702696878847759E-009
   52.375000000000000       2.25344063676476839E-009
   52.625000000000000       1.75134555723206655E-009
   52.875000000000000       1.35998395888246219E-009
   53.125000000000000       1.05520285203197281E-009
   53.375000000000000       8.18054623629476919E-010
   53.625000000000000       6.33689791783079323E-010
   53.875000000000000       4.90481916085098832E-010
   54.125000000000000       3.79336758960025517E-010
   54.375000000000000       2.93147503080619016E-010
   54.625000000000000       2.26365611119148668E-010
   54.875000000000000       1.74663140962983117E-010
   55.125000000000000       1.34667305602328210E-010
   55.375000000000000       1.03752038017677177E-010
   55.625000000000000       7.98744862757990730E-011
   55.875000000000000       6.14468830599365464E-011
   56.125000000000000       4.72362362290704630E-011
   56.375000000000000       3.62858766695424014E-011
   56.625000000000000       2.78541601587937912E-011
   56.875000000000000       2.13666181604764305E-011
   57.125000000000000       1.63786420282173833E-011
   57.375000000000000       1.25464088828942485E-011
   57.625000000000000       9.60424967614274296E-012
   57.875000000000000       7.34704795455157052E-012
   58.125000000000000       5.61656332704081043E-012
   58.375000000000000       4.29081389338423147E-012
   58.625000000000000       3.27584063812605240E-012
   58.875000000000000       2.49932491528000450E-012
   59.125000000000000       1.90564626632565937E-012
   59.375000000000000       1.45205874735778626E-012
   59.625000000000000       1.10573507969804830E-012
   59.875000000000000       8.41483534686710761E-013
   60.125000000000000       6.39985870048670048E-013
   60.375000000000000       4.86438491576877921E-013
   60.625000000000000       3.69505395626859809E-013
   60.875000000000000       2.80511985672395347E-013
   61.125000000000000       2.12824829452498646E-013
   61.375000000000000       1.61374834978996829E-013
   61.625000000000000       1.22290959171576300E-013
   61.875000000000000       9.26190363875207354E-014
   62.125000000000000       7.01061055681877116E-014
   62.375000000000000       5.30350987713938140E-014
   62.625000000000000       4.00982226376114102E-014
   62.875000000000000       3.03000454310912918E-014
   63.125000000000000       2.28833728242210728E-014
   63.375000000000000       1.72725932683125700E-014
   63.625000000000000       1.30304055904353552E-014
   63.875000000000000       9.82479039219736414E-015
   64.125000000000000       7.40381727079567289E-015
   64.375000000000000       5.57644169805963019E-015
   64.625000000000000       4.19787717137541449E-015
   64.875000000000000       3.15845983352568689E-015
   65.125000000000000       2.37517720294101247E-015
   65.375000000000000       1.78522775993300010E-015
   65.625000000000000       1.34112762592462800E-015
   65.875000000000000       1.00699503087440745E-015
   66.125000000000000       7.55730835346981754E-016
   66.375000000000000       5.66880325786664415E-016
   66.625000000000000       4.25012653052036473E-016
   66.875000000000000       3.18493336656985386E-016
   67.125000000000000       2.38555051607643777E-016
   67.375000000000000       1.78594630359814239E-016
   67.625000000000000       1.33641519338270943E-016
   67.875000000000000       9.99561066559929961E-017
   68.125000000000000       7.47263639102974208E-017
   68.375000000000000       5.58388686701956189E-017
   68.625000000000000       4.17060674322375600E-017
   68.875000000000000       3.11360381318527090E-017
   69.125000000000000       2.32343499964145686E-017
   69.375000000000000       1.73301507200149188E-017
   69.625000000000000       1.29205302552738427E-017
   69.875000000000000       9.62866439668900076E-018
   70.125000000000000       7.17234197096134085E-018
   70.375000000000000       5.34031217374825403E-018
   70.625000000000000       3.97451823950784553E-018
   70.875000000000000       2.95675944473119826E-018
   71.125000000000000       2.19868279884779263E-018
   71.375000000000000       1.63427701887437972E-018
   71.625000000000000       1.21424600089939035E-018
   71.875000000000000       9.01793271121620459E-019
   72.125000000000000       6.69465144360192713E-019
   72.375000000000000       4.96787862262690206E-019
   72.625000000000000       3.68499876771612657E-019
   72.875000000000000       2.73230014302842763E-019
   73.125000000000000       2.02509526118141141E-019
   73.375000000000000       1.50034037523728199E-019
   73.625000000000000       1.11112443781514932E-019
   73.875000000000000       8.22555912126972926E-020
   74.125000000000000       6.08694293738782072E-020
   74.375000000000000       4.50262044965963882E-020
   74.625000000000000       3.32939232815982567E-020
   74.875000000000000       2.46093045412592760E-020
   75.125000000000000       1.81831712860899866E-020
   75.375000000000000       1.34300311467521637E-020
   75.625000000000000       9.91568395055292548E-021
   75.875000000000000       7.31825855659572435E-021
   76.125000000000000       5.39924928097938950E-021
   76.375000000000000       3.98199482922827626E-021
   76.625000000000000       2.93569410526600976E-021
   76.875000000000000       2.16353939603443620E-021
   77.125000000000000       1.59391002359179169E-021
   77.375000000000000       1.17383988067248102E-021
   77.625000000000000       8.64173708238980356E-022
   77.875000000000000       6.35977017990096044E-022
   78.125000000000000       4.67876272922869403E-022
   78.375000000000000       3.44089071557575767E-022
   78.625000000000000       2.52965919590798668E-022
   78.875000000000000       1.85911150844583202E-022
   79.125000000000000       1.36584730251310655E-022
   79.375000000000000       1.00312056377309499E-022
   79.625000000000000       7.36477306594713524E-023
   79.875000000000000       5.40532515552195542E-023
   80.125000000000000       3.96589721557441714E-023
   80.375000000000000       2.90883580711821553E-023
   80.625000000000000       2.13282891958285994E-023
   80.875000000000000       1.56333777282219060E-023
   81.125000000000000       1.14554070773399319E-023
   81.375000000000000       8.39131541421355456E-024
   81.625000000000000       6.14486402391439634E-024
   81.875000000000000       4.49840041688511426E-024
   82.125000000000000       3.29206519828124567E-024
   82.375000000000000       2.40848585548847758E-024
   82.625000000000000       1.76151356533023417E-024
   82.875000000000000       1.28793800697471413E-024
   83.125000000000000       9.41394922395481865E-025
   83.375000000000000       6.87887650043677233E-025
   83.625000000000000       5.02496202514150540E-025
   83.875000000000000       3.66959818051056030E-025
   84.125000000000000       2.67901753026875102E-025
   84.375000000000000       1.95526132163481682E-025
   84.625000000000000       1.42661649272100146E-025
   84.875000000000000       1.04060033597695634E-025
   85.125000000000000       7.58815807649510811E-026
   85.375000000000000       5.53179917872566347E-026
   85.625000000000000       4.03159644933962240E-026
   85.875000000000000       2.93746895835287065E-026
   86.125000000000000       2.13975401449162620E-026
   86.375000000000000       1.55834880682603988E-026
   86.625000000000000       1.13476337191680830E-026
   86.875000000000000       8.26306482964811652E-027
   87.125000000000000       6.01833804861858225E-027
   87.375000000000000       4.38640146639291806E-027
   87.625000000000000       3.20189549678612601E-027
   87.875000000000000       2.34459072845838028E-027
   88.125000000000000       1.72732415188624899E-027
   88.375000000000000       1.28723794589933531E-027
   88.625000000000000       9.79450772740692015E-028
   88.875000000000000       7.72531994323008212E-028
   89.125000000000000       6.45327846195998769E-028
   89.375000000000000       5.84822858727430112E-028
   89.625000000000000       5.84822858727430112E-028
