  -10.625000000000000      -1.44726571216343032E-003
  -10.375000000000000      -1.44726571216343032E-003
  -10.125000000000000      -7.03781690475130091E-004
  -9.8750000000000000      -5.23924946808939471E-005
  -9.6250000000000000      -2.48349855703544240E-004
  -9.3750000000000000      -2.90176130739246260E-004
  -9.1250000000000000      -1.38179636000392670E-004
  -8.8750000000000000       8.01850879410492671E-004
  -8.6250000000000000       1.44977042347955716E-003
  -8.3750000000000000       1.39253048938006783E-003
  -8.1250000000000000       1.33408111238632028E-003
  -7.8750000000000000       1.61692914275490297E-003
  -7.6250000000000000       2.13100441886956331E-003
  -7.3750000000000000       2.43571052054424898E-003
  -7.1250000000000000       1.92256906690401515E-003
  -6.8750000000000000       9.97430799411570248E-004
  -6.6250000000000000       4.92451820917475577E-004
  -6.3750000000000000       1.94354687623190798E-004
  -6.1250000000000000       1.03876887108363079E-004
  -5.8750000000000000      -4.05501218323467221E-004
  -5.6250000000000000      -1.25844728954223393E-003
  -5.3750000000000000      -2.06839815769320565E-003
  -5.1250000000000000      -2.80467570820525959E-003
  -4.8750000000000000      -3.50110939712450133E-003
  -4.6250000000000000      -4.20231455931231301E-003
  -4.3750000000000000      -4.66674940075636775E-003
  -4.1250000000000000      -4.79770003942746066E-003
  -3.8750000000000000      -4.68652223179337902E-003
  -3.6250000000000000      -4.58623949969338279E-003
  -3.3750000000000000      -4.68499520953587212E-003
  -3.1250000000000000      -4.66577527064694283E-003
  -2.8750000000000000      -4.03381192287713321E-003
  -2.6250000000000000      -3.34077777711323234E-003
  -2.3750000000000000      -2.57351248364551862E-003
  -2.1250000000000000      -2.37117366681067337E-003
  -1.8750000000000000      -2.51663332488112970E-003
  -1.6250000000000000      -1.83667936991499373E-003
  -1.3750000000000000      -8.20799848521341934E-004
  -1.1250000000000000       6.30325699388223381E-004
 -0.87500000000000000       1.76752632928897971E-003
 -0.62500000000000000       2.35149952262613546E-003
 -0.37500000000000000       3.20804238617166835E-003
 -0.12500000000000000       4.75469560842593873E-003
  0.12500000000000000       6.75256693965738466E-003
  0.37500000000000000       8.85168825980891041E-003
  0.62500000000000000       1.04740789933514961E-002
  0.87500000000000000       1.13896037803828051E-002
   1.1250000000000000       1.28490201679993966E-002
   1.3750000000000000       1.46315630836256309E-002
   1.6250000000000000       1.68475306440451604E-002
   1.8750000000000000       1.89495525237838407E-002
   2.1250000000000000       2.01859002523069458E-002
   2.3750000000000000       2.15418417120128713E-002
   2.6250000000000000       2.33088860980996751E-002
   2.8750000000000000       2.56890546327117851E-002
   3.1250000000000000       2.83041924880963330E-002
   3.3750000000000000       3.05772378355800532E-002
   3.6250000000000000       3.26313548750032101E-002
   3.8750000000000000       3.49247661486891611E-002
   4.1250000000000000       3.75411343993843419E-002
   4.3750000000000000       4.02654549998843550E-002
   4.6250000000000000       4.27086131494157362E-002
   4.8750000000000000       4.48814939434545174E-002
   5.1250000000000000       4.69581275118058847E-002
   5.3750000000000000       4.90770109325274068E-002
   5.6250000000000000       5.11343792083590876E-002
   5.8750000000000000       5.28330870486480031E-002
   6.1250000000000000       5.46888043153026249E-002
   6.3750000000000000       5.66838492059385385E-002
   6.6250000000000000       5.88037675241213156E-002
   6.8750000000000000       6.06258875232861261E-002
   7.1250000000000000       6.19418179819214570E-002
   7.3750000000000000       6.34471781857179618E-002
   7.6250000000000000       6.56454250342251439E-002
   7.8750000000000000       6.82871610425994785E-002
   8.1250000000000000       7.08324096420559768E-002
   8.3750000000000000       7.29792433733005563E-002
   8.6250000000000000       7.51459239018913011E-002
   8.8750000000000000       7.82583723755850280E-002
   9.1250000000000000       8.18051367979742011E-002
   9.3750000000000000       8.52142291913620537E-002
   9.6250000000000000       8.80238947246267806E-002
   9.8750000000000000       9.09834300259177581E-002
   10.125000000000000       9.46408934609981184E-002
   10.375000000000000       9.83506617883761203E-002
   10.625000000000000       0.10137246908936230     
   10.875000000000000       0.10362626459183384     
   11.125000000000000       0.10553534938738782     
   11.375000000000000       0.10725492961861151     
   11.625000000000000       0.10843508640147879     
   11.875000000000000       0.10864416750828898     
   12.125000000000000       0.10773417969872147     
   12.375000000000000       0.10582236808154215     
   12.625000000000000       0.10308594448802923     
   12.875000000000000       9.96232019223279031E-002
   13.125000000000000       9.54512732415975229E-002
   13.375000000000000       9.05778174151813664E-002
   13.625000000000000       8.50659837488329240E-002
   13.875000000000000       7.90532077082722051E-002
   14.125000000000000       7.27274756573716152E-002
   14.375000000000000       6.62855017885096987E-002
   14.625000000000000       5.98965353890786659E-002
   14.875000000000000       5.36841045860453753E-002
   15.125000000000000       4.77261810955365504E-002
   15.375000000000000       4.20672172625900023E-002
   15.625000000000000       3.67337912759226545E-002
   15.875000000000000       3.17474182377218000E-002
   16.125000000000000       2.71313122226713825E-002
   16.375000000000000       2.29109363295295389E-002
   16.625000000000000       1.91102078817574662E-002
   16.875000000000000       1.57460174892086018E-002
   17.125000000000000       1.28234874686757178E-002
   17.375000000000000       1.03335569811076645E-002
   17.625000000000000       8.25346555860723662E-003
   17.875000000000000       6.54982518130245352E-003
   18.125000000000000       5.18338527370818068E-003
   18.375000000000000       4.11434314633812252E-003
   18.625000000000000       3.30709595706265517E-003
   18.875000000000000       2.73359182016637628E-003
   19.125000000000000       2.37482378397464678E-003
   19.375000000000000       2.22042573999555685E-003
   19.625000000000000       2.26668989709464868E-003
   19.875000000000000       2.51357153567784890E-003
   20.125000000000000       2.96135172267652635E-003
   20.375000000000000       3.60759920474364257E-003
   20.625000000000000       4.44494017623726229E-003
   20.875000000000000       5.45995172534122740E-003
   21.125000000000000       6.63328306400197930E-003
   21.375000000000000       7.94091108204528044E-003
   21.625000000000000       9.35627572969630408E-003
   21.875000000000000       1.08529297895524745E-002
   22.125000000000000       1.24072839380689175E-002
   22.375000000000000       1.40010336209895440E-002
   22.625000000000000       1.56229155510981075E-002
   22.875000000000000       1.72695483331373953E-002
   23.125000000000000       1.89452470158899267E-002
   23.375000000000000       2.06608440273022484E-002
   23.625000000000000       2.24316773564131183E-002
   23.875000000000000       2.42750036620404154E-002
   24.125000000000000       2.62071495898048880E-002
   24.375000000000000       2.82407280640010715E-002
   24.625000000000000       3.03822238641380422E-002
   24.875000000000000       3.26302042589588018E-002
   25.125000000000000       3.49743457256394066E-002
   25.375000000000000       3.73953941078593935E-002
   25.625000000000000       3.98660968739763671E-002
   25.875000000000000       4.23530640147216642E-002
   26.125000000000000       4.48194300597919287E-002
   26.375000000000000       4.72281074580897450E-002
   26.625000000000000       4.95453486178412672E-002
   26.875000000000000       5.17442810504590844E-002
   27.125000000000000       5.38080591080679141E-002
   27.375000000000000       5.57322957422142148E-002
   27.625000000000000       5.75265007970574074E-002
   27.875000000000000       5.92143517061590324E-002
   28.125000000000000       6.08327424954404547E-002
   28.375000000000000       6.24296768923217824E-002
   28.625000000000000       6.40611706044143664E-002
   28.875000000000000       6.57873919335662527E-002
   29.125000000000000       6.76682940837976254E-002
   29.375000000000000       6.97589826337959434E-002
   29.625000000000000       7.21050319144781321E-002
   29.875000000000000       7.47379329690443100E-002
   30.125000000000000       7.76708413673558307E-002
   30.375000000000000       8.08948084329232375E-002
   30.625000000000000       8.43757288349229195E-002
   30.875000000000000       8.80523139277600425E-002
   31.125000000000000       9.18354832038702079E-002
   31.375000000000000       9.56096217404919790E-002
   31.625000000000000       9.92361354791093109E-002
   31.875000000000000       0.10255960372413236     
   32.125000000000000       0.10541654999703282     
   32.375000000000000       0.10764643513532991     
   32.625000000000000       0.10910398070165822     
   32.875000000000000       0.10967147241321117     
   33.125000000000000       0.10926942002133889     
   33.375000000000000       0.10786399084208967     
   33.625000000000000       0.10547004002396164     
   33.875000000000000       0.10214926635580673     
   34.125000000000000       9.80038550936036951E-002
   34.375000000000000       9.31667076539648975E-002
   34.625000000000000       8.77898157245126792E-002
   34.875000000000000       8.20324288795435536E-002
   35.125000000000000       7.60504235826456598E-002
   35.375000000000000       6.99878279996340308E-002
   35.625000000000000       6.39709408090433779E-002
   35.875000000000000       5.81050281824338488E-002
   36.125000000000000       5.24732630118882812E-002
   36.375000000000000       4.71374010867176077E-002
   36.625000000000000       4.21396481212580748E-002
   36.875000000000000       3.75052191155647585E-002
   37.125000000000000       3.32451861756531478E-002
   37.375000000000000       2.93593198170786149E-002
   37.625000000000000       2.58387306558714412E-002
   37.875000000000000       2.26682024187216322E-002
   38.125000000000000       1.98281701126965457E-002
   38.375000000000000       1.72963402704383734E-002
   38.625000000000000       1.50489768784674519E-002
   38.875000000000000       1.30618909343371906E-002
   39.125000000000000       1.13111772974912560E-002
   39.375000000000000       9.77374265637689053E-003
   39.625000000000000       8.42766533066394846E-003
   39.875000000000000       7.25242287759332062E-003
   40.125000000000000       6.22901813870723690E-003
   40.375000000000000       5.34002909844993792E-003
   40.625000000000000       4.56960309069790252E-003
   40.875000000000000       3.90341165195157375E-003
   41.125000000000000       3.32857872866595050E-003
   41.375000000000000       2.83359197848087000E-003
   41.625000000000000       2.40820450148898982E-003
   41.875000000000000       2.04333242320215488E-003
   42.125000000000000       1.73095224796626732E-003
   42.375000000000000       1.46400073719593865E-003
   42.625000000000000       1.23627917596531964E-003
   42.875000000000000       1.04236321850553521E-003
   43.125000000000000       8.77519001561607938E-004
   43.375000000000000       7.37625846376394100E-004
   43.625000000000000       6.19105604744097683E-004
   43.875000000000000       5.18858517846955175E-004
   44.125000000000000       4.34205329386654949E-004
   44.375000000000000       3.62835311993924610E-004
   44.625000000000000       3.02759816564176186E-004
   44.875000000000000       2.52270929207693017E-004
   45.125000000000000       2.09904813190155744E-004
   45.375000000000000       1.74409318465027830E-004
   45.625000000000000       1.44715455306898587E-004
   45.875000000000000       1.19912348248837536E-004
   46.125000000000000       9.92253098470315088E-005
   46.375000000000000       8.19966991427425118E-005
   46.625000000000000       6.76692558915730462E-005
   46.875000000000000       5.57716278333786409E-005
   47.125000000000000       4.59058338784538043E-005
   47.375000000000000       3.77364306680082331E-005
   47.625000000000000       3.09811732508964718E-005
   47.875000000000000       2.54029824312340158E-005
   48.125000000000000       2.08030515893771393E-005
   48.375000000000000       1.70149444273758292E-005
   48.625000000000000       1.38995521486275484E-005
   48.875000000000000       1.13407940909568510E-005
   49.125000000000000       9.24195985604403624E-006
   49.375000000000000       7.52260359464046098E-006
   49.625000000000000       6.11591240471081889E-006
   49.875000000000000       4.96648087237755464E-006
   50.125000000000000       4.02843272934019710E-006
   50.375000000000000       3.26383851101036645E-006
   50.625000000000000       2.64138507045061060E-006
   50.875000000000000       2.13525892426209506E-006
   51.125000000000000       1.72421076321438840E-006
   51.375000000000000       1.39077313283182366E-006
   51.625000000000000       1.12060735194027052E-006
   51.875000000000000       9.01959259157692147E-007
   52.125000000000000       7.25206421510084889E-007
   52.375000000000000       5.82482063106514159E-007
   52.625000000000000       4.67363226949776588E-007
   52.875000000000000       3.74612616093622397E-007
   53.125000000000000       2.99965213156605650E-007
   53.375000000000000       2.39952186750184752E-007
   53.625000000000000       1.91755792521392216E-007
   53.875000000000000       1.53089994215659705E-007
   54.125000000000000       1.22102391873632779E-007
   54.375000000000000       9.72937722424868362E-008
   54.625000000000000       7.74522101036232232E-008
   54.875000000000000       6.15991653388411153E-008
   55.125000000000000       4.89454537540317419E-008
   55.375000000000000       3.88553325282899223E-008
   55.625000000000000       3.08172444706242662E-008
   55.875000000000000       2.44200183166890874E-008
   56.125000000000000       1.93335330087170639E-008
   56.375000000000000       1.52930290280792971E-008
   56.625000000000000       1.20863951340325778E-008
   56.875000000000000       9.54387917304451202E-009
   57.125000000000000       7.52977107825849240E-009
   57.375000000000000       5.93568825199870417E-009
   57.625000000000000       4.67516113940009215E-009
   57.875000000000000       3.67927241326672032E-009
   58.125000000000000       2.89314885591396390E-009
   58.375000000000000       2.27314246247611519E-009
   58.625000000000000       1.78456793633424933E-009
   58.875000000000000       1.39988879503376026E-009
   59.125000000000000       1.09726474639075586E-009
   59.375000000000000       8.59389652048224162E-010
   59.625000000000000       6.72562950341729623E-010
   59.875000000000000       5.25948424362543748E-010
   60.125000000000000       4.10983138295120362E-010
   60.375000000000000       3.20906607156770985E-010
   60.625000000000000       2.50386125617767336E-010
   60.875000000000000       1.95218917904130731E-010
   61.125000000000000       1.52095593574137900E-010
   61.375000000000000       1.18412475476065521E-010
   61.625000000000000       9.21228470597112310E-011
   61.875000000000000       7.16191610406124429E-011
   62.125000000000000       5.56398534768118113E-011
   62.375000000000000       4.31956924072934113E-011
   62.625000000000000       3.35116198191071746E-011
   62.875000000000000       2.59808696875921244E-011
   63.125000000000000       2.01288034901602343E-011
   63.375000000000000       1.55844305069052985E-011
   63.625000000000000       1.20579996786570345E-011
   63.875000000000000       9.32338397890416574E-012
   64.125000000000000       7.20424421903798671E-012
   64.375000000000000       5.56317064988305934E-012
   64.625000000000000       4.29316864692547306E-012
   64.875000000000000       3.31098799183700717E-012
   65.125000000000000       2.55190085170892581E-012
   65.375000000000000       1.96561715904402187E-012
   65.625000000000000       1.51309222317349780E-012
   65.875000000000000       1.16403365879244314E-012
   66.125000000000000       8.94955970357804902E-013
   66.375000000000000       6.87663667710448558E-013
   66.625000000000000       5.28069426188269448E-013
   66.875000000000000       4.05273987778668312E-013
   67.125000000000000       3.10850374550956137E-013
   67.375000000000000       2.38287460255173673E-013
   67.625000000000000       1.82557740095302384E-013
   67.875000000000000       1.39781821527585408E-013
   68.125000000000000       1.06968180402334167E-013
   68.375000000000000       8.18114420897642927E-014
   68.625000000000000       6.25361366117052309E-014
   68.875000000000000       4.77757610538274874E-014
   69.125000000000000       3.64792355013190969E-014
   69.375000000000000       2.78385971628307182E-014
   69.625000000000000       2.12331486760633247E-014
   69.875000000000000       1.61863451866983190E-014
   70.125000000000000       1.23325368358372571E-014
   70.375000000000000       9.39133064243436183E-015
   70.625000000000000       7.14783903646724182E-015
   70.875000000000000       5.43747325732779895E-015
   71.125000000000000       4.13424331555883153E-015
   71.375000000000000       3.14176162185901393E-015
   71.625000000000000       2.38632985249528606E-015
   71.875000000000000       1.81162994805933455E-015
   72.125000000000000       1.37464952885000335E-015
   72.375000000000000       1.04255661399258118E-015
   72.625000000000000       7.90303921450448202E-016
   72.875000000000000       5.98793530715326318E-016
   73.125000000000000       4.53471670868005097E-016
   73.375000000000000       3.43253462790037259E-016
   73.625000000000000       2.59700618750574435E-016
   73.875000000000000       1.96392953162944686E-016
   74.125000000000000       1.48448298986440854E-016
   74.375000000000000       1.12155994387969380E-016
   74.625000000000000       8.46972301941431742E-017
   74.875000000000000       6.39317915580823749E-017
   75.125000000000000       4.82355204515908037E-017
   75.375000000000000       3.63765034110583253E-017
   75.625000000000000       2.74208092066464174E-017
   75.875000000000000       2.06607624046937398E-017
   76.125000000000000       1.55603941035903721E-017
   76.375000000000000       1.17139781381380858E-017
   76.625000000000000       8.81453027198013139E-018
   76.875000000000000       6.62988888384816927E-018
   77.125000000000000       4.98456181595807029E-018
   77.375000000000000       3.74595638749871320E-018
   77.625000000000000       2.81393952679843433E-018
   77.875000000000000       2.11292664514213653E-018
   78.125000000000000       1.58588972730543585E-018
   78.375000000000000       1.18982128434985269E-018
   78.625000000000000       8.92302118533230862E-019
   78.875000000000000       6.68905558430981148E-019
   79.125000000000000       5.01235254549382804E-019
   79.375000000000000       3.75442608747317153E-019
   79.625000000000000       2.81107129056763311E-019
   79.875000000000000       2.10391265681395015E-019
   80.125000000000000       1.57402736981183919E-019
   80.375000000000000       1.17713629006245178E-019
   80.625000000000000       8.79978921688121455E-020
   80.875000000000000       6.57582104447544989E-020
   81.125000000000000       4.91203020983603819E-020
   81.375000000000000       3.66780737595327562E-020
   81.625000000000000       2.73771077389540126E-020
   81.875000000000000       2.04270316783154079E-020
   82.125000000000000       1.52356398171176620E-020
   82.375000000000000       1.13593882583866208E-020
   82.625000000000000       8.46621059665227929E-021
   82.875000000000000       6.30759969330587029E-021
   83.125000000000000       4.69765545112276218E-021
   83.375000000000000       3.49736711753501327E-021
   83.625000000000000       2.60282731321866722E-021
   83.875000000000000       1.93639796036471644E-021
   84.125000000000000       1.44009151986762121E-021
   84.375000000000000       1.07061404360922638E-021
   84.625000000000000       7.95654313395129629E-022
   84.875000000000000       5.91106948759441772E-022
   85.125000000000000       4.38995254790861824E-022
   85.375000000000000       3.25918108077044857E-022
   85.625000000000000       2.41889137735827913E-022
   85.875000000000000       1.79469461244067658E-022
   86.125000000000000       1.33120001527076317E-022
   86.375000000000000       9.87179901321471764E-023
   86.625000000000000       7.31961919343884645E-023
   86.875000000000000       5.42738284361035618E-023
   87.125000000000000       4.02560004408657979E-023
   87.375000000000000       2.98842713664777476E-023
   87.625000000000000       2.22254615372381524E-023
   87.875000000000000       1.65889908933161885E-023
   88.125000000000000       1.24655701591444118E-023
   88.375000000000000       9.48188711802190022E-024
   88.625000000000000       7.36732204905479220E-024
   88.875000000000000       5.92977275722996674E-024
   89.125000000000000       5.03846435630244024E-024
   89.375000000000000       4.61223015078550045E-024
   89.625000000000000       4.61223015078550045E-024
