  -10.625000000000000       2.16683247675051297E-004
  -10.375000000000000       2.16683247675051297E-004
  -10.125000000000000      -3.59591533857718591E-004
  -9.8750000000000000      -5.03244229422479517E-004
  -9.6250000000000000       2.46156853899190417E-005
  -9.3750000000000000       1.87441846046760777E-004
  -9.1250000000000000       5.88601546565272111E-004
  -8.8750000000000000       1.32989137887316796E-004
  -8.6250000000000000      -2.11192626526872585E-004
  -8.3750000000000000       1.90819154694264292E-004
  -8.1250000000000000       2.19552976965226791E-004
  -7.8750000000000000      -1.82195523190957761E-005
  -7.6250000000000000      -2.22786179392456041E-004
  -7.3750000000000000      -4.48009741654447735E-004
  -7.1250000000000000      -1.07719524408744419E-004
  -6.8750000000000000       1.73975848283449303E-004
  -6.6250000000000000      -2.10929014662760670E-004
  -6.3750000000000000      -2.39747474472762004E-004
  -6.1250000000000000      -1.52461702348871583E-004
  -5.8750000000000000       2.93719784606369903E-004
  -5.6250000000000000       7.05038852065951712E-004
  -5.3750000000000000       4.00242245203562567E-004
  -5.1250000000000000      -2.12135988350243702E-004
  -4.8750000000000000      -4.90092829874402510E-004
  -4.6250000000000000      -1.77235987584290638E-004
  -4.3750000000000000       3.24606976799886543E-004
  -4.1250000000000000       5.34195503182966869E-004
  -3.8750000000000000       7.59589951516736925E-005
  -3.6250000000000000      -6.48872790903700486E-004
  -3.3750000000000000      -7.31936530910137122E-004
  -3.1250000000000000      -3.10780206526710368E-004
  -2.8750000000000000       1.30682893670494479E-004
  -2.6250000000000000       7.17825771894045703E-004
  -2.3750000000000000       2.77657676106177231E-004
  -2.1250000000000000      -1.79148241048513222E-004
  -1.8750000000000000      -1.95566956943692545E-004
  -1.6250000000000000      -4.65546564354941256E-004
  -1.3750000000000000       2.14268868779178036E-004
  -1.1250000000000000       5.63937397807993935E-004
 -0.87500000000000000       3.80532282904501849E-004
 -0.62500000000000000       2.97563765839670797E-004
 -0.37500000000000000      -1.31336175063049876E-004
 -0.12500000000000000      -3.61933163897228084E-004
  0.12500000000000000       4.14834419042730439E-005
  0.37500000000000000       3.08429988122606156E-005
  0.62500000000000000      -2.44381472305325333E-004
  0.87500000000000000      -2.45323029407536121E-004
   1.1250000000000000      -7.86904221682714340E-004
   1.3750000000000000      -4.08120562657427258E-004
   1.6250000000000000       1.92288782209488899E-004
   1.8750000000000000       3.17921617230334098E-004
   2.1250000000000000       6.65679253109912228E-004
   2.3750000000000000       2.28781715212910791E-004
   2.6250000000000000      -2.48785804259523085E-004
   2.8750000000000000      -2.27993209734361643E-004
   3.1250000000000000       2.50642955369284182E-005
   3.3750000000000000       5.05884520971795824E-004
   3.6250000000000000       7.43617673812648925E-004
   3.8750000000000000       2.82479345015166966E-004
   4.1250000000000000      -3.50507630044657895E-004
   4.3750000000000000      -5.55576764165089504E-004
   4.6250000000000000      -1.75288186895405896E-004
   4.8750000000000000       3.07043160137250798E-004
   5.1250000000000000       4.03337728150260388E-004
   5.3750000000000000      -2.08478700248593762E-004
   5.6250000000000000      -9.85919458698546842E-004
   5.8750000000000000      -8.43733280780750152E-004
   6.1250000000000000      -4.68776933849049805E-004
   6.3750000000000000       1.60417926721618111E-004
   6.6250000000000000       3.72788046370466693E-004
   6.8750000000000000      -9.58727379557070328E-005
   7.1250000000000000      -9.02973114996784613E-005
   7.3750000000000000       2.81246223991367904E-004
   7.6250000000000000       5.42226772603173314E-004
   7.8750000000000000       8.21674263199142379E-004
   8.1250000000000000       5.55279653768305003E-004
   8.3750000000000000       1.50625287010701842E-004
   8.6250000000000000       4.33135734606411853E-004
   8.8750000000000000      -5.45820605345028663E-005
   9.1250000000000000      -1.77590987849404150E-004
   9.3750000000000000      -8.99211853019197724E-005
   9.6250000000000000      -1.54759456555731914E-004
   9.8750000000000000      -5.30761330896316460E-005
   10.125000000000000      -2.34201932856209749E-004
   10.375000000000000      -6.06371252870505865E-004
   10.625000000000000      -6.57636288613852398E-004
   10.875000000000000      -3.11625676921836671E-004
   11.125000000000000      -1.95569619706472780E-005
   11.375000000000000      -1.63999893677170284E-004
   11.625000000000000      -5.40872125734552945E-004
   11.875000000000000      -6.37333211542945180E-004
   12.125000000000000      -2.92167433525859549E-004
   12.375000000000000       1.65691632752682725E-004
   12.625000000000000       3.71549594156693290E-004
   12.875000000000000       3.17575523243848919E-004
   13.125000000000000       2.72040847631915752E-004
   13.375000000000000       4.36553568571844614E-004
   13.625000000000000       7.53252344787004222E-004
   13.875000000000000       1.00094694806191517E-003
   14.125000000000000       1.01340262140178902E-003
   14.375000000000000       7.99358768301003885E-004
   14.625000000000000       4.93594126408154104E-004
   14.875000000000000       2.26234243459602402E-004
   15.125000000000000       3.40699656559372406E-005
   15.375000000000000      -1.32516991666588448E-004
   15.625000000000000      -3.39437994836647682E-004
   15.875000000000000      -6.03175282606382805E-004
   16.125000000000000      -8.75046192576081367E-004
   16.375000000000000      -1.07510147836515778E-003
   16.625000000000000      -1.14278709271315370E-003
   16.875000000000000      -1.06904350805848850E-003
   17.125000000000000      -8.94350319024955352E-004
   17.375000000000000      -6.80712850734654473E-004
   17.625000000000000      -4.78364380811093870E-004
   17.875000000000000      -3.06133829368670737E-004
   18.125000000000000      -1.52854246081348885E-004
   18.375000000000000       5.59048638013015955E-006
   18.625000000000000       1.85972399192941575E-004
   18.875000000000000       3.85569133110637958E-004
   19.125000000000000       5.83023850984572419E-004
   19.375000000000000       7.49583481284816101E-004
   19.625000000000000       8.63405833648446639E-004
   19.875000000000000       9.19326717491166130E-004
   20.125000000000000       9.29803958768349423E-004
   20.375000000000000       9.17498589949180968E-004
   20.625000000000000       9.03711113468430908E-004
   20.875000000000000       8.98178766782510444E-004
   21.125000000000000       8.94466331934395563E-004
   21.375000000000000       8.72360986143420913E-004
   21.625000000000000       8.05726094299626257E-004
   21.875000000000000       6.72345492640559613E-004
   22.125000000000000       4.61955699354066687E-004
   22.375000000000000       1.79800086238219615E-004
   22.625000000000000      -1.54994432395012170E-004
   22.875000000000000      -5.14978102713547765E-004
   23.125000000000000      -8.71440253561405181E-004
   23.375000000000000      -1.20040081111823650E-003
   23.625000000000000      -1.48575109898230217E-003
   23.875000000000000      -1.71904079113414866E-003
   24.125000000000000      -1.89665063814371273E-003
   24.375000000000000      -2.01589241430281648E-003
   24.625000000000000      -2.07174782521790885E-003
   24.875000000000000      -2.05553557076260498E-003
   25.125000000000000      -1.95599678090195225E-003
   25.375000000000000      -1.76241533088326418E-003
   25.625000000000000      -1.46872271775962734E-003
   25.875000000000000      -1.07725439018626994E-003
   26.125000000000000      -6.00962152650100592E-004
   26.375000000000000      -6.33575944538901348E-005
   26.625000000000000       5.03898731073811751E-004
   26.875000000000000       1.06522174298185409E-003
   27.125000000000000       1.58614659049113806E-003
   27.375000000000000       2.03802601694594559E-003
   27.625000000000000       2.40134747480151827E-003
   27.875000000000000       2.66703144685603985E-003
   28.125000000000000       2.83560770466894123E-003
   28.375000000000000       2.91468945874683591E-003
   28.625000000000000       2.91553631483913072E-003
   28.875000000000000       2.84963055831054766E-003
   29.125000000000000       2.72607780844091570E-003
   29.375000000000000       2.55034078161791699E-003
   29.625000000000000       2.32442289617420909E-003
   29.875000000000000       2.04824380477385687E-003
   30.125000000000000       1.72167943331314865E-003
   30.375000000000000       1.34662654319809985E-003
   30.625000000000000       9.28505790772057686E-004
   30.875000000000000       4.76807802224894469E-004
   31.125000000000000       4.55500792700637400E-006
   31.375000000000000      -4.73173471735889573E-004
   31.625000000000000      -9.41290837629330597E-004
   31.875000000000000      -1.38684886972594815E-003
   32.125000000000000      -1.80080728051582170E-003
   32.375000000000000      -2.17905661668815623E-003
   32.625000000000000      -2.52249832480247590E-003
   32.875000000000000      -2.83618517305755978E-003
   33.125000000000000      -3.12771016970571402E-003
   33.375000000000000      -3.40516921095662325E-003
   33.625000000000000      -3.67509040841422713E-003
   33.875000000000000      -3.94071355304255119E-003
   34.125000000000000      -4.20092277926542405E-003
   34.375000000000000      -4.45000323962774138E-003
   34.625000000000000      -4.67823645125923972E-003
   34.875000000000000      -4.87319984814002169E-003
   35.125000000000000      -5.02152106696172017E-003
   35.375000000000000      -5.11077433993990284E-003
   35.625000000000000      -5.13120078477957969E-003
   35.875000000000000      -5.07698083348940774E-003
   36.125000000000000      -4.94687203104284337E-003
   36.375000000000000      -4.74413171767572306E-003
   36.625000000000000      -4.47575431354728989E-003
   36.875000000000000      -4.15115182602295973E-003
   37.125000000000000      -3.78048175367544370E-003
   37.375000000000000      -3.37287032126300972E-003
   37.625000000000000      -2.93478649274735550E-003
   37.875000000000000      -2.46879356496573039E-003
   38.125000000000000      -1.97284538415242686E-003
   38.375000000000000      -1.44021306372734293E-003
   38.625000000000000      -8.60038549190818291E-004
   38.875000000000000      -2.18427490650627428E-004
   39.125000000000000       5.00072099058361725E-004
   39.375000000000000       1.31079880821502069E-003
   39.625000000000000       2.22731862843426800E-003
   39.875000000000000       3.25996553781073267E-003
   40.125000000000000       4.41473206556101255E-003
   40.375000000000000       5.69260823247342250E-003
   40.625000000000000       7.08940894267361208E-003
   40.875000000000000       8.59607175363451791E-003
   41.125000000000000       1.01993544718077863E-002
   41.375000000000000       1.18828196855929775E-002
   41.625000000000000       1.36279648706034429E-002
   41.875000000000000       1.54153450794099877E-002
   42.125000000000000       1.72255424054699006E-002
   42.375000000000000       1.90398626739473123E-002
   42.625000000000000       2.08406831592300376E-002
   42.875000000000000       2.26114309603302165E-002
   43.125000000000000       2.43362330208414940E-002
   43.375000000000000       2.59993371677486249E-002
   43.625000000000000       2.75844501859383480E-002
   43.875000000000000       2.90741661480192724E-002
   44.125000000000000       3.04496605705534551E-002
   44.375000000000000       3.16908012060787350E-002
   44.625000000000000       3.27767757972283122E-002
   44.875000000000000       3.36872661367510554E-002
   45.125000000000000       3.44041151726031461E-002
   45.375000000000000       3.49133515280171253E-002
   45.625000000000000       3.52073671197526972E-002
   45.875000000000000       3.52870013843802482E-002
   46.125000000000000       3.51632793929414073E-002
   46.375000000000000       3.48585841862461485E-002
   46.625000000000000       3.44071115916653320E-002
   46.875000000000000       3.38545466787964072E-002
   47.125000000000000       3.32569978586343823E-002
   47.375000000000000       3.26793093016844935E-002
   47.625000000000000       3.21929299624865856E-002
   47.875000000000000       3.18735397046136654E-002
   48.125000000000000       3.17986192541128768E-002
   48.375000000000000       3.20451072250092922E-002
   48.625000000000000       3.26872248285493411E-002
   48.875000000000000       3.37944790109420967E-002
   49.125000000000000       3.54297884982581121E-002
   49.375000000000000       3.76476230670109296E-002
   49.625000000000000       4.04920104878853590E-002
   49.875000000000000       4.39942528270941824E-002
   50.125000000000000       4.81702089558168137E-002
   50.375000000000000       5.30170491786593687E-002
   50.625000000000000       5.85094781978316089E-002
   50.875000000000000       6.45955615149118312E-002
   51.125000000000000       7.11924813488213487E-002
   51.375000000000000       7.81827841895220699E-002
   51.625000000000000       8.54119364442257889E-002
   51.875000000000000       9.26882215599685172E-002
   52.125000000000000       9.97861033389418478E-002
   52.375000000000000       0.10645403604337816     
   52.625000000000000       0.11242722428705594     
   52.875000000000000       0.11744499492262016     
   53.125000000000000       0.12127133987010000     
   53.375000000000000       0.12371608406346449     
   53.625000000000000       0.12465340191837329     
   53.875000000000000       0.12403440317661936     
   54.125000000000000       0.12189138817093270     
   54.375000000000000       0.11833296384880625     
   54.625000000000000       0.11353105089797788     
   54.875000000000000       0.10770232792603550     
   55.125000000000000       0.10108742175911574     
   55.375000000000000       9.39310434401542105E-002
   55.625000000000000       8.64654780481502461E-002
   55.875000000000000       7.88987270769696963E-002
   56.125000000000000       7.14075357053974291E-002
   56.375000000000000       6.41347496328048133E-002
   56.625000000000000       5.71900158891930355E-002
   56.875000000000000       5.06527273995068250E-002
   57.125000000000000       4.45762118786145398E-002
   57.375000000000000       3.89923758702206275E-002
   57.625000000000000       3.39162521428663516E-002
   57.875000000000000       2.93501129456643986E-002
   58.125000000000000       2.52869801593138752E-002
   58.375000000000000       2.17134821656146150E-002
   58.625000000000000       1.86120823779212449E-002
   58.875000000000000       1.59627457517388903E-002
   59.125000000000000       1.37441273324840942E-002
   59.375000000000000       1.19343695472377553E-002
   59.625000000000000       1.05115889898926840E-002
   59.875000000000000       9.45412340775097539E-003
   60.125000000000000       8.74059840354452465E-003
   60.375000000000000       8.34986276952419913E-003
   60.625000000000000       8.26083229645377740E-003
   60.875000000000000       8.45227473185373133E-003
   61.125000000000000       8.90256333155617884E-003
   61.375000000000000       9.58942296978932719E-003
   61.625000000000000       1.04896907182343308E-002
   61.875000000000000       1.15791117516096040E-002
   62.125000000000000       1.28321908966800985E-002
   62.375000000000000       1.42221195777191695E-002
   62.625000000000000       1.57207967696372380E-002
   62.875000000000000       1.72989603163556556E-002
   63.125000000000000       1.89264411505862019E-002
   63.375000000000000       2.05725472587112018E-002
   63.625000000000000       2.22065766033347906E-002
   63.875000000000000       2.37984488919133035E-002
   64.125000000000000       2.53194356704405273E-002
   64.375000000000000       2.67429576933535251E-002
   64.625000000000000       2.80454091247752044E-002
   64.875000000000000       2.92069612394911110E-002
   65.125000000000000       3.02122951961954350E-002
   65.375000000000000       3.10512150812164989E-002
   65.625000000000000       3.17190991163648420E-002
   65.875000000000000       3.22171583088487201E-002
   66.125000000000000       3.25524867714473767E-002
   66.375000000000000       3.27379047329544315E-002
   66.625000000000000       3.27916118393169406E-002
   66.875000000000000       3.27366826797580376E-002
   67.125000000000000       3.26004468822316124E-002
   67.375000000000000       3.24138015440680535E-002
   67.625000000000000       3.22105038617908276E-002
   67.875000000000000       3.20264869587642137E-002
   68.125000000000000       3.18992329744521991E-002
   68.375000000000000       3.18672256676130541E-002
   68.625000000000000       3.19694913433316713E-002
   68.875000000000000       3.22452229344128080E-002
   69.125000000000000       3.27334683659460390E-002
   69.375000000000000       3.34728514053387605E-002
   69.625000000000000       3.45012812770132543E-002
   69.875000000000000       3.58555964803272884E-002
   70.125000000000000       3.75710785985044968E-002
   70.375000000000000       3.96807637853164238E-002
   70.625000000000000       4.22144739404348504E-002
   70.875000000000000       4.51974880180663757E-002
   71.125000000000000       4.86487792483713613E-002
   71.375000000000000       5.25787604289449650E-002
   71.625000000000000       5.69865124149904756E-002
   71.875000000000000       6.18565271096090177E-002
   72.125000000000000       6.71550821883570015E-002
   72.375000000000000       7.28264847062549681E-002
   72.625000000000000       7.87895726891138376E-002
   72.875000000000000       8.49350343983442807E-002
   73.125000000000000       9.11242635830624009E-002
   73.375000000000000       9.71905644431581006E-002
   73.625000000000000       0.10294348362103395     
   73.875000000000000       0.10817680763530146     
   74.125000000000000       0.11268027972957831     
   74.375000000000000       0.11625438358460601     
   74.625000000000000       0.11872673363168522     
   74.875000000000000       0.11996791877947464     
   75.125000000000000       0.11990432383575880     
   75.375000000000000       0.11852569400845242     
   75.625000000000000       0.11588603791557610     
   75.875000000000000       0.11209769474010209     
   76.125000000000000       0.10731967315605598     
   76.375000000000000       0.10174233360641358     
   76.625000000000000       9.55708900080902146E-002
   76.875000000000000       8.90100205377400977E-002
   77.125000000000000       8.22512572284142957E-002
   77.375000000000000       7.54640211590659471E-002
   77.625000000000000       6.87904188217558221E-002
   77.875000000000000       6.23433646317315890E-002
   78.125000000000000       5.62072919175956795E-002
   78.375000000000000       5.04406307754671074E-002
   78.625000000000000       4.50792988483371335E-002
   78.875000000000000       4.01405988758269452E-002
   79.125000000000000       3.56270879268795818E-002
   79.375000000000000       3.15301415007570654E-002
   79.625000000000000       2.78330636543304942E-002
   79.875000000000000       2.45136875683333103E-002
   80.125000000000000       2.15464725824175696E-002
   80.375000000000000       1.89041400269571794E-002
   80.625000000000000       1.65589080461748320E-002
   80.875000000000000       1.44833911286395313E-002
   81.125000000000000       1.26512280155149977E-002
   81.375000000000000       1.10374954914802866E-002
   81.625000000000000       9.61895759334518985E-003
   81.875000000000000       8.37419144400382114E-003
   82.125000000000000       7.28362306262503138E-003
   82.375000000000000       6.32949952928965262E-003
   82.625000000000000       5.49581794536529219E-003
   82.875000000000000       4.76822672734224327E-003
   83.125000000000000       4.13391081686489102E-003
   83.375000000000000       3.58146926167599196E-003
   83.625000000000000       3.10079119000553636E-003
   83.875000000000000       2.68293433910621370E-003
   84.125000000000000       2.32000889486261644E-003
   84.375000000000000       2.00506835738911053E-003
   84.625000000000000       1.73200838716667345E-003
   84.875000000000000       1.49547404237350932E-003
   85.125000000000000       1.29077543853982888E-003
   85.375000000000000       1.11381160545666975E-003
   85.625000000000000       9.61002151449427623E-004
   85.875000000000000       8.29226247103188787E-004
   86.125000000000000       7.15768390570437735E-004
   86.375000000000000       6.18270400577758438E-004
   86.625000000000000       5.34689090635056619E-004
   86.875000000000000       4.63259100958705471E-004
   87.125000000000000       4.02460397580313878E-004
   87.375000000000000       3.50989986958800016E-004
   87.625000000000000       3.07737436284171589E-004
   87.875000000000000       2.71763832596897737E-004
   88.125000000000000       2.42283856554942247E-004
   88.375000000000000       2.18650688360617614E-004
   88.625000000000000       2.00343503568560294E-004
   88.875000000000000       1.86957355050007318E-004
   89.125000000000000       1.78195274287318929E-004
   89.375000000000000       1.73862460546689675E-004
   89.625000000000000       1.73862460546689675E-004
