  -10.625000000000000       1.27370952732122031E-004
  -10.375000000000000       1.27370952732122031E-004
  -10.125000000000000      -1.13957948072923465E-004
  -9.8750000000000000      -3.31334794622734552E-004
  -9.6250000000000000      -5.03146410062833621E-004
  -9.3750000000000000       3.17947687349822523E-004
  -9.1250000000000000       4.38269283167837568E-004
  -8.8750000000000000       5.67166284126032405E-004
  -8.6250000000000000       1.40660339058488857E-004
  -8.3750000000000000      -4.31746446091727681E-004
  -8.1250000000000000      -2.19569158424069542E-004
  -7.8750000000000000       7.61643217268889971E-005
  -7.6250000000000000       3.66681678109333708E-005
  -7.3750000000000000       4.40368651748337356E-005
  -7.1250000000000000      -1.77944087362309121E-004
  -6.8750000000000000      -3.52712990139075853E-004
  -6.6250000000000000      -8.40425065476015592E-005
  -6.3750000000000000      -1.51333774204467214E-004
  -6.1250000000000000       1.70944483653250040E-004
  -5.8750000000000000       3.87512008558247385E-004
  -5.6250000000000000       3.78265611151662017E-004
  -5.3750000000000000       2.17300100474809269E-004
  -5.1250000000000000      -1.81524133731247015E-004
  -4.8750000000000000      -3.76000827520736808E-004
  -4.6250000000000000      -1.96890183979587147E-004
  -4.3750000000000000       2.17033456991150644E-004
  -4.1250000000000000       2.87775964486736179E-004
  -3.8750000000000000      -3.46898651380884193E-005
  -3.6250000000000000      -3.04609105785717598E-004
  -3.3750000000000000      -3.74256974364745140E-004
  -3.1250000000000000      -1.68436054683239787E-004
  -2.8750000000000000       2.88523644126880091E-004
  -2.6250000000000000      -2.47805604347183710E-005
  -2.3750000000000000       2.12553028989013504E-005
  -2.1250000000000000       3.47747317766296718E-005
  -1.8750000000000000      -5.03072334308415692E-005
  -1.6250000000000000       5.47370289084273052E-004
  -1.3750000000000000       1.97111450646830430E-004
  -1.1250000000000000      -5.81313996458807363E-005
 -0.87500000000000000      -1.46145843054569437E-004
 -0.62500000000000000      -2.10758702199801172E-004
 -0.37500000000000000       1.33812545756771344E-004
 -0.12500000000000000       2.53584126023855526E-004
  0.12500000000000000      -2.51545215459142652E-004
  0.37500000000000000      -4.40247145808395253E-004
  0.62500000000000000      -1.66208488593530508E-004
  0.87500000000000000      -2.15880493654182880E-004
   1.1250000000000000       2.43682284539852213E-004
   1.3750000000000000      -1.01057264071603470E-004
   1.6250000000000000      -2.89285871881553574E-004
   1.8750000000000000       1.77146463944134264E-004
   2.1250000000000000       2.20355323010874138E-004
   2.3750000000000000       5.66542131423572177E-004
   2.6250000000000000       4.05414010696841407E-004
   2.8750000000000000      -8.56273004821775939E-006
   3.1250000000000000      -9.10044043072462633E-005
   3.3750000000000000      -2.89212205864736567E-006
   3.6250000000000000       7.03699098652033522E-005
   3.8750000000000000      -1.44662540876812727E-005
   4.1250000000000000      -3.58942438811918015E-004
   4.3750000000000000      -4.91873034169972175E-004
   4.6250000000000000      -2.79419246305910010E-004
   4.8750000000000000       1.11446849118236922E-004
   5.1250000000000000       1.57361844660411452E-004
   5.3750000000000000      -9.63024599697995948E-005
   5.6250000000000000      -1.57460719536003615E-004
   5.8750000000000000      -3.56718970759709118E-004
   6.1250000000000000       1.76855925736689102E-005
   6.3750000000000000       1.57293574442586462E-004
   6.6250000000000000       1.41821117708661973E-004
   6.8750000000000000       3.44668587659476596E-004
   7.1250000000000000       3.19913628686899155E-004
   7.3750000000000000       3.34845298383216474E-004
   7.6250000000000000       4.26934919854845033E-004
   7.8750000000000000       1.36520658897246904E-004
   8.1250000000000000       3.44784495106106840E-005
   8.3750000000000000       2.54928036779761443E-004
   8.6250000000000000      -2.65696957284497655E-004
   8.8750000000000000      -1.88135488561642694E-004
   9.1250000000000000      -5.48512629449834184E-004
   9.3750000000000000      -6.88191810576753611E-004
   9.6250000000000000      -5.07753919419630818E-004
   9.8750000000000000      -3.90465020569076224E-004
   10.125000000000000      -4.05408727273186232E-005
   10.375000000000000       1.19456749189195209E-004
   10.625000000000000      -7.02323019604897761E-005
   10.875000000000000      -1.84585007799201981E-004
   11.125000000000000       1.09926059871407288E-004
   11.375000000000000       5.72239870057712286E-004
   11.625000000000000       6.88091209496351957E-004
   11.875000000000000       3.59225631262690629E-004
   12.125000000000000       1.35454650100211590E-005
   12.375000000000000       3.18638151753378792E-005
   12.625000000000000       3.17910669179824858E-004
   12.875000000000000       4.93321739241440647E-004
   13.125000000000000       3.55702059738262843E-004
   13.375000000000000       4.62167558635637350E-005
   13.625000000000000      -1.67444198113687339E-004
   13.875000000000000      -1.74774867868752386E-004
   14.125000000000000      -8.81219706094769385E-005
   14.375000000000000      -9.15928039929932614E-005
   14.625000000000000      -2.62716036139624411E-004
   14.875000000000000      -5.23176189882304738E-004
   15.125000000000000      -7.24731794738096022E-004
   15.375000000000000      -7.68377933617600431E-004
   15.625000000000000      -6.59356210094053639E-004
   15.875000000000000      -4.75889184681185177E-004
   16.125000000000000      -2.96779529028717262E-004
   16.375000000000000      -1.48729822763143916E-004
   16.625000000000000      -4.51431264375901811E-006
   16.875000000000000       1.78935523499492311E-004
   17.125000000000000       4.17107761722573420E-004
   17.375000000000000       6.79132423922363402E-004
   17.625000000000000       9.01674364870460438E-004
   17.875000000000000       1.02212709366647481E-003
   18.125000000000000       1.00903438941843848E-003
   18.375000000000000       8.73357785374687871E-004
   18.625000000000000       6.57789703012103487E-004
   18.875000000000000       4.13549057785189103E-004
   19.125000000000000       1.78658548666792578E-004
   19.375000000000000      -3.20183564654031791E-005
   19.625000000000000      -2.22778051155107765E-004
   19.875000000000000      -4.04264943823803120E-004
   20.125000000000000      -5.80258593203353246E-004
   20.375000000000000      -7.41029787090669370E-004
   20.625000000000000      -8.65762268807183932E-004
   20.875000000000000      -9.31714228276876396E-004
   21.125000000000000      -9.24900095171748179E-004
   21.375000000000000      -8.47037215031466186E-004
   21.625000000000000      -7.15794442970767446E-004
   21.875000000000000      -5.58601280441065376E-004
   22.125000000000000      -4.02948433295964570E-004
   22.375000000000000      -2.67257085106509696E-004
   22.625000000000000      -1.55785792151680650E-004
   22.875000000000000      -5.91527422624115815E-005
   23.125000000000000       4.02223098480926336E-005
   23.375000000000000       1.60183374167755313E-004
   23.625000000000000       3.11450988004771537E-004
   23.875000000000000       4.93262457283000590E-004
   24.125000000000000       6.93171895633269827E-004
   24.375000000000000       8.90597584666731720E-004
   24.625000000000000       1.06251110770995915E-003
   24.875000000000000       1.18916383540859888E-003
   25.125000000000000       1.25801213620405344E-003
   25.375000000000000       1.26484916003305470E-003
   25.625000000000000       1.21222548280841601E-003
   25.875000000000000       1.10615454405381440E-003
   26.125000000000000       9.52563538395037666E-004
   26.375000000000000       7.54866263369642480E-004
   26.625000000000000       5.13497008961352947E-004
   26.875000000000000       2.27482651655200221E-004
   27.125000000000000      -1.02588388255585845E-004
   27.375000000000000      -4.71296417803679845E-004
   27.625000000000000      -8.65991795629504862E-004
   27.875000000000000      -1.26614653691367140E-003
   28.125000000000000      -1.64479508303838531E-003
   28.375000000000000      -1.97179804973196104E-003
   28.625000000000000      -2.21817471506589089E-003
   28.875000000000000      -2.36050278764164245E-003
   29.125000000000000      -2.38441473477864815E-003
   29.375000000000000      -2.28648479679985882E-003
   29.625000000000000      -2.07420484640785142E-003
   29.875000000000000      -1.76418036881498632E-003
   30.125000000000000      -1.37904242126974373E-003
   30.375000000000000      -9.43797733048354348E-004
   30.625000000000000      -4.82391866136835522E-004
   30.875000000000000      -1.51410663010324789E-005
   31.125000000000000       4.42565930111095092E-004
   31.375000000000000       8.80219013761450323E-004
   31.625000000000000       1.29102858961803696E-003
   31.875000000000000       1.67012891247162636E-003
   32.125000000000000       2.01271578328408038E-003
   32.375000000000000       2.31264991533757132E-003
   32.625000000000000       2.56189378857937149E-003
   32.875000000000000       2.75091236490549286E-003
   33.125000000000000       2.86991663867462374E-003
   33.375000000000000       2.91062153227435692E-003
   33.625000000000000       2.86807012593755586E-003
   33.875000000000000       2.74206663632212090E-003
   34.125000000000000       2.53785724282384797E-003
   34.375000000000000       2.26587311502560651E-003
   34.625000000000000       1.94055948724780733E-003
   34.875000000000000       1.57850901760732735E-003
   35.125000000000000       1.19625519775495024E-003
   35.375000000000000       8.08137571333490722E-004
   35.625000000000000       4.24621033138512522E-004
   35.875000000000000       5.13508537317569145E-005
   36.125000000000000      -3.10920529298455283E-004
   36.375000000000000      -6.65558931234156315E-004
   36.625000000000000      -1.01859561409120883E-003
   36.875000000000000      -1.37687380534790666E-003
   37.125000000000000      -1.74612725351428561E-003
   37.375000000000000      -2.12931981401351953E-003
   37.625000000000000      -2.52551610451170637E-003
   37.875000000000000      -2.92945186674201628E-003
   38.125000000000000      -3.33184860114437266E-003
   38.375000000000000      -3.72039324718637186E-003
   38.625000000000000      -4.08120152603491573E-003
   38.875000000000000      -4.40051849190292374E-003
   39.125000000000000      -4.66638881838625594E-003
   39.375000000000000      -4.87005068281862272E-003
   39.625000000000000      -5.00686237211392556E-003
   39.875000000000000      -5.07664774396014793E-003
   40.125000000000000      -5.08343243675336582E-003
   40.375000000000000      -5.03462544201681381E-003
   40.625000000000000      -4.93977074129146876E-003
   40.875000000000000      -4.80904401406464805E-003
   41.125000000000000      -4.65169525195225936E-003
   41.375000000000000      -4.47463738966651613E-003
   41.625000000000000      -4.28135466161693248E-003
   41.875000000000000      -4.07125640432013606E-003
   42.125000000000000      -3.83953956010129206E-003
   42.375000000000000      -3.57755543589210979E-003
   42.625000000000000      -3.27361316614409315E-003
   42.875000000000000      -2.91410244814299885E-003
   43.125000000000000      -2.48478734387372726E-003
   43.375000000000000      -1.97211359097173699E-003
   43.625000000000000      -1.36438276110400808E-003
   43.875000000000000      -6.52673909976562300E-004
   44.125000000000000       1.68568211479342003E-004
   44.375000000000000       1.10131534983654304E-003
   44.625000000000000       2.14410085981409180E-003
   44.875000000000000       3.29247947838106313E-003
   45.125000000000000       4.53971970526203909E-003
   45.375000000000000       5.87762245730883912E-003
   45.625000000000000       7.29734687438116959E-003
   45.875000000000000       8.79012415956417943E-003
   46.125000000000000       1.03477535812564365E-002
   46.375000000000000       1.19628005490625810E-002
   46.625000000000000       1.36284529671077560E-002
   46.875000000000000       1.53380355342281807E-002
   47.125000000000000       1.70842279618244053E-002
   47.375000000000000       1.88580773628041418E-002
   47.625000000000000       2.06479325002699096E-002
   47.875000000000000       2.24384538109405271E-002
   48.125000000000000       2.42098645075439697E-002
   48.375000000000000       2.59376018591831736E-002
   48.625000000000000       2.75925022215428549E-002
   48.875000000000000       2.91416082045236648E-002
   49.125000000000000       3.05496232292769114E-002
   49.375000000000000       3.17809622023148483E-002
   49.625000000000000       3.28022651550472846E-002
   49.875000000000000       3.35851648476081163E-002
   50.125000000000000       3.41090429259681138E-002
   50.375000000000000       3.43634850400685518E-002
   50.625000000000000       3.43501620678127034E-002
   50.875000000000000       3.40839236029911244E-002
   51.125000000000000       3.35929835189813994E-002
   51.375000000000000       3.29181899696022948E-002
   51.625000000000000       3.21114832739172740E-002
   51.875000000000000       3.12337348618850937E-002
   52.125000000000000       3.03522143546404062E-002
   52.375000000000000       2.95379439774429015E-002
   52.625000000000000       2.88631728667065046E-002
   52.875000000000000       2.83991482992928292E-002
   53.125000000000000       2.82142896235142993E-002
   53.375000000000000       2.83727965918222150E-002
   53.625000000000000       2.89336568577163722E-002
   53.875000000000000       2.99499635216265714E-002
   54.125000000000000       3.14684148792651677E-002
   54.375000000000000       3.35288443398371258E-002
   54.625000000000000       3.61636170839789647E-002
   54.875000000000000       3.93967300232226716E-002
   55.125000000000000       4.32424632087622871E-002
   55.375000000000000       4.77034566885340822E-002
   55.625000000000000       5.27681324431352322E-002
   55.875000000000000       5.84074544958461186E-002
   56.125000000000000       6.45711308049095462E-002
   56.375000000000000       7.11835154595042569E-002
   56.625000000000000       7.81396692331060294E-002
   56.875000000000000       8.53022661347906802E-002
   57.125000000000000       9.25002550786938327E-002
   57.375000000000000       9.95303310964817806E-002
   57.625000000000000       0.10616224458303665     
   57.875000000000000       0.11214867828069644     
   58.125000000000000       0.11723978473825121     
   58.375000000000000       0.12120153086068390     
   58.625000000000000       0.12383591175358354     
   58.875000000000000       0.12500018271888111     
   59.125000000000000       0.12462187855932946     
   59.375000000000000       0.12270680370634993     
   59.625000000000000       0.11933838873755347     
   59.875000000000000       0.11466851099659552     
   60.125000000000000       0.10890155316116439     
   60.375000000000000       0.10227461815170837     
   60.625000000000000       9.50371500247739059E-002
   60.875000000000000       8.74327601174576530E-002
   61.125000000000000       7.96851040502475905E-002
   61.375000000000000       7.19885639014479911E-002
   61.625000000000000       6.45035616616754376E-002
   61.875000000000000       5.73557225425593703E-002
   62.125000000000000       5.06378371954020190E-002
   62.375000000000000       4.44135680007338024E-002
   62.625000000000000       3.87220023005342973E-002
   62.875000000000000       3.35823803854291073E-002
   63.125000000000000       2.89985521704014815E-002
   63.375000000000000       2.49629077395993465E-002
   63.625000000000000       2.14596703699587513E-002
   63.875000000000000       1.84675375478398386E-002
   64.125000000000000       1.59617139892013482E-002
   64.375000000000000       1.39154107881512678E-002
   64.625000000000000       1.23008958249495037E-002
   64.875000000000000       1.10901798940630167E-002
   65.125000000000000       1.02554160743568729E-002
   65.375000000000000       9.76908029418146508E-003
   65.625000000000000       9.60399110172346394E-003
   65.875000000000000       9.73321759682780827E-003
   66.125000000000000       1.01299168940478367E-002
   66.375000000000000       1.07671364979758308E-002
   66.625000000000000       1.16176124225916451E-002
   66.875000000000000       1.26535904366705705E-002
   67.125000000000000       1.38466950175579334E-002
   67.375000000000000       1.51678679398883336E-002
   67.625000000000000       1.65873953996818063E-002
   67.875000000000000       1.80750387072727420E-002
   68.125000000000000       1.96002785087541175E-002
   68.375000000000000       2.11326760205779556E-002
   68.625000000000000       2.26423469285260033E-002
   68.875000000000000       2.41005347405322569E-002
   69.125000000000000       2.54802611270784282E-002
   69.375000000000000       2.67570220376043902E-002
   69.625000000000000       2.79094912263558904E-002
   69.875000000000000       2.89201883568003318E-002
   70.125000000000000       2.97760680066819390E-002
   70.375000000000000       3.04689892188999625E-002
   70.625000000000000       3.09960327575946742E-002
   70.875000000000000       3.13596443503574296E-002
   71.125000000000000       3.15675957795583245E-002
   71.375000000000000       3.16327701768648675E-002
   71.625000000000000       3.15727915647451285E-002
   71.875000000000000       3.14095299879125003E-002
   72.125000000000000       3.11685212695975017E-002
   72.375000000000000       3.08783438351522659E-002
   72.625000000000000       3.05699940843002053E-002
   72.875000000000000       3.02762969085016535E-002
   73.125000000000000       3.00313799658032780E-002
   73.375000000000000       2.98702302503901472E-002
   73.625000000000000       2.98283403269820370E-002
   73.875000000000000       2.99414401774518515E-002
   74.125000000000000       3.02452995100103428E-002
   74.375000000000000       3.07755749116760263E-002
   74.625000000000000       3.15676664413945054E-002
   74.875000000000000       3.26565390672243494E-002
   75.125000000000000       3.40764556200638877E-002
   75.375000000000000       3.58605596730868156E-002
   75.625000000000000       3.80402392889605118E-002
   75.875000000000000       4.06441967894734593E-002
   76.125000000000000       4.36971472989408014E-002
   76.375000000000000       4.72180726062636710E-002
   76.625000000000000       5.12179710529486951E-002
   76.875000000000000       5.56970743152863101E-002
   77.125000000000000       6.06415549166770887E-002
   77.375000000000000       6.60198310718834169E-002
   77.625000000000000       7.17786930440299648E-002
   77.875000000000000       7.78396269013409831E-002
   78.125000000000000       8.40958856743710265E-002
   78.375000000000000       9.04110256453533878E-002
   78.625000000000000       9.66197367739322216E-002
   78.875000000000000       0.10253178181768885     
   79.125000000000000       0.10793964401163174     
   79.375000000000000       0.11263001747766409     
   79.625000000000000       0.11639857088247839     
   79.875000000000000       0.11906658486723808     
   80.125000000000000       0.12049732103899101     
   80.375000000000000       0.12060958985312320     
   80.625000000000000       0.11938616075926457     
   80.875000000000000       0.11687545098664719     
   81.125000000000000       0.11318616768223531     
   81.375000000000000       0.10847591275542749     
   81.625000000000000       0.10293580175584460     
   81.875000000000000       9.67736277912824711E-002
   82.125000000000000       9.01979637771510717E-002
   82.375000000000000       8.34049889799849536E-002
   82.625000000000000       7.65690045813563480E-002
   82.875000000000000       6.98368165750228170E-002
   83.125000000000000       6.33255762556757251E-002
   83.375000000000000       5.71233363198297497E-002
   83.625000000000000       5.12914787731307553E-002
   83.875000000000000       4.58682315591170744E-002
   84.125000000000000       4.08726393953411649E-002
   84.375000000000000       3.63085303649424013E-002
   84.625000000000000       3.21681844890398388E-002
   84.875000000000000       2.84355445479032368E-002
   85.125000000000000       2.50889075831166077E-002
   85.375000000000000       2.21031006748003966E-002
   85.625000000000000       1.94511831992879407E-002
   85.875000000000000       1.71057369886918921E-002
   86.125000000000000       1.50398120032023321E-002
   86.375000000000000       1.32275933085917088E-002
   86.625000000000000       1.16448489547307920E-002
   86.875000000000000       1.02692102175086925E-002
   87.125000000000000       9.08032712437052865E-003
   87.375000000000000       8.05993410872254436E-003
   87.625000000000000       7.19185346936911801E-003
   87.875000000000000       6.46195821027481868E-003
   88.125000000000000       5.85811080252262358E-003
   88.375000000000000       5.37009035592036620E-003
   88.625000000000000       4.98951748388061066E-003
   88.875000000000000       4.70978365200899231E-003
   89.125000000000000       4.52598988237587485E-003
   89.375000000000000       4.43489821723263601E-003
   89.625000000000000       4.43489821723263601E-003
