  -10.500000000000000        0.0000000000000000     
  -10.250000000000000      -7.82357539653911311E-004
  -10.000000000000000      -1.78515829380849751E-003
  -9.7500000000000000      -2.91327348456182130E-003
  -9.5000000000000000      -3.79250081571899699E-003
  -9.2500000000000000      -4.31756609128826005E-003
  -9.0000000000000000      -4.71093651168556261E-003
  -8.7500000000000000      -5.15238554454296952E-003
  -8.5000000000000000      -5.49232019855176549E-003
  -8.2500000000000000      -5.51002491425490234E-003
  -8.0000000000000000      -5.17732978827344700E-003
  -7.7500000000000000      -4.71951956245431330E-003
  -7.5000000000000000      -4.33193375949066095E-003
  -7.2500000000000000      -3.92737007462485611E-003
  -7.0000000000000000      -3.26830539486011856E-003
  -6.7500000000000000      -2.23907208325587435E-003
  -6.5000000000000000      -9.85197844215496060E-004
  -6.2500000000000000       2.58862746280873039E-004
  -6.0000000000000000       1.40974786842420281E-003
  -5.7500000000000000       2.56720658640519897E-003
  -5.5000000000000000       3.80129281965880562E-003
  -5.2500000000000000       5.09277391535574615E-003
  -5.0000000000000000       6.40652344151352096E-003
  -4.7500000000000000       7.76847309492276553E-003
  -4.5000000000000000       9.24756497176087121E-003
  -4.2500000000000000       1.08386731278813236E-002
  -4.0000000000000000       1.24664290232269822E-002
  -3.7500000000000000       1.41115270153955568E-002
  -3.5000000000000000       1.58515145390725233E-002
  -3.2500000000000000       1.77692125432480016E-002
  -3.0000000000000000       1.98473319226704741E-002
  -2.7500000000000000       2.19081723439276017E-002
  -2.5000000000000000       2.38325074421884900E-002
  -2.2500000000000000       2.57356739108995855E-002
  -2.0000000000000000       2.78282602269160871E-002
  -1.7500000000000000       3.01960696041141292E-002
  -1.5000000000000000       3.26805740978769119E-002
  -1.2500000000000000       3.50333177322832076E-002
  -1.0000000000000000       3.72532994150113900E-002
 -0.75000000000000000       3.95636552526866178E-002
 -0.50000000000000000       4.20950587118201422E-002
 -0.25000000000000000       4.47879546255811473E-002
   0.0000000000000000       4.73936124636402875E-002
  0.25000000000000000       4.97224607882004316E-002
  0.50000000000000000       5.18786722734558003E-002
  0.75000000000000000       5.40510483194689764E-002
   1.0000000000000000       5.63435554513149403E-002
   1.2500000000000000       5.86891894761621194E-002
   1.5000000000000000       6.08165961974661898E-002
   1.7500000000000000       6.27030513384100735E-002
   2.0000000000000000       6.45814657599514952E-002
   2.2500000000000000       6.66178540566490507E-002
   2.5000000000000000       6.88516835859700888E-002
   2.7500000000000000       7.10748181121522715E-002
   3.0000000000000000       7.31762325970809202E-002
   3.2500000000000000       7.53110209621915411E-002
   3.5000000000000000       7.76287494276519940E-002
   3.7500000000000000       8.01365294312016696E-002
   4.0000000000000000       8.27233817413062511E-002
   4.2500000000000000       8.52693407201122466E-002
   4.5000000000000000       8.77978190539647069E-002
   4.7500000000000000       9.03760095940395053E-002
   5.0000000000000000       9.29403218339495546E-002
   5.2500000000000000       9.52990172850465694E-002
   5.5000000000000000       9.73375385530761417E-002
   5.7500000000000000       9.90222976137964256E-002
   6.0000000000000000       0.10031659909272120     
   6.2500000000000000       0.10114625796371561     
   6.5000000000000000       0.10122917642411845     
   6.7500000000000000       0.10060796132064864     
   7.0000000000000000       9.94349612761709079E-002
   7.2500000000000000       9.77104416314410890E-002
   7.5000000000000000       9.53994144165731112E-002
   7.7500000000000000       9.23233458579109378E-002
   8.0000000000000000       8.84931558305735166E-002
   8.2500000000000000       8.42265908349230374E-002
   8.5000000000000000       7.96112526205254578E-002
   8.7500000000000000       7.46458740173606972E-002
   9.0000000000000000       6.94140302947279936E-002
   9.2500000000000000       6.38300323175765572E-002
   9.5000000000000000       5.83721188992241680E-002
   9.7500000000000000       5.30722737048805321E-002
   10.000000000000000       4.77296423894253766E-002
   10.250000000000000       4.24182025232638371E-002
   10.500000000000000       3.73349176219117049E-002
   10.750000000000000       3.26665556967353984E-002
   11.000000000000000       2.83960136968674608E-002
   11.250000000000000       2.44077551715237949E-002
   11.500000000000000       2.06664111181626524E-002
   11.750000000000000       1.72338145114334165E-002
   12.000000000000000       1.41867289973710998E-002
   12.250000000000000       1.15552127206835376E-002
   12.500000000000000       9.31684006381127208E-003
   12.750000000000000       7.42320003585893087E-003
   13.000000000000000       5.82855026027181023E-003
   13.250000000000000       4.50536876111976535E-003
   13.500000000000000       3.44547189997587450E-003
   13.750000000000000       2.65216724894120704E-003
   14.000000000000000       2.12995817000800718E-003
   14.250000000000000       1.87648951262649123E-003
   14.500000000000000       1.87888599691745208E-003
   14.750000000000000       2.11451615170788138E-003
   15.000000000000000       2.55489787620060641E-003
   15.250000000000000       3.17093213292081628E-003
   15.500000000000000       3.93773429510430387E-003
   15.750000000000000       4.83781169154099029E-003
   16.000000000000000       5.86199899182477096E-003
   16.250000000000000       7.00822388553407061E-003
   16.500000000000000       8.27869111933845353E-003
   16.750000000000000       9.67635991485641007E-003
   17.000000000000000       1.12016301634432717E-002
   17.250000000000000       1.28499852275513627E-002
   17.500000000000000       1.46110379271042860E-002
   17.750000000000000       1.64690766582536556E-002
   18.000000000000000       1.84048869263339562E-002
   18.250000000000000       2.03983856043628148E-002
   18.500000000000000       2.24314820124568957E-002
   18.750000000000000       2.44905785250576144E-002
   19.000000000000000       2.65682299895749520E-002
   19.250000000000000       2.86636655887128645E-002
   19.500000000000000       3.07820986704148668E-002
   19.750000000000000       3.29329670465362545E-002
   20.000000000000000       3.51274217076524078E-002
   20.250000000000000       3.73754913582207970E-002
   20.500000000000000       3.96833841710813595E-002
   20.750000000000000       4.20513510738265706E-002
   21.000000000000000       4.44724408869204488E-002
   21.250000000000000       4.69323456685035723E-002
   21.500000000000000       4.94103842356775902E-002
   21.750000000000000       5.18815209356774248E-002
   22.000000000000000       5.43191810676821180E-002
   22.250000000000000       5.66985177071600843E-002
   22.500000000000000       5.89997188042030787E-002
   22.750000000000000       6.12109268622205091E-002
   23.000000000000000       6.33303796017379572E-002
   23.250000000000000       6.53674649885373493E-002
   23.500000000000000       6.73425062816415121E-002
   23.750000000000000       6.92852344673172554E-002
   24.000000000000000       7.12320460422916774E-002
   24.250000000000000       7.32222650757453075E-002
   24.500000000000000       7.52937175289876692E-002
   24.750000000000000       7.74779790775457500E-002
   25.000000000000000       7.97956791484248917E-002
   25.250000000000000       8.22522423364823174E-002
   25.500000000000000       8.48344329252710416E-002
   25.750000000000000       8.75080440149191979E-002
   26.000000000000000       9.02170379449687004E-002
   26.250000000000000       9.28843901817795886E-002
   26.500000000000000       9.54148008273286996E-002
   26.750000000000000       9.76993034500082541E-002
   27.000000000000000       9.96216153760424855E-002
   27.250000000000000       0.10106584786205408     
   27.500000000000000       0.10192495943550542     
   27.750000000000000       0.10210913948098937     
   28.000000000000000       0.10155320742398462     
   28.250000000000000       0.10022215121754720     
   28.500000000000000       9.81141243734173774E-002
   28.750000000000000       9.52605502093898798E-002
   29.000000000000000       9.17233831971232400E-002
   29.250000000000000       8.75899658085718125E-002
   29.500000000000000       8.29662138695117096E-002
   29.750000000000000       7.79690105923398352E-002
   30.000000000000000       7.27186766577504473E-002
   30.250000000000000       6.73322376469748796E-002
   30.500000000000000       6.19179826785704046E-002
   30.750000000000000       5.65715575145373725E-002
   31.000000000000000       5.13736102304529693E-002
   31.250000000000000       4.63888378882075791E-002
   31.500000000000000       4.16661790323632417E-002
   31.750000000000000       3.72398544483999519E-002
   32.000000000000000       3.31309637416714736E-002
   32.250000000000000       2.93493812535957077E-002
   32.500000000000000       2.58957462567671985E-002
   32.750000000000000       2.27633973958508776E-002
   33.000000000000000       1.99401521738529590E-002
   33.250000000000000       1.74098747631916510E-002
   33.500000000000000       1.51538081228487515E-002
   33.750000000000000       1.31516696771487324E-002
   34.000000000000000       1.13825249712927647E-002
   34.250000000000000       9.82546244842102609E-003
   34.500000000000000       8.46009647463746850E-003
   34.750000000000000       7.26692644932054859E-003
   35.000000000000000       6.22757846926631341E-003
   35.250000000000000       5.32495346471166184E-003
   35.500000000000000       4.54330263021254788E-003
   35.750000000000000       3.86824775841900208E-003
   36.000000000000000       3.28676101264115594E-003
   36.250000000000000       2.78711589041601019E-003
   36.500000000000000       2.35881870069736769E-003
   36.750000000000000       1.99252781574392251E-003
   37.000000000000000       1.67996624819426350E-003
   37.250000000000000       1.41383171046237789E-003
   37.500000000000000       1.18770719659968497E-003
   37.750000000000000       9.95974244113757585E-004
   38.000000000000000       8.33730345163310885E-004
   38.250000000000000       6.96711447387040857E-004
   38.500000000000000       5.81220083462518494E-004
   38.750000000000000       4.84059369233685681E-004
   39.000000000000000       4.02472891280936985E-004
   39.250000000000000       3.34090348508746542E-004
   39.500000000000000       2.76878704484900199E-004
   39.750000000000000       2.29098536541685736E-004
   40.000000000000000       1.89265225061633106E-004
   40.250000000000000       1.56114604853249710E-004
   40.500000000000000       1.28572694549859468E-004
   40.750000000000000       1.05729125238508492E-004
   41.000000000000000       8.68139027198449714E-005
   41.250000000000000       7.11771563550978547E-005
   41.500000000000000       5.82715494175055552E-005
   41.750000000000000       4.76370497511950644E-005
   42.000000000000000       3.88877842401578219E-005
   42.250000000000000       3.17007252835713245E-005
   42.500000000000000       2.58059815680205736E-005
   42.750000000000000       2.09784885056194514E-005
   43.000000000000000       1.70309154902015116E-005
   43.250000000000000       1.38076274381044802E-005
   43.500000000000000       1.11795568331633013E-005
   43.750000000000000       9.03985965630988174E-006
   44.000000000000000       7.30024416337017056E-006
   44.250000000000000       5.88787552829251451E-006
   44.500000000000000       4.74277196464218150E-006
   44.750000000000000       3.81561916293956642E-006
   45.000000000000000       3.06593983205669172E-006
   45.250000000000000       2.46056391099447168E-006
   45.500000000000000       1.97235272570815288E-006
   45.750000000000000       1.57913710545534424E-006
   46.000000000000000       1.26283534209808312E-006
   46.250000000000000       1.00872196664322860E-006
   46.500000000000000       8.04822716929653211E-007
   46.750000000000000       6.41414859218811819E-007
   47.000000000000000       5.10615278290192296E-007
   47.250000000000000       4.06041532547611353E-007
   47.500000000000000       3.22533443098650446E-007
   47.750000000000000       2.55924802963015243E-007
   48.000000000000000       2.02856502723689460E-007
   48.250000000000000       1.60623814731231748E-007
   48.500000000000000       1.27051796961996566E-007
   48.750000000000000       1.00393802700180372E-007
   49.000000000000000       7.92489420205594469E-008
   49.250000000000000       6.24950604595227961E-008
   49.500000000000000       4.92344007610983159E-008
   49.750000000000000       3.87496136617375668E-008
   50.000000000000000       3.04681991850235402E-008
   50.250000000000000       2.39338043978661900E-008
   50.500000000000000       1.87830885631526725E-008
   50.750000000000000       1.47271018946485347E-008
   51.000000000000000       1.15363179553426234E-008
   51.250000000000000       9.02861912143877149E-009
   51.500000000000000       7.05966533172936372E-009
   51.750000000000000       5.51518347973487224E-009
   52.000000000000000       4.30480240183760510E-009
   52.250000000000000       3.35712990412244766E-009
   52.500000000000000       2.61582651257124959E-009
   52.750000000000000       2.03647799885477399E-009
   53.000000000000000       1.58410719271739659E-009
   53.250000000000000       1.23119676598002871E-009
   53.500000000000000       9.56119901590033635E-010
   53.750000000000000       7.41896145651112928E-010
   54.000000000000000       5.75206185526675601E-010
   54.250000000000000       4.45612544098700840E-010
   54.500000000000000       3.44943835186772597E-010
   54.750000000000000       2.66808782695201996E-010
   55.000000000000000       2.06213069289216398E-010
   55.250000000000000       1.59257577049172338E-010
   55.500000000000000       1.22900978666257968E-010
   55.750000000000000       9.47731489218737360E-011
   56.000000000000000       7.30286668527562594E-011
   56.250000000000000       5.62319100142421632E-011
   56.500000000000000       4.32670172057712326E-011
   56.750000000000000       3.32674063662428568E-011
   57.000000000000000       2.55606535941147483E-011
   57.250000000000000       1.96254264012029054E-011
   57.500000000000000       1.50578666577667918E-011
   57.750000000000000       1.15453740734157933E-011
   58.000000000000000       8.84617972659726438E-012
   58.250000000000000       6.77344524007239606E-012
   58.500000000000000       5.18289593549243118E-012
   58.750000000000000       3.96321099562666117E-012
   59.000000000000000       3.02856248603132587E-012
   59.250000000000000       2.31282769830828583E-012
   59.500000000000000       1.76510333272373609E-012
   59.750000000000000       1.34623160286775372E-012
   60.000000000000000       1.02611221513405349E-012
   60.250000000000000       7.81624139514445831E-013
   60.500000000000000       5.95020134613586677E-013
   60.750000000000000       4.52687474562888229E-013
   61.000000000000000       3.44192103018480779E-013
   61.250000000000000       2.61541967789072037E-013
   61.500000000000000       1.98619714141321621E-013
   61.750000000000000       1.50746134068479958E-013
   62.000000000000000       1.14344487073968346E-013
   62.250000000000000       8.66825767393823435E-014
   62.500000000000000       6.56747178079112671E-014
   62.750000000000000       4.97297977084999905E-014
   63.000000000000000       3.76347874159725109E-014
   63.250000000000000       2.84654944083076214E-014
   63.500000000000000       2.15182350420318928E-014
   63.750000000000000       1.62575592906515652E-014
   64.000000000000000       1.22762841853612841E-014
   64.250000000000000       9.26495858759911449E-015
   64.500000000000000       6.98854941691679044E-015
   64.750000000000000       5.26865336873946843E-015
   65.000000000000000       3.96993351388960132E-015
   65.250000000000000       2.98978408993251127E-015
   65.500000000000000       2.25046024381477499E-015
   65.750000000000000       1.69308867041412585E-015
   66.000000000000000       1.27311252372791252E-015
   66.250000000000000       9.56829308175115382E-016
   66.500000000000000       7.18761126472319800E-016
   66.750000000000000       5.39658397629423547E-016
   67.000000000000000       4.04985373319679575E-016
   67.250000000000000       3.03771863964441497E-016
   67.500000000000000       2.27743142662217121E-016
   67.750000000000000       1.70661025878103269E-016
   68.000000000000000       1.27825169193022540E-016
   68.250000000000000       9.56958408336903337E-017
   68.500000000000000       7.16087463679266175E-017
   68.750000000000000       5.35595647104917885E-017
   69.000000000000000       4.00412461304412428E-017
   69.250000000000000       2.99212206362317307E-017
   69.500000000000000       2.23487780370868633E-017
   69.750000000000000       1.66852443108852553E-017
   70.000000000000000       1.24513720343474164E-017
   70.250000000000000       9.28772228740054167E-018
   70.500000000000000       6.92484578845481434E-018
   70.750000000000000       5.16085133956791384E-018
   71.000000000000000       3.84454027738613816E-018
   71.250000000000000       2.86273239255638176E-018
   71.500000000000000       2.13074653517156239E-018
   71.750000000000000       1.58525431787555187E-018
   72.000000000000000       1.17891803203363282E-018
   72.250000000000000       8.76369325408431505E-019
   72.500000000000000       6.51194885951530563E-019
   72.750000000000000       4.83678071045623487E-019
   73.000000000000000       3.59107726749241321E-019
   73.250000000000000       2.66512358957907801E-019
   73.500000000000000       1.97713129196667756E-019
   73.750000000000000       1.46615709014190357E-019
   74.000000000000000       1.08680996064845548E-019
   74.250000000000000       8.05297001195667415E-020
   74.500000000000000       5.96470765112317506E-020
   74.750000000000000       4.41625436617807666E-020
   75.000000000000000       3.26852678432693396E-020
   75.250000000000000       2.41815574008338876E-020
   75.500000000000000       1.78834755764987271E-020
   75.750000000000000       1.32207531285933539E-020
   76.000000000000000       9.77008265246296972E-021
   76.250000000000000       7.21737381430323903E-021
   76.500000000000000       5.32966873105745972E-021
   76.750000000000000       3.93425412937691512E-021
   77.000000000000000       2.90313271263777254E-021
   77.250000000000000       2.14148360661840862E-021
   77.500000000000000       1.57909074890452981E-021
   77.750000000000000       1.16397852729307475E-021
   78.000000000000000       8.57688238806258656E-022
   78.250000000000000       6.31773781032563365E-022
   78.500000000000000       4.65202927786661112E-022
   78.750000000000000       3.42430946120692656E-022
   79.000000000000000       2.51973179026224073E-022
   79.250000000000000       1.85347773989023157E-022
   79.500000000000000       1.36292883403944104E-022
   79.750000000000000       1.00187309919941643E-022
   80.000000000000000       7.36218893111268492E-023
   80.250000000000000       5.40825140862198677E-023
   80.500000000000000       3.97158088656880798E-023
   80.750000000000000       2.91559718924070901E-023
   81.000000000000000       2.13968646725350773E-023
   81.250000000000000       1.56975613322720402E-023
   81.500000000000000       1.15126309931061585E-023
   81.750000000000000       8.44069553065643380E-024
   82.000000000000000       6.18648602328161656E-024
   82.250000000000000       4.53286595335667098E-024
   82.500000000000000       3.32021061477178732E-024
   82.750000000000000       2.43121394061817310E-024
   83.000000000000000       1.77969821945751321E-024
   83.250000000000000       1.30237498835030517E-024
   83.500000000000000       9.52780928321227336E-025
   83.750000000000000       6.96816149754586146E-025
   84.000000000000000       5.09462585670748592E-025
   84.250000000000000       3.72371188081207168E-025
   84.500000000000000       2.72088517814772963E-025
   84.750000000000000       1.98753729980841365E-025
   85.000000000000000       1.45141504863784019E-025
   85.250000000000000       1.05959311423468801E-025
   85.500000000000000       7.73315871778927307E-026
   85.750000000000000       5.64212413332097563E-026
   86.000000000000000       4.11520116854155122E-026
   86.250000000000000       3.00048656656320227E-026
   86.500000000000000       2.18687435851504220E-026
   86.750000000000000       1.59311700192689452E-026
   87.000000000000000       1.15981030406878909E-026
   87.250000000000000       8.43521596756268751E-027
   87.500000000000000       6.12488151158806869E-027
   87.750000000000000       4.43465181385147321E-027
   88.000000000000000       3.19414562002753539E-027
   88.250000000000000       2.27807295565236285E-027
   88.500000000000000       1.59372683192416697E-027
   88.750000000000000       1.07170844343720422E-027
   89.000000000000000       6.58969174033612565E-028
   89.250000000000000       3.13480140230689711E-028
   89.500000000000000        0.0000000000000000     
