  -10.500000000000000        0.0000000000000000     
  -10.250000000000000      -3.66943861210014489E-005
  -10.000000000000000       1.35102972255660158E-004
  -9.7500000000000000       4.13320365611948872E-004
  -9.5000000000000000       4.56999377941233898E-004
  -9.2500000000000000       4.40654409196180479E-004
  -9.0000000000000000       2.01008339100703216E-004
  -8.7500000000000000       1.35211583847593282E-004
  -8.5000000000000000       1.66896170467361699E-004
  -8.2500000000000000      -2.19550303294351057E-005
  -8.0000000000000000      -3.31856889250034938E-004
  -7.7500000000000000      -6.23736346514823948E-004
  -7.5000000000000000      -7.81507965555393530E-004
  -7.2500000000000000      -7.21130601651471755E-004
  -7.0000000000000000      -7.32695482983203132E-004
  -6.7500000000000000      -9.35968327647843882E-004
  -6.5000000000000000      -1.05643757107076958E-003
  -6.2500000000000000      -1.08066485401686271E-003
  -6.0000000000000000      -8.04142043344663240E-004
  -5.7500000000000000      -3.62218438323324286E-004
  -5.5000000000000000       5.96885127080712180E-005
  -5.2500000000000000       4.50841934673847436E-004
  -5.0000000000000000       7.88348282082768732E-004
  -4.7500000000000000       1.07490180902982324E-003
  -4.5000000000000000       1.29975567886231932E-003
  -4.2500000000000000       1.51781879716126364E-003
  -4.0000000000000000       1.74215969529861064E-003
  -3.7500000000000000       1.96940342927159071E-003
  -3.5000000000000000       2.12203564527080292E-003
  -3.2500000000000000       2.02600047306753135E-003
  -3.0000000000000000       1.72483295295111205E-003
  -2.7500000000000000       1.49158154456771825E-003
  -2.5000000000000000       1.20341750744220178E-003
  -2.2500000000000000       9.90141358327751523E-004
  -2.0000000000000000       5.84425599491689650E-004
  -1.7500000000000000      -1.86434780317947191E-004
  -1.5000000000000000      -8.30922153602547345E-004
  -1.2500000000000000      -1.39729681060235165E-003
  -1.0000000000000000      -1.68230709501762622E-003
 -0.75000000000000000      -1.84407928821760450E-003
 -0.50000000000000000      -2.27916870756859945E-003
 -0.25000000000000000      -2.87912213297165888E-003
   0.0000000000000000      -3.39069244333770883E-003
  0.25000000000000000      -3.73519480898943735E-003
  0.50000000000000000      -3.82646581300767489E-003
  0.75000000000000000      -3.88102676215587410E-003
   1.0000000000000000      -4.28932672104927713E-003
   1.2500000000000000      -4.62723968444992816E-003
   1.5000000000000000      -4.85469106968582868E-003
   1.7500000000000000      -4.76247768961617166E-003
   2.0000000000000000      -4.27620668610011450E-003
   2.2500000000000000      -3.89440354032647958E-003
   2.5000000000000000      -3.53234861083146119E-003
   2.7500000000000000      -3.12726495174986061E-003
   3.0000000000000000      -2.53882572589988163E-003
   3.2500000000000000      -1.64060842630917849E-003
   3.5000000000000000      -6.08439060840163535E-004
   3.7500000000000000       3.64109191447787141E-004
   4.0000000000000000       1.31078944961678795E-003
   4.2500000000000000       2.31048057061609621E-003
   4.5000000000000000       3.44050195744476225E-003
   4.7500000000000000       4.66964178438409802E-003
   5.0000000000000000       5.95807164311170246E-003
   5.2500000000000000       7.23655858927809304E-003
   5.5000000000000000       8.51196305266526190E-003
   5.7500000000000000       9.84525036321215116E-003
   6.0000000000000000       1.10793632768605415E-002
   6.2500000000000000       1.24682522655767160E-002
   6.5000000000000000       1.40367534984346919E-002
   6.7500000000000000       1.58051646084114081E-002
   7.0000000000000000       1.77719204520094404E-002
   7.2500000000000000       1.96331839884482766E-002
   7.5000000000000000       2.13868490560172077E-002
   7.7500000000000000       2.32983600684769365E-002
   8.0000000000000000       2.54137132721283625E-002
   8.2500000000000000       2.77344621781836255E-002
   8.5000000000000000       3.00799398057606804E-002
   8.7500000000000000       3.20415888970125851E-002
   9.0000000000000000       3.40716731068112996E-002
   9.2500000000000000       3.61505103827129345E-002
   9.5000000000000000       3.83133491157763503E-002
   9.7500000000000000       4.04497294941902272E-002
   10.000000000000000       4.22920435967209796E-002
   10.250000000000000       4.39479051259194439E-002
   10.500000000000000       4.56292901593290390E-002
   10.750000000000000       4.74055748115008793E-002
   11.000000000000000       4.91570207053676142E-002
   11.250000000000000       5.07519285420608701E-002
   11.500000000000000       5.22213786897538501E-002
   11.750000000000000       5.37119727473224853E-002
   12.000000000000000       5.53303451786466421E-002
   12.250000000000000       5.70778500483468815E-002
   12.500000000000000       5.89043302516327680E-002
   12.750000000000000       6.07878529984385574E-002
   13.000000000000000       6.27648841681791997E-002
   13.250000000000000       6.49057554727750785E-002
   13.500000000000000       6.72717316533875814E-002
   13.750000000000000       6.98875115643673023E-002
   14.000000000000000       7.27399368014510911E-002
   14.250000000000000       7.57940510848072874E-002
   14.500000000000000       7.90110130810588868E-002
   14.750000000000000       8.23565229230861229E-002
   15.000000000000000       8.57968884348803140E-002
   15.250000000000000       8.92870283786532659E-002
   15.500000000000000       9.27578486757500015E-002
   15.750000000000000       9.61095189634589703E-002
   16.000000000000000       9.92138113474490407E-002
   16.250000000000000       0.10192481094499284     
   16.500000000000000       0.10409449524879988     
   16.750000000000000       0.10558865565699369     
   17.000000000000000       0.10629937158296462     
   17.250000000000000       0.10615212240324653     
   17.500000000000000       0.10510772047913026     
   17.750000000000000       0.10316073242874446     
   18.000000000000000       0.10033648144578174     
   18.250000000000000       9.66881635002445755E-002
   18.500000000000000       9.22945376845886734E-002
   18.750000000000000       8.72576623182496486E-002
   19.000000000000000       8.16996813628206309E-002
   19.250000000000000       7.57578415479321921E-002
   19.500000000000000       6.95775576651847666E-002
   19.750000000000000       6.33040991090238619E-002
   20.000000000000000       5.70740204964961043E-002
   20.250000000000000       5.10076247754402967E-002
   20.500000000000000       4.52035296807865375E-002
   20.750000000000000       3.97359390327503004E-002
   21.000000000000000       3.46546763147264208E-002
   21.250000000000000       2.99875696606566322E-002
   21.500000000000000       2.57444722330281255E-002
   21.750000000000000       2.19220828623470920E-002
   22.000000000000000       1.85087753404943912E-002
   22.250000000000000       1.54888037198916747E-002
   22.500000000000000       1.28454721885816903E-002
   22.750000000000000       1.05630933199562117E-002
   23.000000000000000       8.62776992193287594E-003
   23.250000000000000       7.02719816243244609E-003
   23.500000000000000       5.74979080802085710E-003
   23.750000000000000       4.78345850503231716E-003
   24.000000000000000       4.11437221926128256E-003
   24.250000000000000       3.72597488782910619E-003
   24.500000000000000       3.59843063331381167E-003
   24.750000000000000       3.70861022391011071E-003
   25.000000000000000       4.03062383628240064E-003
   25.250000000000000       4.53683534477887073E-003
   25.500000000000000       5.19923210306005856E-003
   25.750000000000000       5.99098393142323375E-003
   26.000000000000000       6.88800638696424571E-003
   26.250000000000000       7.87034639245079264E-003
   26.500000000000000       8.92323130195947327E-003
   26.750000000000000       1.00376620839787798E-002
   27.000000000000000       1.12104824106708939E-002
   27.250000000000000       1.24439117283793640E-002
   27.500000000000000       1.37445851340546286E-002
   27.750000000000000       1.51221900352549350E-002
   28.000000000000000       1.65878246750933780E-002
   28.250000000000000       1.81522243915758115E-002
   28.500000000000000       1.98240079224072142E-002
   28.750000000000000       2.16080899053221545E-002
   29.000000000000000       2.35043896859871079E-002
   29.250000000000000       2.55069434763175104E-002
   29.500000000000000       2.76034990963139257E-002
   29.750000000000000       2.97756414027862092E-002
   30.000000000000000       3.19994627088411726E-002
   30.250000000000000       3.42467563572352029E-002
   30.500000000000000       3.64866737699833174E-002
   30.750000000000000       3.86877473114699139E-002
   31.000000000000000       4.08201459828145125E-002
   31.250000000000000       4.28580022780388481E-002
   31.500000000000000       4.47816309959751246E-002
   31.750000000000000       4.65794584615138660E-002
   32.000000000000000       4.82494958460910478E-002
   32.250000000000000       4.98002228087264381E-002
   32.500000000000000       5.12507941286242039E-002
   32.750000000000000       5.26305362592091874E-002
   33.000000000000000       5.39777551096312161E-002
   33.250000000000000       5.53379232406418647E-002
   33.500000000000000       5.67613482331539715E-002
   33.750000000000000       5.83004415350258515E-002
   34.000000000000000       6.00067095510662812E-002
   34.250000000000000       6.19275804117422890E-002
   34.500000000000000       6.41031674095049742E-002
   34.750000000000000       6.65630611567416958E-002
   35.000000000000000       6.93232441187914550E-002
   35.250000000000000       7.23832382099323240E-002
   35.500000000000000       7.57236300083168890E-002
   35.750000000000000       7.93041655466816264E-002
   36.000000000000000       8.30626586790432220E-002
   36.250000000000000       8.69149989688135088E-002
   36.500000000000000       9.07565572378926794E-002
   36.750000000000000       9.44652476435739324E-002
   37.000000000000000       9.79063959088953550E-002
   37.250000000000000       0.10093937629835752     
   37.500000000000000       0.10342572600754882     
   37.750000000000000       0.10523815990582172     
   38.000000000000000       0.10626964909756928     
   38.250000000000000       0.10644156368588786     
   38.500000000000000       0.10570987555662996     
   38.750000000000000       0.10406860152188471     
   39.000000000000000       0.10155002260841349     
   39.250000000000000       9.82216734137803249E-002
   39.500000000000000       9.41805558574349000E-002
   39.750000000000000       8.95453929382766384E-002
   40.000000000000000       8.44479295692729670E-002
   40.250000000000000       7.90242880916924434E-002
   40.500000000000000       7.34072239511396052E-002
   40.750000000000000       6.77198634133402838E-002
   41.000000000000000       6.20712107171364283E-002
   41.250000000000000       5.65534462864795626E-002
   41.500000000000000       5.12408376637751156E-002
   41.750000000000000       4.61899636869075661E-002
   42.000000000000000       4.14409042339447461E-002
   42.250000000000000       3.70190558330781502E-002
   42.500000000000000       3.29372773689834558E-002
   42.750000000000000       2.91981315519749575E-002
   43.000000000000000       2.57960526864283515E-002
   43.250000000000000       2.27193305163460382E-002
   43.500000000000000       1.99518488586777031E-002
   43.750000000000000       1.74745549208818220E-002
   44.000000000000000       1.52666612557207440E-002
   44.250000000000000       1.33065989246939787E-002
   44.500000000000000       1.15727496891541333E-002
   44.750000000000000       1.00439889376785808E-002
   45.000000000000000       8.70007132490802082E-003
   45.250000000000000       7.52188911731992496E-003
   45.500000000000000       6.49163003642699681E-003
   45.750000000000000       5.59285767168003680E-003
   46.000000000000000       4.81053376862627426E-003
   46.250000000000000       4.13099816180015778E-003
   46.500000000000000       3.54191896390527398E-003
   46.750000000000000       3.03222290214465607E-003
   47.000000000000000       2.59201341232344210E-003
   47.250000000000000       2.21248223241874440E-003
   47.500000000000000       1.88581873409955940E-003
   47.750000000000000       1.60512004156087911E-003
   48.000000000000000       1.36430406069840832E-003
   48.250000000000000       1.15802683064553666E-003
   48.500000000000000       9.81605072145855890E-004
   48.750000000000000       8.30944407377776063E-004
   49.000000000000000       7.02473433881849727E-004
   49.250000000000000       5.93083626810609168E-004
   49.500000000000000       5.00074899230205689E-004
   49.750000000000000       4.21106554095066192E-004
   50.000000000000000       3.54153301578295928E-004
   50.250000000000000       2.97465982181052647E-004
   50.500000000000000       2.49536622156258821E-004
   50.750000000000000       2.09067447688446301E-004
   51.000000000000000       1.74943493751595161E-004
   51.250000000000000       1.46208459454549107E-004
   51.500000000000000       1.22043481626318997E-004
   51.750000000000000       1.01748520661613422E-004
   52.000000000000000       8.47260759844951190E-005
   52.250000000000000       7.04669719978447465E-005
   52.500000000000000       5.85379784404665727E-005
   52.750000000000000       4.85710512456978568E-005
   53.000000000000000       4.02540010082808183E-005
   53.250000000000000       3.33224158531813348E-005
   53.500000000000000       2.75526837746352538E-005
   53.750000000000000       2.27559763477511092E-005
   54.000000000000000       1.87730711216497425E-005
   54.250000000000000       1.54699040243625988E-005
   54.500000000000000       1.27337558069942997E-005
   54.750000000000000       1.04699880019461601E-005
   55.000000000000000       8.59925414860618600E-006
   55.250000000000000       7.05512123469555398E-006
   55.500000000000000       5.78204449804642347E-006
   55.750000000000000       4.73364601635011931E-006
   56.000000000000000       3.87125396306919462E-006
   56.250000000000000       3.16266510430576350E-006
   56.500000000000000       2.58109812771130379E-006
   56.750000000000000       2.10430979955867497E-006
   57.000000000000000       1.71384980402136772E-006
   57.250000000000000       1.39443348870510461E-006
   57.500000000000000       1.13341467683415858E-006
   57.750000000000000       9.20343258719012818E-007
   58.000000000000000       7.46594488154386146E-007
   58.250000000000000       6.05058823803315418E-007
   58.500000000000000       4.89882807915672217E-007
   58.750000000000000       3.96252897601868411E-007
   59.000000000000000       3.20215386503778546E-007
   59.250000000000000       2.58526603003324484E-007
   59.500000000000000       2.08528468050693602E-007
   59.750000000000000       1.68045261551887242E-007
   60.000000000000000       1.35298098866892968E-007
   60.250000000000000       1.08834173980745223E-007
   60.500000000000000       8.74682970013000548E-008
   60.750000000000000       7.02346527381738361E-008
   61.000000000000000       5.63470445978350426E-008
   61.250000000000000       4.51661728821423744E-008
   61.500000000000000       3.61727365771879679E-008
   61.750000000000000       2.89453495724290621E-008
   62.000000000000000       2.31424317264040154E-008
   62.250000000000000       1.84873772465111712E-008
   62.500000000000000       1.47564217159991441E-008
   62.750000000000000       1.17687284030532647E-008
   63.000000000000000       9.37829731134839371E-009
   63.250000000000000       7.46736940370805904E-009
   63.500000000000000       5.94105577823220913E-009
   63.750000000000000       4.72296918595155535E-009
   64.000000000000000       3.75167474510949728E-009
   64.250000000000000       2.97780937436312209E-009
   64.500000000000000       2.36174646762974687E-009
   64.750000000000000       1.87170461822170723E-009
   65.000000000000000       1.48221756710132505E-009
   65.250000000000000       1.17289766744200715E-009
   65.500000000000000       9.27437583354107192E-010
   65.750000000000000       7.32805140265773686E-010
   66.000000000000000       5.78594605842795926E-010
   66.250000000000000       4.56504525929582595E-010
   66.500000000000000       3.59917837457931835E-010
   66.750000000000000       2.83564551436227601E-010
   67.000000000000000       2.23251027566694700E-010
   67.250000000000000       1.75642899411462850E-010
   67.500000000000000       1.38091180465178195E-010
   67.750000000000000       1.08493090068532035E-010
   68.000000000000000       8.51807686023114863E-011
   68.250000000000000       6.68323734829374550E-011
   68.500000000000000       5.24011182683713960E-011
   68.750000000000000       4.10586834765695704E-011
   69.000000000000000       3.21501278014835512E-011
   69.250000000000000       2.51579935612465871E-011
   69.500000000000000       1.96737559493623440E-011
   69.750000000000000       1.53751327778627187E-011
   70.000000000000000       1.20080668260039456E-011
   70.250000000000000       9.37243039620571254E-012
   70.500000000000000       7.31069239949267251E-012
   70.750000000000000       5.69894130246220234E-012
   71.000000000000000       4.43977990224499992E-012
   71.250000000000000       3.45670608946847608E-012
   71.500000000000000       2.68967230737618511E-012
   71.750000000000000       2.09157918880529242E-012
   72.000000000000000       1.62550897264098896E-012
   72.250000000000000       1.26254428128777610E-012
   72.500000000000000       9.80049702942139144E-013
   72.750000000000000       7.60318992334289833E-013
   73.000000000000000       5.89510886012948763E-013
   73.250000000000000       4.56812569726609516E-013
   73.500000000000000       3.53782574515741797E-013
   73.750000000000000       2.73834985924061249E-013
   74.000000000000000       2.11834863930293120E-013
   74.250000000000000       1.63781118507672431E-013
   74.500000000000000       1.26558109282638436E-013
   74.750000000000000       9.77412103868141253E-014
   75.000000000000000       7.54447205832375834E-014
   75.250000000000000       5.82029770397019884E-014
   75.500000000000000       4.48774862268496810E-014
   75.750000000000000       3.45844265726678574E-014
   76.000000000000000       2.66380914085494728E-014
   76.250000000000000       2.05067961483326448E-014
   76.500000000000000       1.57785250246986612E-014
   76.750000000000000       1.21341831904253732E-014
   77.000000000000000       9.32678368436063987E-015
   77.250000000000000       7.16526262014180911E-015
   77.500000000000000       5.50190126591036550E-015
   77.750000000000000       4.22255724056942843E-015
   78.000000000000000       3.23908209720524191E-015
   78.250000000000000       2.48343952740262741E-015
   78.500000000000000       1.90314551121386267E-015
   78.750000000000000       1.45773541363538200E-015
   79.000000000000000       1.11602836429468658E-015
   79.250000000000000       8.54010237823653560E-016
   79.500000000000000       6.53196305308681093E-016
   79.750000000000000       4.99365604398519365E-016
   80.000000000000000       3.81583198487751274E-016
   80.250000000000000       2.91445268269454924E-016
   80.500000000000000       2.22496578921394765E-016
   80.750000000000000       1.69781213544154338E-016
   81.000000000000000       1.29496277230856992E-016
   81.250000000000000       9.87251176994869810E-017
   81.500000000000000       7.52319157608831935E-017
   81.750000000000000       5.73036135297704637E-017
   82.000000000000000       4.36283362952018134E-017
   82.250000000000000       3.32019325308153098E-017
   82.500000000000000       2.52561668544284638E-017
   82.750000000000000       1.92035781981690115E-017
   83.000000000000000       1.45951574394831973E-017
   83.250000000000000       1.10878809220046253E-017
   83.500000000000000       8.41981737697140294E-018
   83.750000000000000       6.39105127944891498E-018
   84.000000000000000       4.84907093726259957E-018
   84.250000000000000       3.67758195778327965E-018
   84.500000000000000       2.78794733698301669E-018
   84.750000000000000       2.11264064442242016E-018
   85.000000000000000       1.60024130092415774E-018
   85.250000000000000       1.21161054884593045E-018
   85.500000000000000       9.16970956048329353E-019
   85.750000000000000       6.93677007477353170E-019
   86.000000000000000       5.24514022788211007E-019
   86.250000000000000       3.96400763911979013E-019
   86.500000000000000       2.99400335964811265E-019
   86.750000000000000       2.25966396758327002E-019
   87.000000000000000       1.70368858402348454E-019
   87.250000000000000       1.28256407300755093E-019
   87.500000000000000       9.63232224389400088E-020
   87.750000000000000       7.20549551563953827E-020
   88.000000000000000       5.35348980821256934E-020
   88.250000000000000       3.92957390841250155E-020
   88.500000000000000       2.82056910130198525E-020
   88.750000000000000       1.93803560258700863E-020
   89.000000000000000       1.21136113021486658E-020
   89.250000000000000       5.82223180174235034E-021
   89.500000000000000        0.0000000000000000     
