  -10.500000000000000        0.0000000000000000     
  -10.250000000000000       6.62856922790605130E-005
  -10.000000000000000      -1.29649149097857614E-004
  -9.7500000000000000      -5.35456072690299869E-004
  -9.5000000000000000      -7.40844224291981957E-004
  -9.2500000000000000      -6.75826857906061109E-004
  -9.0000000000000000      -4.62018909202687768E-004
  -8.7500000000000000      -3.71549014888427503E-004
  -8.5000000000000000      -3.59705450727636569E-004
  -8.2500000000000000      -3.00271532167916192E-004
  -8.0000000000000000      -1.73274725061084206E-004
  -7.7500000000000000      -2.43553544449460529E-005
  -7.5000000000000000       1.18509435496771227E-004
  -7.2500000000000000       2.81557355704798611E-004
  -7.0000000000000000       4.98685038383351090E-004
  -6.7500000000000000       6.89646159773114149E-004
  -6.5000000000000000       6.83889295397666856E-004
  -6.2500000000000000       5.15676433467340107E-004
  -6.0000000000000000       3.31404529268714129E-004
  -5.7500000000000000       3.41218787560180114E-004
  -5.5000000000000000       4.99261709436993177E-004
  -5.2500000000000000       5.73864775699711271E-004
  -5.0000000000000000       4.26660206520072458E-004
  -4.7500000000000000       1.24083024147839989E-004
  -4.5000000000000000      -1.26118932869195589E-004
  -4.2500000000000000      -2.40544581220988716E-004
  -4.0000000000000000      -3.14514647046322125E-004
  -3.7500000000000000      -4.85037809495897842E-004
  -3.5000000000000000      -7.75175345430339406E-004
  -3.2500000000000000      -1.04189219880837926E-003
  -3.0000000000000000      -1.10986712498484567E-003
  -2.7500000000000000      -1.03129589807006363E-003
  -2.5000000000000000      -9.00973271310543701E-004
  -2.2500000000000000      -8.71299407670732317E-004
  -2.0000000000000000      -9.03422738842570212E-004
  -1.7500000000000000      -8.36926043570163417E-004
  -1.5000000000000000      -6.59736652785466700E-004
  -1.2500000000000000      -3.21474894040722672E-004
  -1.0000000000000000       7.61766816653777464E-005
 -0.75000000000000000       4.86299323639782224E-004
 -0.50000000000000000       8.62658653971595064E-004
 -0.25000000000000000       1.17447250436015301E-003
   0.0000000000000000       1.45249349378576012E-003
  0.25000000000000000       1.73482841859974482E-003
  0.50000000000000000       1.99031669562981829E-003
  0.75000000000000000       2.11723681825691512E-003
   1.0000000000000000       2.12906569300508634E-003
   1.2500000000000000       1.97636885528589901E-003
   1.5000000000000000       1.75633514122405473E-003
   1.7500000000000000       1.51099996379234938E-003
   2.0000000000000000       1.27379356197146335E-003
   2.2500000000000000       1.09447958456013032E-003
   2.5000000000000000       8.30125949430701184E-004
   2.7500000000000000       4.18619829607400095E-004
   3.0000000000000000      -1.32495539130299890E-004
   3.2500000000000000      -6.82914800899994613E-004
   3.5000000000000000      -1.10041998622669606E-003
   3.7500000000000000      -1.43543091993056609E-003
   4.0000000000000000      -1.84876356725677824E-003
   4.2500000000000000      -2.41925243967715080E-003
   4.5000000000000000      -3.06949149030284578E-003
   4.7500000000000000      -3.60270320638962421E-003
   5.0000000000000000      -3.94162241000213607E-003
   5.2500000000000000      -4.19313207245831931E-003
   5.5000000000000000      -4.50825010254070433E-003
   5.7500000000000000      -4.91849665107829421E-003
   6.0000000000000000      -5.17991581280383660E-003
   6.2500000000000000      -5.14075352395152244E-003
   6.5000000000000000      -4.82224239565742351E-003
   6.7500000000000000      -4.43137298814359759E-003
   7.0000000000000000      -4.10675631911768761E-003
   7.2500000000000000      -3.75590544394483004E-003
   7.5000000000000000      -3.24111129478914847E-003
   7.7500000000000000      -2.55647591396318888E-003
   8.0000000000000000      -1.79408841223594926E-003
   8.2500000000000000      -1.03530825453879605E-003
   8.5000000000000000      -2.90004326362126896E-004
   8.7500000000000000       5.83542947871481870E-004
   9.0000000000000000       1.47542893436752019E-003
   9.2500000000000000       2.33532107342615276E-003
   9.5000000000000000       3.16603673805103316E-003
   9.7500000000000000       4.14884707595297372E-003
   10.000000000000000       5.35845997678436464E-003
   10.250000000000000       6.59734055062465019E-003
   10.500000000000000       7.74579919454821721E-003
   10.750000000000000       8.91588855066056778E-003
   11.000000000000000       1.02955740844482176E-002
   11.250000000000000       1.19196255370932203E-002
   11.500000000000000       1.36551250849150495E-002
   11.750000000000000       1.53789947700508269E-002
   12.000000000000000       1.70968760185010692E-002
   12.250000000000000       1.88952675737332314E-002
   12.500000000000000       2.08295194121278990E-002
   12.750000000000000       2.28723953374469144E-002
   13.000000000000000       2.49456910262410292E-002
   13.250000000000000       2.69809810191795514E-002
   13.500000000000000       2.89546807545548630E-002
   13.750000000000000       3.08819413961556807E-002
   14.000000000000000       3.27873461897384005E-002
   14.250000000000000       3.46786529449864753E-002
   14.500000000000000       3.65388127368439508E-002
   14.750000000000000       3.83358399860964164E-002
   15.000000000000000       4.00403735523339327E-002
   15.250000000000000       4.16397217354449942E-002
   15.500000000000000       4.31421221194200760E-002
   15.750000000000000       4.45714133269252966E-002
   16.000000000000000       4.59568076709265250E-002
   16.250000000000000       4.73235694559922607E-002
   16.500000000000000       4.86886695706502948E-002
   16.750000000000000       5.00624488282115088E-002
   17.000000000000000       5.14545635695503392E-002
   17.250000000000000       5.28810088407990972E-002
   17.500000000000000       5.43690646384402884E-002
   17.750000000000000       5.59582249630591611E-002
   18.000000000000000       5.76968611033303463E-002
   18.250000000000000       5.96358425900903877E-002
   18.500000000000000       6.18211249221668618E-002
   18.750000000000000       6.42872832855762577E-002
   19.000000000000000       6.70532983057655352E-002
   19.250000000000000       7.01209269943341845E-002
   19.500000000000000       7.34750854368260847E-002
   19.750000000000000       7.70851064917008055E-002
   20.000000000000000       8.09056493491972784E-002
   20.250000000000000       8.48764115128492896E-002
   20.500000000000000       8.89204862832770893E-002
   20.750000000000000       9.29419999785637274E-002
   21.000000000000000       9.68243103739218347E-002
   21.250000000000000       0.10043034342088740     
   21.500000000000000       0.10360646474564845     
   21.750000000000000       0.10619061853561483     
   22.000000000000000       0.10802444491068026     
   22.250000000000000       0.10896795641553500     
   22.500000000000000       0.10891443911965761     
   22.750000000000000       0.10780285311356312     
   23.000000000000000       0.10562531927544688     
   23.250000000000000       0.10242825002063492     
   23.500000000000000       9.83070354208098601E-002
   23.750000000000000       9.33955210385297857E-002
   24.000000000000000       8.78524260758938580E-002
   24.250000000000000       8.18471400259035836E-002
   24.500000000000000       7.55470234544646652E-002
   24.750000000000000       6.91076256429598579E-002
   25.000000000000000       6.26663907440608570E-002
   25.250000000000000       5.63396894404288862E-002
   25.500000000000000       5.02225210373872244E-002
   25.750000000000000       4.43900127886717802E-002
   26.000000000000000       3.88998546877387594E-002
   26.250000000000000       3.37949688415681640E-002
   26.500000000000000       2.91059402117801180E-002
   26.750000000000000       2.48529644623556659E-002
   27.000000000000000       2.10472576981140802E-002
   27.250000000000000       1.76920037308632185E-002
   27.500000000000000       1.47829861459997988E-002
   27.750000000000000       1.23090743228469208E-002
   28.000000000000000       1.02527186411873351E-002
   28.250000000000000       8.59057449558305562E-003
   28.500000000000000       7.29432920958725077E-003
   28.750000000000000       6.33175900823533359E-003
   29.000000000000000       5.66800031004212855E-003
   29.250000000000000       5.26698386132022200E-003
   29.500000000000000       5.09295333118663530E-003
   29.750000000000000       5.11197282221581041E-003
   30.000000000000000       5.29332081256562829E-003
   30.250000000000000       5.61067140965565685E-003
   30.500000000000000       6.04297695264401601E-003
   30.750000000000000       6.57498763149739866E-003
   31.000000000000000       7.19737167403348109E-003
   31.250000000000000       7.90643080370479617E-003
   31.500000000000000       8.70343671093393341E-003
   31.750000000000000       9.59364195950013036E-003
   32.000000000000000       1.05850404791849404E-002
   32.250000000000000       1.16869670458160345E-002
   32.500000000000000       1.29086315968090504E-002
   32.750000000000000       1.42576836359344199E-002
   33.000000000000000       1.57388958447996219E-002
   33.250000000000000       1.73530461112078836E-002
   33.500000000000000       1.90960650870527840E-002
   33.750000000000000       2.09585031456705276E-002
   34.000000000000000       2.29253565704821138E-002
   34.250000000000000       2.49762776814527639E-002
   34.500000000000000       2.70861767070449157E-002
   34.750000000000000       2.92262038418994903E-002
   35.000000000000000       3.13650778312465420E-002
   35.250000000000000       3.34707031520970477E-002
   35.500000000000000       3.55119930337694928E-002
   35.750000000000000       3.74607928217232725E-002
   36.000000000000000       3.92937808794758120E-002
   36.250000000000000       4.09942157526852133E-002
   36.500000000000000       4.25534013587498330E-002
   36.750000000000000       4.39717576567908927E-002
   37.000000000000000       4.52594116657490109E-002
   37.250000000000000       4.64362597312351147E-002
   37.500000000000000       4.75314917607660078E-002
   37.750000000000000       4.85826060897923892E-002
   38.000000000000000       4.96339743714247911E-002
   38.250000000000000       5.07350355001034703E-002
   38.500000000000000       5.19382044045432686E-002
   38.750000000000000       5.32965764184877150E-002
   39.000000000000000       5.48614940119634201E-002
   39.250000000000000       5.66800248116046262E-002
   39.500000000000000       5.87923838448788996E-002
   39.750000000000000       6.12293246778983433E-002
   40.000000000000000       6.40095287400059276E-002
   40.250000000000000       6.71370433464771460E-002
   40.500000000000000       7.05988582095702089E-002
   40.750000000000000       7.43627658817026249E-002
   41.000000000000000       7.83757177302490810E-002
   41.250000000000000       8.25629526886571402E-002
   41.500000000000000       8.68282246197354390E-002
   41.750000000000000       9.10554645247449168E-002
   42.000000000000000       9.51121634327343757E-002
   42.250000000000000       9.88546324297432527E-002
   42.500000000000000       0.10213508243333679     
   42.750000000000000       0.10481018376586862     
   43.000000000000000       0.10675045662058248     
   43.250000000000000       0.10784957426261259     
   43.500000000000000       0.10803250760348819     
   43.750000000000000       0.10726146606341119     
   44.000000000000000       0.10553882047394457     
   44.250000000000000       0.10290659942761170     
   44.500000000000000       9.94426486391239151E-002
   44.750000000000000       9.52540217425433544E-002
   45.000000000000000       9.04685247549995020E-002
   45.250000000000000       8.52254984406467797E-002
   45.500000000000000       7.96668819936933864E-002
   45.750000000000000       7.39293979981320570E-002
   46.000000000000000       6.81384031721926908E-002
   46.250000000000000       6.24036372829352357E-002
   46.500000000000000       5.68168332532643233E-002
   46.750000000000000       5.14509585318689705E-002
   47.000000000000000       4.63607495386557933E-002
   47.250000000000000       4.15841672361104420E-002
   47.500000000000000       3.71444228109650137E-002
   47.750000000000000       3.30522763030925565E-002
   48.000000000000000       2.93083789569504871E-002
   48.250000000000000       2.59054984087584393E-002
   48.500000000000000       2.28305262231209768E-002
   48.750000000000000       2.00662158579610964E-002
   49.000000000000000       1.75926351015110727E-002
   49.250000000000000       1.53883415083948434E-002
   49.500000000000000       1.34313043833239922E-002
   49.750000000000000       1.16996046741258582E-002
   50.000000000000000       1.01719468367042071E-002
   50.250000000000000       8.82801607538504299E-003
   50.500000000000000       7.64871169902259489E-003
   50.750000000000000       6.61628364963290621E-003
   51.000000000000000       5.71439522579116500E-003
   51.250000000000000       4.92813106234981941E-003
   51.500000000000000       4.24396578622181653E-003
   51.750000000000000       3.64970556514490748E-003
   52.000000000000000       3.13441204065956040E-003
   52.250000000000000       2.68831587593460538E-003
   52.500000000000000       2.30272531359566705E-003
   52.750000000000000       1.96993367542571459E-003
   53.000000000000000       1.68312858831209142E-003
   53.250000000000000       1.43630483484530076E-003
   53.500000000000000       1.22418205339552767E-003
   53.750000000000000       1.04212800858353733E-003
   54.000000000000000       8.86087782760813986E-004
   54.250000000000000       7.52518972657100133E-004
   54.500000000000000       6.38332788618553950E-004
   54.750000000000000       5.40840827585081091E-004
   55.000000000000000       4.57707209957805929E-004
   55.250000000000000       3.86905722954228922E-004
   55.500000000000000       3.26681589812913026E-004
   55.750000000000000       2.75517478321640839E-004
   56.000000000000000       2.32103368331177729E-004
   56.250000000000000       1.95309912233188493E-004
   56.500000000000000       1.64164941900110922E-004
   56.750000000000000       1.37832798164726645E-004
   57.000000000000000       1.15596183010738138E-004
   57.250000000000000       9.68402591546222558E-005
   57.500000000000000       8.10387458608620648E-005
   57.750000000000000       6.77417831340674560E-005
   58.000000000000000       5.65653585424897700E-005
   58.250000000000000       4.71821116515690428E-005
   58.500000000000000       3.93133502830920434E-005
   58.750000000000000       3.27221305331608416E-005
   59.000000000000000       2.72072686958049574E-005
   59.250000000000000       2.25981679962356457E-005
   59.500000000000000       1.87503564069320790E-005
   59.750000000000000       1.55416438823033701E-005
   60.000000000000000       1.28688181918927210E-005
   60.250000000000000       1.06448082490739958E-005
   60.500000000000000       8.79625251287813734E-006
   60.750000000000000       7.26141777373734265E-006
   61.000000000000000       5.98842050477128106E-006
   61.250000000000000       4.93370904957435693E-006
   61.500000000000000       4.06077030118119548E-006
   61.750000000000000       3.33902927568501135E-006
   62.000000000000000       2.74291416328779580E-006
   62.250000000000000       2.25106310958332432E-006
   62.500000000000000       1.84565219574962975E-006
   62.750000000000000       1.51182689832326084E-006
   63.000000000000000       1.23722176298512658E-006
   63.250000000000000       1.01155516359603810E-006
   63.500000000000000       8.26287874800078615E-007
   63.750000000000000       6.74335797308611573E-007
   64.000000000000000       5.49828569440995307E-007
   64.250000000000000       4.47907003377731722E-007
   64.500000000000000       3.64553323692939287E-007
   64.750000000000000       2.96449080219876712E-007
   65.000000000000000       2.40856375886855281E-007
   65.250000000000000       1.95518709372794257E-007
   65.500000000000000       1.58578296831791669E-007
   65.750000000000000       1.28507219315276675E-007
   66.000000000000000       1.04050154087365689E-007
   66.250000000000000       8.41767985825301095E-008
   66.500000000000000       6.80423938399750627E-008
   66.750000000000000       5.49550073013963690E-008
   67.000000000000000       4.43484493324695261E-008
   67.250000000000000       3.57598793141619543E-008
   67.500000000000000       2.88113104795867942E-008
   67.750000000000000       2.31943520127725244E-008
   68.000000000000000       1.86576358637593070E-008
   68.250000000000000       1.49964673500510073E-008
   68.500000000000000       1.20443155478225371E-008
   68.750000000000000       9.66582398596792859E-009
   69.000000000000000       7.75107617046264643E-009
   69.250000000000000       6.21089562898151929E-009
   69.500000000000000       4.97299787416058191E-009
   69.750000000000000       3.97884312525285882E-009
   70.000000000000000       3.18106480822288465E-009
   70.250000000000000       2.54137062474384127E-009
   70.500000000000000       2.02883106006631060E-009
   70.750000000000000       1.61848519457394621E-009
   71.000000000000000       1.29020610440517582E-009
   71.250000000000000       1.02777841176795741E-009
   71.500000000000000       8.18149035478316626E-010
   71.750000000000000       6.50819198416503840E-010
   72.000000000000000       5.17351523331029160E-010
   72.250000000000000       4.10970802493217932E-010
   72.500000000000000       3.26240935907843679E-010
   72.750000000000000       2.58803743534677783E-010
   73.000000000000000       2.05167991044685626E-010
   73.250000000000000       1.62539127159589101E-010
   73.500000000000000       1.28681997486051274E-010
   73.750000000000000       1.01810244432062833E-010
   74.000000000000000       8.04972827515099504E-011
   74.250000000000000       6.36047029769405175E-011
   74.500000000000000       5.02247396367687967E-011
   74.750000000000000       3.96340799837517747E-011
   75.000000000000000       3.12568085447637253E-011
   75.250000000000000       2.46347049668059934E-011
   75.500000000000000       1.94034553012209573E-011
   75.750000000000000       1.52736147312885318E-011
   76.000000000000000       1.20153848422106219E-011
   76.250000000000000       9.44645070175234497E-012
   76.500000000000000       7.42227030892730214E-012
   76.750000000000000       5.82832794298200591E-012
   77.000000000000000       4.57395895873626908E-012
   77.250000000000000       3.58743098677292839E-012
   77.500000000000000       2.81202885481777113E-012
   77.750000000000000       2.20294073228070069E-012
   78.000000000000000       1.72478335331941841E-012
   78.250000000000000       1.34963659262588350E-012
   78.500000000000000       1.05548368985536930E-012
   78.750000000000000       8.24974287532822186E-013
   79.000000000000000       6.44444169464701833E-013
   79.250000000000000       5.03138974823036490E-013
   79.500000000000000       3.92599872951633920E-013
   79.750000000000000       3.06177744279786487E-013
   80.000000000000000       2.38649249360698357E-013
   80.250000000000000       1.85913623654895610E-013
   80.500000000000000       1.44753385748441292E-013
   80.750000000000000       1.12645612517015297E-013
   81.000000000000000       8.76131939027241838E-014
   81.250000000000000       6.81076748461258095E-014
   81.500000000000000       5.29170365755101606E-014
   81.750000000000000       4.10931551961169661E-014
   82.000000000000000       3.18947753557109589E-014
   82.250000000000000       2.47427090295005314E-014
   82.500000000000000       1.91846607437998928E-014
   82.750000000000000       1.48676279993722199E-014
   83.000000000000000       1.15162588772452702E-014
   83.250000000000000       8.91589139816736524E-015
   83.500000000000000       6.89926993135990450E-015
   83.750000000000000       5.33614773362312864E-015
   84.000000000000000       4.12515340447750248E-015
   84.250000000000000       3.18743208146941538E-015
   84.500000000000000       2.46167704079022242E-015
   84.750000000000000       1.90024993255271571E-015
   85.000000000000000       1.46615285727497235E-015
   85.250000000000000       1.13066659249939663E-015
   85.500000000000000       8.71509442157770680E-016
   85.750000000000000       6.71402726914388738E-016
   86.000000000000000       5.16953694100199588E-016
   86.250000000000000       3.97786047484943330E-016
   86.500000000000000       3.05863520778358368E-016
   86.750000000000000       2.34963843372591267E-016
   87.000000000000000       1.80269780310631197E-016
   87.250000000000000       1.38051227730736264E-016
   87.500000000000000       1.05418047882559034E-016
   87.750000000000000       8.01277779979570949E-017
   88.000000000000000       6.04358144027510333E-017
   88.250000000000000       4.49783683076144006E-017
   88.500000000000000       3.26805775208311567E-017
   88.750000000000000       2.26837671238578229E-017
   89.000000000000000       1.42870811793102008E-017
   89.250000000000000       6.89963290945325024E-018
   89.500000000000000        0.0000000000000000     
