  -10.500000000000000        0.0000000000000000     
  -10.250000000000000      -7.79631526769848909E-005
  -10.000000000000000      -2.46532271232752231E-004
  -9.7500000000000000      -4.03998048306919042E-004
  -9.5000000000000000      -4.44218366972587756E-004
  -9.2500000000000000      -4.82932084041019414E-004
  -9.0000000000000000      -3.07769167414823758E-004
  -8.7500000000000000      -1.79106696292543509E-004
  -8.5000000000000000      -1.47700132601811867E-004
  -8.2500000000000000       4.52978031921936003E-006
  -8.0000000000000000       2.14355976448701223E-004
  -7.7500000000000000       4.17047189667191600E-004
  -7.5000000000000000       5.31673627166730960E-004
  -7.2500000000000000       4.38764198819946688E-004
  -7.0000000000000000       3.44917601529920687E-004
  -6.7500000000000000       3.62957569191164485E-004
  -6.5000000000000000       3.45729563320718708E-004
  -6.2500000000000000       3.14545428948967496E-004
  -6.0000000000000000       1.00435543059199751E-004
  -5.7500000000000000      -2.39751585490264956E-004
  -5.5000000000000000      -5.06597955993836192E-004
  -5.2500000000000000      -6.27290477080564147E-004
  -5.0000000000000000      -5.87145723589161208E-004
  -4.7500000000000000      -4.55732872947736808E-004
  -4.5000000000000000      -3.36255686957292359E-004
  -4.2500000000000000      -3.08801785845731248E-004
  -4.0000000000000000      -3.38608984841716216E-004
  -3.7500000000000000      -3.70408487140109414E-004
  -3.5000000000000000      -3.12641746406055511E-004
  -3.2500000000000000      -4.81255867391107791E-005
  -3.0000000000000000       2.83034202266005961E-004
  -2.7500000000000000       4.45284888351755331E-004
  -2.5000000000000000       5.34232622043013714E-004
  -2.2500000000000000       4.77997017653196475E-004
  -2.0000000000000000       5.16567071005721704E-004
  -1.7500000000000000       7.72227912484527504E-004
  -1.5000000000000000       8.70477182271039117E-004
  -1.2500000000000000       8.50609267072810699E-004
  -1.0000000000000000       5.85935667800277201E-004
 -0.75000000000000000       2.04590793299126277E-004
 -0.50000000000000000       9.23719862529145014E-005
 -0.25000000000000000       1.57314180683039201E-004
   0.0000000000000000       1.34389860273404437E-004
  0.25000000000000000      -7.58354762201940923E-005
  0.50000000000000000      -5.46377519885243162E-004
  0.75000000000000000      -9.90258780030455095E-004
   1.0000000000000000      -1.05242774308506146E-003
   1.2500000000000000      -1.05225360728871146E-003
   1.5000000000000000      -1.03203471270430229E-003
   1.7500000000000000      -1.12848237184310762E-003
   2.0000000000000000      -1.37901193923346626E-003
   2.2500000000000000      -1.37041411000028202E-003
   2.5000000000000000      -1.13286100433825348E-003
   2.7500000000000000      -7.46573246814154776E-004
   3.0000000000000000      -3.39139884754877780E-004
   3.2500000000000000      -8.44791359507087412E-005
   3.5000000000000000       1.14061404473342776E-004
   3.7500000000000000       4.32742442147837668E-004
   4.0000000000000000       8.57371216920237416E-004
   4.2500000000000000       1.29882213524425681E-003
   4.5000000000000000       1.64257371376552394E-003
   4.7500000000000000       1.82342994910375620E-003
   5.0000000000000000       1.84599701130659633E-003
   5.2500000000000000       1.82344245285039714E-003
   5.5000000000000000       1.82370890311017806E-003
   5.7500000000000000       1.86519940706100914E-003
   6.0000000000000000       2.01105192250149644E-003
   6.2500000000000000       1.99589723559421900E-003
   6.5000000000000000       1.80663424273835665E-003
   6.7500000000000000       1.50057803687798246E-003
   7.0000000000000000       1.10243901355726488E-003
   7.2500000000000000       8.20583160014599824E-004
   7.5000000000000000       5.94238386186199201E-004
   7.7500000000000000       1.91524494043154522E-004
   8.0000000000000000      -3.77022431595331546E-004
   8.2500000000000000      -1.10089361237302873E-003
   8.5000000000000000      -1.83505726956466743E-003
   8.7500000000000000      -2.29856792978186874E-003
   9.0000000000000000      -2.82285866336835301E-003
   9.2500000000000000      -3.35063158570808334E-003
   9.5000000000000000      -3.87058023013258376E-003
   9.7500000000000000      -4.42832660414216404E-003
   10.000000000000000      -4.80692833001771479E-003
   10.250000000000000      -4.91543923933174948E-003
   10.500000000000000      -4.88032428427956789E-003
   10.750000000000000      -4.87377502287895774E-003
   11.000000000000000      -4.90635125651404935E-003
   11.250000000000000      -4.82564031229594775E-003
   11.500000000000000      -4.52452251650365626E-003
   11.750000000000000      -4.06650262886296306E-003
   12.000000000000000      -3.59418178580338471E-003
   12.250000000000000      -3.17785257365416898E-003
   12.500000000000000      -2.77529806524503186E-003
   12.750000000000000      -2.30396590028739915E-003
   13.000000000000000      -1.72356900656266544E-003
   13.250000000000000      -1.05715811389609881E-003
   13.500000000000000      -3.55314676053372972E-004
   13.750000000000000       3.50922466958931522E-004
   14.000000000000000       1.07144931586860550E-003
   14.250000000000000       1.84619582338355049E-003
   14.500000000000000       2.71822782989029725E-003
   14.750000000000000       3.71146360854606849E-003
   15.000000000000000       4.82430770248334136E-003
   15.250000000000000       6.03819523875822727E-003
   15.500000000000000       7.33245445963633547E-003
   15.750000000000000       8.69614521882445222E-003
   16.000000000000000       1.01315887525439338E-002
   16.250000000000000       1.16496775315952684E-002
   16.500000000000000       1.32608907217792067E-002
   16.750000000000000       1.49670109369556357E-002
   17.000000000000000       1.67571812562698416E-002
   17.250000000000000       1.86093863274415447E-002
   17.500000000000000       2.04960166297330666E-002
   17.750000000000000       2.23907790046716897E-002
   18.000000000000000       2.42741359146397412E-002
   18.250000000000000       2.61354444745698286E-002
   18.500000000000000       2.79714614277496477E-002
   18.750000000000000       2.97822592502190002E-002
   19.000000000000000       3.15663996710051700E-002
   19.250000000000000       3.33172567291062025E-002
   19.500000000000000       3.50217805323450523E-002
   19.750000000000000       3.66620442804531030E-002
   20.000000000000000       3.82189766182115739E-002
   20.250000000000000       3.96770426467780019E-002
   20.500000000000000       4.10284572271981673E-002
   20.750000000000000       4.22757909449468158E-002
   21.000000000000000       4.34324222714983707E-002
   21.250000000000000       4.45209799273669216E-002
   21.500000000000000       4.55704850522699115E-002
   21.750000000000000       4.66131874630554693E-002
   22.000000000000000       4.76820433097095916E-002
   22.250000000000000       4.88094568645229335E-002
   22.500000000000000       5.00274326007642753E-002
   22.750000000000000       5.13688044820462472E-002
   23.000000000000000       5.28688562937992337E-002
   23.250000000000000       5.45664985737109864E-002
   23.500000000000000       5.65042414049353320E-002
   23.750000000000000       5.87264591646330936E-002
   24.000000000000000       6.12758067481424876E-002
   24.250000000000000       6.41880278752331168E-002
   24.500000000000000       6.74857179720635275E-002
   24.750000000000000       7.11718184148644600E-002
   25.000000000000000       7.52237097293819712E-002
   25.250000000000000       7.95887478909399482E-002
   25.500000000000000       8.41819711142668820E-002
   25.750000000000000       8.88865148709187120E-002
   26.000000000000000       9.35570245457250788E-002
   26.250000000000000       9.80260587762564195E-002
   26.500000000000000       0.10211314748587912     
   26.750000000000000       0.10563583567508629     
   27.000000000000000       0.10842175229980397     
   27.250000000000000       0.11032054811292893     
   27.500000000000000       0.11121449704104752     
   27.750000000000000       0.11102667883998335     
   28.000000000000000       0.10972594605550971     
   28.250000000000000       0.10732827754128477     
   28.500000000000000       0.10389456033540441     
   28.750000000000000       9.95252432453706676E-002
   29.000000000000000       9.43526064667681019E-002
   29.250000000000000       8.85315578459902747E-002
   29.500000000000000       8.22298945179565227E-002
   29.750000000000000       7.56188795668178010E-002
   30.000000000000000       6.88648123641136534E-002
   30.250000000000000       6.21220580160678770E-002
   30.500000000000000       5.55277823755777195E-002
   30.750000000000000       4.91984428809305735E-002
   31.000000000000000       4.32279304775970846E-002
   31.250000000000000       3.76871521920791389E-002
   31.500000000000000       3.26247868238555214E-002
   31.750000000000000       2.80689305283226692E-002
   32.000000000000000       2.40293639944106525E-002
   32.250000000000000       2.05002067337022656E-002
   32.500000000000000       1.74627660564395416E-002
   32.750000000000000       1.48884303570882386E-002
   33.000000000000000       1.27414930072970046E-002
   33.250000000000000       1.09818219076048152E-002
   33.500000000000000       9.56731036520053028E-003
   33.750000000000000       8.45605888010311432E-003
   34.000000000000000       7.60824698733089753E-003
   34.250000000000000       6.98766209071875581E-003
   34.500000000000000       6.56286045464729659E-003
   34.750000000000000       6.30794565504444720E-003
   35.000000000000000       6.20296233465885902E-003
   35.250000000000000       6.23391762015480886E-003
   35.500000000000000       6.39245786288748785E-003
   35.750000000000000       6.67524288809778332E-003
   36.000000000000000       7.08307210319831029E-003
   36.250000000000000       7.61982540202404534E-003
   36.500000000000000       8.29128617852690868E-003
   36.750000000000000       9.10391397555716970E-003
   37.000000000000000       1.00636309848629469E-002
   37.250000000000000       1.11746808221165651E-002
   37.500000000000000       1.24386108938797264E-002
   37.750000000000000       1.38534222816208939E-002
   38.000000000000000       1.54129240681444984E-002
   38.250000000000000       1.71063226240457736E-002
   38.500000000000000       1.89180702616366277E-002
   38.750000000000000       2.08279911506524286E-002
   39.000000000000000       2.28116945479245152E-002
   39.250000000000000       2.48412753185585505E-002
   39.500000000000000       2.68862888186477828E-002
   39.750000000000000       2.89149714385696227E-002
   40.000000000000000       3.08956602065389579E-002
   40.250000000000000       3.27983463898038202E-002
   40.500000000000000       3.45962812849276158E-002
   40.750000000000000       3.62675400334122808E-002
   41.000000000000000       3.77964439113566975E-002
   41.250000000000000       3.91747450204332076E-002
   41.500000000000000       4.04024903373894628E-002
   41.750000000000000       4.14885037943442531E-002
   42.000000000000000       4.24504530243325628E-002
   42.250000000000000       4.33144979480186848E-002
   42.500000000000000       4.41145472479045272E-002
   42.750000000000000       4.48911719474418824E-002
   43.000000000000000       4.56902397442759262E-002
   43.250000000000000       4.65613379365749300E-002
   43.500000000000000       4.75560469876631017E-002
   43.750000000000000       4.87261129090096057E-002
   44.000000000000000       5.01215479111235471E-002
   44.250000000000000       5.17886691942739397E-002
   44.500000000000000       5.37680696765754362E-002
   44.750000000000000       5.60925061660397517E-002
   45.000000000000000       5.87846938633015056E-002
   45.250000000000000       6.18550143156390009E-002
   45.500000000000000       6.52991790863096250E-002
   45.750000000000000       6.90959437251742609E-002
   46.000000000000000       7.32050336386735195E-002
   46.250000000000000       7.75655186914605138E-002
   46.500000000000000       8.20949451933417340E-002
   46.750000000000000       8.66895849633706889E-002
   47.000000000000000       9.12261692360434029E-002
   47.250000000000000       9.55654166700100199E-002
   47.500000000000000       9.95575210257376997E-002
   47.750000000000000       0.10304953056858000     
   48.000000000000000       0.10589424653643180     
   48.250000000000000       0.10795993925513835     
   48.500000000000000       0.10913989987176373     
   48.750000000000000       0.10936069489657099     
   49.000000000000000       0.10858803544462772     
   49.250000000000000       0.10682943561152573     
   49.500000000000000       0.10413327741791821     
   49.750000000000000       0.10058443063118942     
   50.000000000000000       9.62970735717860460E-002
   50.250000000000000       9.14057154214988760E-002
   50.500000000000000       8.60555662905736762E-002
   50.750000000000000       8.03933337034007656E-002
   51.000000000000000       7.45592917064959171E-002
   51.250000000000000       6.86811493069573314E-002
   51.500000000000000       6.28699178017476240E-002
   51.750000000000000       5.72177018436723847E-002
   52.000000000000000       5.17971485962510775E-002
   52.250000000000000       4.66621883288032696E-002
   52.500000000000000       4.18496751320785176E-002
   52.750000000000000       3.73815660731434476E-002
   53.000000000000000       3.32673380061748528E-002
   53.250000000000000       2.95064141310544120E-002
   53.500000000000000       2.60904436651069153E-002
   53.750000000000000       2.30053397230903373E-002
   54.000000000000000       2.02330292673343487E-002
   54.250000000000000       1.77529044683124165E-002
   54.500000000000000       1.55429884691812466E-002
   54.750000000000000       1.35808426345957241E-002
   55.000000000000000       1.18442492842519963E-002
   55.250000000000000       1.03117058371350115E-002
   55.500000000000000       8.96276500389560880E-003
   55.750000000000000       7.77825251745361580E-003
   56.000000000000000       6.74038985308805794E-003
   56.250000000000000       5.83284510620538273E-003
   56.500000000000000       5.04073107038458500E-003
   56.750000000000000       4.35056581430593326E-003
   57.000000000000000       3.75020779639383215E-003
   57.250000000000000       3.22877480472358487E-003
   57.500000000000000       2.77655374434519157E-003
   57.750000000000000       2.38490646696050629E-003
   58.000000000000000       2.04617539043653457E-003
   58.250000000000000       1.75359152777407627E-003
   58.500000000000000       1.50118668011620603E-003
   58.750000000000000       1.28371089545712986E-003
   59.000000000000000       1.09655581023684629E-003
   59.250000000000000       9.35684138410643727E-004
   59.500000000000000       7.97565321881218482E-004
   59.750000000000000       6.79117183213047513E-004
   60.000000000000000       5.77653307123913453E-004
   60.250000000000000       4.90835806318256100E-004
   60.500000000000000       4.16633088123557463E-004
   60.750000000000000       3.53282222163991098E-004
   61.000000000000000       2.99255509159943218E-004
   61.250000000000000       2.53230861772516642E-004
   61.500000000000000       2.14065626425102021E-004
   61.750000000000000       1.80773497444539077E-004
   62.000000000000000       1.52504199656095180E-004
   62.250000000000000       1.28525641304369547E-004
   62.500000000000000       1.08208264856564135E-004
   62.750000000000000       9.10113481989276038E-005
   63.000000000000000       7.64710325228719215E-005
   63.250000000000000       6.41898755484300267E-005
   63.500000000000000       5.38277495075851242E-005
   63.750000000000000       4.50939224543934729E-005
   64.000000000000000       3.77401789891948386E-005
   64.250000000000000       3.15548524277499447E-005
   64.500000000000000       2.63576548863411486E-005
   64.750000000000000       2.19952047800274810E-005
   65.000000000000000       1.83371629410669136E-005
   65.250000000000000       1.52728990588882526E-005
   65.500000000000000       1.27086195223719737E-005
   65.750000000000000       1.05648961072125687E-005
   66.000000000000000       8.77454238902704909E-006
   66.250000000000000       7.28079136456406914E-006
   66.500000000000000       6.03573361094222021E-006
   66.750000000000000       4.99898048236114440E-006
   67.000000000000000       4.13652140521629045E-006
   67.250000000000000       3.41974835016371654E-006
   67.500000000000000       2.82462409194523907E-006
   67.750000000000000       2.33097396787603441E-006
   68.000000000000000       1.92188356198434985E-006
   68.250000000000000       1.58318711737366573E-006
   68.500000000000000       1.30303355362406032E-006
   68.750000000000000       1.07151877414825718E-006
   69.000000000000000       8.80374521898108164E-007
   69.250000000000000       7.22705408864617255E-007
   69.500000000000000       5.92766930568481465E-007
   69.750000000000000       4.85778303570956360E-007
   70.000000000000000       3.97764851813818778E-007
   70.250000000000000       3.25425433926631730E-007
   70.500000000000000       2.66021064086032069E-007
   70.750000000000000       2.17281447311301872E-007
   71.000000000000000       1.77326638328774906E-007
   71.250000000000000       1.44601451964286058E-007
   71.500000000000000       1.17820611750350474E-007
   71.750000000000000       9.59229302228142292E-008
   72.000000000000000       7.80330763583625992E-008
   72.250000000000000       6.34297089841207224E-008
   72.500000000000000       5.15189451815013649E-008
   72.750000000000000       4.18122944053506992E-008
   73.000000000000000       3.39083263180979092E-008
   73.250000000000000       2.74774567203659842E-008
   73.500000000000000       2.22493344875561913E-008
   73.750000000000000       1.80023957200649070E-008
   74.000000000000000       1.45552216411918225E-008
   74.250000000000000       1.17593960715548388E-008
   74.500000000000000       9.49360823591082341E-009
   74.750000000000000       7.65878864242074811E-009
   75.000000000000000       6.17410103344036891E-009
   75.250000000000000       4.97364298016380103E-009
   75.500000000000000       4.00373246639152656E-009
   75.750000000000000       3.22067853258787999E-009
   76.000000000000000       2.58895136998892027E-009
   76.250000000000000       2.07968170833904404E-009
   76.500000000000000       1.66943138923860990E-009
   76.750000000000000       1.33918704845020753E-009
   77.000000000000000       1.07353717271040555E-009
   77.250000000000000       8.59999726021484969E-010
   77.500000000000000       6.88473289720330727E-010
   77.750000000000000       5.50789425421152330E-010
   78.000000000000000       4.40347914385661905E-010
   78.250000000000000       3.51819788622092644E-010
   78.500000000000000       2.80905763276940204E-010
   78.750000000000000       2.24139902996282925E-010
   79.000000000000000       1.78730187336071900E-010
   79.250000000000000       1.42429149072274531E-010
   79.500000000000000       1.13429000270177577E-010
   79.750000000000000       9.02766806899065069E-011
   80.000000000000000       7.18051001418567033E-011
   80.250000000000000       5.70775327994990345E-011
   80.500000000000000       4.53426837816033353E-011
   80.750000000000000       3.59984085134731831E-011
   81.000000000000000       2.85624416438815439E-011
   81.250000000000000       2.26487996436957633E-011
   81.500000000000000       1.79487720291720611E-011
   81.750000000000000       1.42156206442955629E-011
   82.000000000000000       1.12522730043269400E-011
   82.250000000000000       8.90143125577321851E-012
   82.500000000000000       7.03762852137915998E-012
   82.750000000000000       5.56085392908959460E-012
   83.000000000000000       4.39144028829436832E-012
   83.250000000000000       3.46596730062625658E-012
   83.500000000000000       2.73398093294094737E-012
   83.750000000000000       2.15536822629695550E-012
   84.000000000000000       1.69825807257386853E-012
   84.250000000000000       1.33734375106820216E-012
   84.500000000000000       1.05254341459193717E-012
   84.750000000000000       8.27931171060467574E-013
   85.000000000000000       6.50884672766634886E-013
   85.250000000000000       5.11405811256518777E-013
   85.500000000000000       4.01579715922819785E-013
   85.750000000000000       3.15144170534762423E-013
   86.000000000000000       2.47147119181758255E-013
   86.250000000000000       1.93674394813735546E-013
   86.500000000000000       1.51633382649395185E-013
   86.750000000000000       1.18581199238733092E-013
   87.000000000000000       9.25882647731977847E-014
   87.250000000000000       7.21299832993074599E-014
   87.500000000000000       5.60007129734491056E-014
   87.750000000000000       4.32453789031041559E-014
   88.000000000000000       3.31050126577206422E-014
   88.250000000000000       2.49732418191156269E-014
   88.500000000000000       1.83613371985633668E-014
   88.750000000000000       1.28698841622263233E-014
   89.000000000000000       8.16550123876464109E-015
   89.250000000000000       3.96130208657476863E-015
   89.500000000000000        0.0000000000000000     
