  -10.500000000000000        0.0000000000000000     
  -10.250000000000000       3.24837239511923905E-005
  -10.000000000000000       5.03363314010354121E-006
  -9.7500000000000000      -8.73028153946632464E-005
  -9.5000000000000000      -4.46193419929159346E-005
  -9.2500000000000000      -9.86904118426552130E-006
  -9.0000000000000000       5.62102387873838198E-005
  -8.7500000000000000       2.99021457244270416E-005
  -8.5000000000000000       3.13020264030175349E-005
  -8.2500000000000000       9.74121874836419283E-005
  -8.0000000000000000       1.11148856245146279E-004
  -7.7500000000000000       6.32254628382581356E-005
  -7.5000000000000000       2.38573222493424977E-005
  -7.2500000000000000       1.00997755137623143E-005
  -7.0000000000000000       2.86577018867237468E-005
  -6.7500000000000000       1.57896613759979276E-005
  -6.5000000000000000      -1.34312494786764116E-004
  -6.2500000000000000      -2.69454064563031108E-004
  -6.0000000000000000      -3.21391073661410820E-004
  -5.7500000000000000      -1.92270426704243256E-004
  -5.5000000000000000       9.68505963578077468E-006
  -5.2500000000000000       9.89357807925199948E-005
  -5.0000000000000000       4.79517571445806226E-005
  -4.7500000000000000      -4.75357211260685658E-005
  -4.5000000000000000      -2.02475244873422810E-005
  -4.2500000000000000       1.64645992885834605E-004
  -4.0000000000000000       4.10146141169105986E-004
  -3.7500000000000000       5.46323171437538570E-004
  -3.5000000000000000       4.35636980374051568E-004
  -3.2500000000000000       1.32107430030626574E-004
  -3.0000000000000000      -1.46292273813831134E-004
  -2.7500000000000000      -3.06863228159018364E-004
  -2.5000000000000000      -2.38390907935134058E-004
  -2.2500000000000000      -1.61189760907748137E-004
  -2.0000000000000000      -1.93102968583875006E-004
  -1.7500000000000000      -2.74407008580389549E-004
  -1.5000000000000000      -4.15746307908975484E-004
  -1.2500000000000000      -3.52964769081980979E-004
  -1.0000000000000000      -1.54676881314746843E-004
 -0.75000000000000000       3.76391053586683737E-005
 -0.50000000000000000       7.91281765113523606E-005
 -0.25000000000000000      -5.90692136106659257E-005
   0.0000000000000000      -1.59038055453714013E-004
  0.25000000000000000       1.33595393546692289E-005
  0.50000000000000000       3.80356844775623141E-004
  0.75000000000000000       6.37382269530374613E-004
   1.0000000000000000       7.02240354331487679E-004
   1.2500000000000000       4.97282185039299679E-004
   1.5000000000000000       3.20419800685093216E-004
   1.7500000000000000       2.63234424018684578E-004
   2.0000000000000000       2.23824192701533648E-004
   2.2500000000000000       1.73964740702238073E-004
   2.5000000000000000      -6.82225698334058692E-005
   2.7500000000000000      -3.79792998180420913E-004
   3.0000000000000000      -5.98379030391981261E-004
   3.2500000000000000      -6.22276920214904876E-004
   3.5000000000000000      -4.74612984851807218E-004
   3.7500000000000000      -3.33478275592452675E-004
   4.0000000000000000      -3.49605480262837106E-004
   4.2500000000000000      -4.89467294193589569E-004
   4.5000000000000000      -6.26668323999478869E-004
   4.7500000000000000      -5.95918472069026199E-004
   5.0000000000000000      -3.75844506526713383E-004
   5.2500000000000000      -7.33693317657365551E-005
   5.5000000000000000       1.58802779408714477E-004
   5.7500000000000000       2.03778483339923098E-004
   6.0000000000000000       2.53131263970730555E-004
   6.2500000000000000       3.98984515428596573E-004
   6.5000000000000000       7.07761458956923575E-004
   6.7500000000000000       1.03299069947831394E-003
   7.0000000000000000       1.16435465743346903E-003
   7.2500000000000000       1.10075359188853720E-003
   7.5000000000000000       9.37549953640004182E-004
   7.7500000000000000       7.68185762392365606E-004
   8.0000000000000000       6.55230616959227548E-004
   8.2500000000000000       5.15158450677621134E-004
   8.5000000000000000       2.10288805429657041E-004
   8.7500000000000000      -9.60368449852404152E-005
   9.0000000000000000      -4.67671105871050494E-004
   9.2500000000000000      -7.60070761429642704E-004
   9.5000000000000000      -9.70989489631631582E-004
   9.7500000000000000      -1.06464579952443334E-003
   10.000000000000000      -1.07132712191903754E-003
   10.250000000000000      -1.17238836999067559E-003
   10.500000000000000      -1.33868445470877034E-003
   10.750000000000000      -1.38425430191737664E-003
   11.000000000000000      -1.22839689117008248E-003
   11.250000000000000      -1.00011311336101281E-003
   11.500000000000000      -8.69829428838716405E-004
   11.750000000000000      -8.41652958198960089E-004
   12.000000000000000      -7.72659290897893315E-004
   12.250000000000000      -5.53954077740128085E-004
   12.500000000000000      -2.14091261395250979E-004
   12.750000000000000       1.40906395505095385E-004
   13.000000000000000       4.43762792296566243E-004
   13.250000000000000       7.13047909228518286E-004
   13.500000000000000       1.01025027729712718E-003
   13.750000000000000       1.37013402484048217E-003
   14.000000000000000       1.76840434864477267E-003
   14.250000000000000       2.14090478267443081E-003
   14.500000000000000       2.42618215825868505E-003
   14.750000000000000       2.59578794715117087E-003
   15.000000000000000       2.65599683167314212E-003
   15.250000000000000       2.62820581609212725E-003
   15.500000000000000       2.52657811222303406E-003
   15.750000000000000       2.34778063634513007E-003
   16.000000000000000       2.07624025905563288E-003
   16.250000000000000       1.69832851527106587E-003
   16.500000000000000       1.21537764034685986E-003
   16.750000000000000       6.48325732260555737E-004
   17.000000000000000       3.27143789255176305E-005
   17.250000000000000      -5.92130246394280044E-004
   17.500000000000000      -1.19389828155880241E-003
   17.750000000000000      -1.75345898845072411E-003
   18.000000000000000      -2.26477942444426204E-003
   18.250000000000000      -2.73000089493007992E-003
   18.500000000000000      -3.15279743230877790E-003
   18.750000000000000      -3.53318525918547375E-003
   19.000000000000000      -3.86570041546152642E-003
   19.250000000000000      -4.14110335344561407E-003
   19.500000000000000      -4.35029811291229394E-003
   19.750000000000000      -4.48846975682492405E-003
   20.000000000000000      -4.55764069531247248E-003
   20.250000000000000      -4.56667825804104276E-003
   20.500000000000000      -4.52883809376645671E-003
   20.750000000000000      -4.45779970058436323E-003
   21.000000000000000      -4.36358025361687375E-003
   21.250000000000000      -4.24962962482829977E-003
   21.500000000000000      -4.11191578986656002E-003
   21.750000000000000      -3.94012005200382234E-003
   22.000000000000000      -3.72041743984923359E-003
   22.250000000000000      -3.43890916069345071E-003
   22.500000000000000      -3.08468922456787541E-003
   22.750000000000000      -2.65174404595307830E-003
   23.000000000000000      -2.13929700813127828E-003
   23.250000000000000      -1.55067810007545725E-003
   23.500000000000000      -8.91189070298958733E-004
   23.750000000000000      -1.65655348041524107E-004
   24.000000000000000       6.23628267321299089E-004
   24.250000000000000       1.47802007040795250E-003
   24.500000000000000       2.40247386081340235E-003
   24.750000000000000       3.40437771796243873E-003
   25.000000000000000       4.49164025787393128E-003
   25.250000000000000       5.67053803642886007E-003
   25.500000000000000       6.94386080984167337E-003
   25.750000000000000       8.30978405412475390E-003
   26.000000000000000       9.76169840749169238E-003
   26.250000000000000       1.12889873561278914E-002
   26.500000000000000       1.28785236327530039E-002
   26.750000000000000       1.45164984189604905E-002
   27.000000000000000       1.61901354422558201E-002
   27.250000000000000       1.78888830004601054E-002
   27.500000000000000       1.96048076179746664E-002
   27.750000000000000       2.13321020309171390E-002
   28.000000000000000       2.30658251488383911E-002
   28.250000000000000       2.48001687392460229E-002
   28.500000000000000       2.65266589862659490E-002
   28.750000000000000       2.82327298153329936E-002
   29.000000000000000       2.99010457748043398E-002
   29.250000000000000       3.15098189001929707E-002
   29.500000000000000       3.30341828307549948E-002
   29.750000000000000       3.44484926056410970E-002
   30.000000000000000       3.57292460418684177E-002
   30.250000000000000       3.68582044523430713E-002
   30.500000000000000       3.78252491207632796E-002
   30.750000000000000       3.86305533719876054E-002
   31.000000000000000       3.92857691931809555E-002
   31.250000000000000       3.98140971931736989E-002
   31.500000000000000       4.02492936708219798E-002
   31.750000000000000       4.06338310089893046E-002
   32.000000000000000       4.10165367816135856E-002
   32.250000000000000       4.14500758432289548E-002
   32.500000000000000       4.19886074468294873E-002
   32.750000000000000       4.26858594210247494E-002
   33.000000000000000       4.35937358708535783E-002
   33.250000000000000       4.47614387626609073E-002
   33.500000000000000       4.62349597536361526E-002
   33.750000000000000       4.80567039189928116E-002
   34.000000000000000       5.02649524316583773E-002
   34.250000000000000       5.28928619153702928E-002
   34.500000000000000       5.59667351931013440E-002
   34.750000000000000       5.95033802236261677E-002
   35.000000000000000       6.35064988769314803E-002
   35.250000000000000       6.79622118644488959E-002
   35.500000000000000       7.28340256824885068E-002
   35.750000000000000       7.80577716904416186E-002
   36.000000000000000       8.35372758318239234E-002
   36.250000000000000       8.91417130529397611E-002
   36.500000000000000       9.47057062072985817E-002
   36.750000000000000       0.10003317163523023     
   37.000000000000000       0.10490561859240810     
   37.250000000000000       0.10909503372400907     
   37.500000000000000       0.11238065281076307     
   37.750000000000000       0.11456797322887753     
   38.000000000000000       0.11550753031464792     
   38.250000000000000       0.11511053662161518     
   38.500000000000000       0.11335869300731437     
   38.750000000000000       0.11030637456782900     
   39.000000000000000       0.10607478353891515     
   39.250000000000000       0.10083916457665351     
   39.500000000000000       9.48113686544035938E-002
   39.750000000000000       8.82206282819367749E-002
   40.000000000000000       8.12952964432663017E-002
   40.250000000000000       7.42476538212226700E-002
   40.500000000000000       6.72629768338687262E-002
   40.750000000000000       6.04931579404210037E-002
   41.000000000000000       5.40544698380950733E-002
   41.250000000000000       4.80286440991621322E-002
   41.500000000000000       4.24662771304316691E-002
   41.750000000000000       3.73916145731629374E-002
   42.000000000000000       3.28079183174118869E-002
   42.250000000000000       2.87028184893767940E-002
   42.500000000000000       2.50532481290367780E-002
   42.750000000000000       2.18297246083908013E-002
   43.000000000000000       1.89998696256474288E-002
   43.250000000000000       1.65311497531222089E-002
   43.500000000000000       1.43928780487963016E-002
   43.750000000000000       1.25575516936277214E-002
   44.000000000000000       1.10016179770558546E-002
   44.250000000000000       9.70576681150470480E-003
   44.500000000000000       8.65484638070052915E-003
   44.750000000000000       7.83749230489185107E-003
   45.000000000000000       7.24555170879058724E-003
   45.250000000000000       6.87337309211719268E-003
   45.500000000000000       6.71702187725865298E-003
   45.750000000000000       6.77347069997065541E-003
   46.000000000000000       7.03980354093762008E-003
   46.250000000000000       7.51246416379840101E-003
   46.500000000000000       8.18657237261957021E-003
   46.750000000000000       9.05532649125632798E-003
   47.000000000000000       1.01095071588096046E-002
   47.250000000000000       1.13370957820602709E-002
   47.500000000000000       1.27230203453451082E-002
   47.750000000000000       1.42490411467518542E-002
   48.000000000000000       1.58937886929479480E-002
   48.250000000000000       1.76329646928299714E-002
   48.500000000000000       1.94397141481488130E-002
   48.750000000000000       2.12851714184416341E-002
   49.000000000000000       2.31391755905841802E-002
   49.250000000000000       2.49711406495671077E-002
   49.500000000000000       2.67510544240236250E-002
   49.750000000000000       2.84505681312340296E-002
   50.000000000000000       3.00441270240428583E-002
   50.250000000000000       3.15100838121088744E-002
   50.500000000000000       3.28317318104176456E-002
   50.750000000000000       3.39981954208018536E-002
   51.000000000000000       3.50051221876194821E-002
   51.250000000000000       3.58551330372685120E-002
   51.500000000000000       3.65580042455551160E-002
   51.750000000000000       3.71305742166598562E-002
   52.000000000000000       3.75963878438528645E-002
   52.250000000000000       3.79851085041045811E-002
   52.500000000000000       3.83317403996412745E-002
   52.750000000000000       3.86757104697661239E-002
   53.000000000000000       3.90598588201848396E-002
   53.250000000000000       3.95293798447103606E-002
   53.500000000000000       4.01307440377019903E-002
   53.750000000000000       4.09106145860270859E-002
   54.000000000000000       4.19147551877311203E-002
   54.250000000000000       4.31869082943283147E-002
   54.500000000000000       4.47676082388639429E-002
   54.750000000000000       4.66928835933495961E-002
   55.000000000000000       4.89927997241515756E-002
   55.250000000000000       5.16897981054649791E-002
   55.500000000000000       5.47968058345438824E-002
   55.750000000000000       5.83151192370688284E-002
   56.000000000000000       6.22321112343779612E-002
   56.250000000000000       6.65188737412765740E-002
   56.500000000000000       7.11279817215274973E-002
   56.750000000000000       7.59916485246622669E-002
   57.000000000000000       8.10206210344459332E-002
   57.250000000000000       8.61042197736315434E-002
   57.500000000000000       9.11119395339931998E-002
   57.750000000000000       9.58969642915730031E-002
   58.000000000000000       0.10030179499505218     
   58.250000000000000       0.10416593417099708     
   58.500000000000000       0.10733523672439971     
   58.750000000000000       0.10967217344651138     
   59.000000000000000       0.11106594268932295     
   59.250000000000000       0.11144119775976136     
   59.500000000000000       0.11076420642386504     
   59.750000000000000       0.10904554931493768     
   60.000000000000000       0.10633895335647769     
   60.250000000000000       0.10273643991834971     
   60.500000000000000       9.83605097435979181E-002
   60.750000000000000       9.33544657175513770E-002
   61.000000000000000       8.78721204514742310E-002
   61.250000000000000       8.20680471523757421E-002
   61.500000000000000       7.60892667432064573E-002
   61.750000000000000       7.00689098601375571E-002
   62.000000000000000       6.41220367654579126E-002
   62.250000000000000       5.83435056725903969E-002
   62.500000000000000       5.28075825917360131E-002
   62.750000000000000       4.75688865536933736E-002
   63.000000000000000       4.26642464605518357E-002
   63.250000000000000       3.81150846717077801E-002
   63.500000000000000       3.39300123892648658E-002
   63.750000000000000       3.01074023344465071E-002
   64.000000000000000       2.66377810125860495E-002
   64.250000000000000       2.35059481489162114E-002
   64.500000000000000       2.06927815585351005E-002
   64.750000000000000       1.81767219023354770E-002
   65.000000000000000       1.59349553554396992E-002
   65.250000000000000       1.39443257730240792E-002
   65.500000000000000       1.21820141263489570E-002
   65.750000000000000       1.06260241329704935E-002
   66.000000000000000       9.25551099464040974E-003
   66.250000000000000       8.05098638624555593E-003
   66.500000000000000       6.99442829190394938E-003
   66.750000000000000       6.06931960411444781E-003
   67.000000000000000       5.26063497766830063E-003
   67.250000000000000       4.55479146958479627E-003
   67.500000000000000       3.93957508556490397E-003
   67.750000000000000       3.40405250150414796E-003
   68.000000000000000       2.93847490002218260E-003
   68.250000000000000       2.53417899867055055E-003
   68.500000000000000       2.18348888196213693E-003
   68.750000000000000       1.87962111732245789E-003
   69.000000000000000       1.61659477420549795E-003
   69.250000000000000       1.38914732196261030E-003
   69.500000000000000       1.19265690964042120E-003
   69.750000000000000       1.02307119156476141E-003
   70.000000000000000       8.76842625308962452E-004
   70.250000000000000       7.50870008614203154E-004
   70.500000000000000       6.42445919435078046E-004
   70.750000000000000       5.49209663259592694E-004
   71.000000000000000       4.69105302440873658E-004
   71.250000000000000       4.00344334520151123E-004
   71.500000000000000       3.41372593667330895E-004
   71.750000000000000       2.90840966389007338E-004
   72.000000000000000       2.47579535855561254E-004
   72.250000000000000       2.10574795897006063E-004
   72.500000000000000       1.78949603999634593E-004
   72.750000000000000       1.51945571168605505E-004
   73.000000000000000       1.28907614401560787E-004
   73.250000000000000       1.09270424157547236E-004
   73.500000000000000       9.25466242460626831E-005
   73.750000000000000       7.83164248097324353E-005
   74.000000000000000       6.62185904535823443E-005
   74.250000000000000       5.59425650864471387E-005
   74.500000000000000       4.72216127411959584E-005
   74.750000000000000       3.98268496193968986E-005
   75.000000000000000       3.35620569718970502E-005
   75.250000000000000       2.82591772987198933E-005
   75.500000000000000       2.37744078520606059E-005
   75.750000000000000       1.99848156759573063E-005
   76.000000000000000       1.67854075319772903E-005
   76.250000000000000       1.40865961522210201E-005
   76.500000000000000       1.18120114320091239E-005
   76.750000000000000       9.89661151984521204E-006
   77.000000000000000       8.28505436879347691E-006
   77.250000000000000       6.93029526068399998E-006
   77.500000000000000       5.79238017456548776E-006
   77.750000000000000       4.83740870859831727E-006
   78.000000000000000       4.03664363867090317E-006
   78.250000000000000       3.36574716000299489E-006
   78.500000000000000       2.80412645697068050E-006
   78.750000000000000       2.33437352346498576E-006
   79.000000000000000       1.94178614887233163E-006
   79.250000000000000       1.61395872674648687E-006
   79.500000000000000       1.34043306424798117E-006
   79.750000000000000       1.11240069696286694E-006
   80.000000000000000       9.22449369305894612E-007
   80.250000000000000       7.64347346223004022E-007
   80.500000000000000       6.32860095805541770E-007
   80.750000000000000       5.23594641050105697E-007
   81.000000000000000       4.32867536774093874E-007
   81.250000000000000       3.57592997359680081E-007
   81.500000000000000       2.95188193766971017E-007
   81.750000000000000       2.43493164004022197E-007
   82.000000000000000       2.00703148645572356E-007
   82.250000000000000       1.65311479671937216E-007
   82.500000000000000       1.36061423533218373E-007
   82.750000000000000       1.11905613779350325E-007
   83.000000000000000       9.19719099464766654E-008
   83.250000000000000       7.55346921194185584E-008
   83.500000000000000       6.19907485919907459E-008
   83.750000000000000       5.08390407122537221E-008
   84.000000000000000       4.16637372772377157E-008
   84.250000000000000       3.41200032922225698E-008
   84.500000000000000       2.79221067544825979E-008
   84.750000000000000       2.28334742842986502E-008
   85.000000000000000       1.86583835709383332E-008
   85.250000000000000       1.52350291653896810E-008
   85.500000000000000       1.24297393744926078E-008
   85.750000000000000       1.01321569603955846E-008
   86.000000000000000       8.25122594320297481E-009
   86.250000000000000       6.71185183182079350E-009
   86.500000000000000       5.45212374449500667E-009
   86.750000000000000       4.42100470517205699E-009
   87.000000000000000       3.57641140920801254E-009
   87.250000000000000       2.88361736395216044E-009
   87.500000000000000       2.31392388531249606E-009
   87.750000000000000       1.84355227526274421E-009
   88.000000000000000       1.45271787515882640E-009
   88.250000000000000       1.12485280292645764E-009
   88.500000000000000       8.45949220758511903E-010
   88.750000000000000       6.03999095495545277E-010
   89.000000000000000       3.88509731291494071E-010
   89.250000000000000       1.90076975025016471E-010
   89.500000000000000        0.0000000000000000     
