  -10.500000000000000        0.0000000000000000     
  -10.250000000000000       3.94756297767596970E-005
  -10.000000000000000       8.25790450480821231E-005
  -9.7500000000000000       2.28659346590190332E-005
  -9.5000000000000000      -1.65005573883780473E-004
  -9.2500000000000000      -1.04555471085136521E-004
  -9.0000000000000000      -3.77207110071793459E-005
  -8.7500000000000000       1.37042311085998250E-004
  -8.5000000000000000       2.23949450524105523E-004
  -8.2500000000000000       2.91269234255891939E-005
  -8.0000000000000000      -1.12060812889387145E-004
  -7.7500000000000000      -9.36598090660096557E-005
  -7.5000000000000000      -2.50635370698167510E-005
  -7.2500000000000000       9.15658490876063315E-005
  -7.0000000000000000       5.76274561499207148E-005
  -6.7500000000000000      -1.01299096403740819E-004
  -6.5000000000000000      -1.23262614382145324E-004
  -6.2500000000000000      -1.33977871257896444E-004
  -6.0000000000000000      -2.53069246089913718E-005
  -5.7500000000000000       1.18122113560946242E-004
  -5.5000000000000000       1.75377127906514317E-004
  -5.2500000000000000       1.71693909357702634E-004
  -5.0000000000000000       8.58457325263238487E-005
  -4.7500000000000000      -3.72549608000697532E-005
  -4.5000000000000000      -1.09692438791563800E-004
  -4.2500000000000000      -7.24533650244340926E-005
  -4.0000000000000000      -2.91263478194209687E-005
  -3.7500000000000000      -4.19607732162258470E-005
  -3.5000000000000000      -6.79549660259820066E-005
  -3.2500000000000000      -1.16980465834815608E-004
  -3.0000000000000000      -9.69655927395561589E-005
  -2.7500000000000000       6.47760944287197038E-005
  -2.5000000000000000       6.45591050360628854E-005
  -2.2500000000000000       9.99075139525614354E-005
  -2.0000000000000000       1.10957758271603739E-004
  -1.7500000000000000       3.00519501469359161E-005
  -1.5000000000000000       1.60470867214680208E-004
  -1.2500000000000000       1.13433915774565375E-004
  -1.0000000000000000      -2.89263610422485886E-005
 -0.75000000000000000      -1.19960995438922409E-004
 -0.50000000000000000      -2.07473845090821443E-004
 -0.25000000000000000      -1.12415150706601048E-004
   0.0000000000000000       6.40098585206760217E-005
  0.25000000000000000       9.05892584556079112E-006
  0.50000000000000000      -9.66843432907353410E-005
  0.75000000000000000      -9.56771072961674061E-005
   1.0000000000000000      -1.19764137934841284E-004
   1.2500000000000000       7.96853881514733044E-005
   1.5000000000000000       1.30131557778157176E-004
   1.7500000000000000       4.71284020978842588E-005
   2.0000000000000000       1.00950011918331841E-004
   2.2500000000000000       8.41852085796192826E-005
   2.5000000000000000       1.56948422977515442E-004
   2.7500000000000000       1.91251203157495061E-004
   3.0000000000000000       6.75235501408350246E-005
   3.2500000000000000      -6.29703863799193264E-005
   3.5000000000000000      -1.44791335696304810E-004
   3.7500000000000000      -1.83309147927250137E-004
   4.0000000000000000      -1.65806219150099195E-004
   4.2500000000000000      -1.64484559131055643E-004
   4.5000000000000000      -1.70766878352135313E-004
   4.7500000000000000      -1.29169032559758135E-004
   5.0000000000000000      -7.70376013749502762E-006
   5.2500000000000000       8.98936339227428456E-005
   5.5000000000000000       1.40193268098415475E-004
   5.7500000000000000       1.97797874648021561E-004
   6.0000000000000000       1.24057483108883635E-004
   6.2500000000000000       1.13257856058820880E-004
   6.5000000000000000       7.91747650988557420E-005
   6.7500000000000000       1.93743068079598001E-005
   7.0000000000000000       8.80683128654045748E-005
   7.2500000000000000       1.16985433829636974E-004
   7.5000000000000000       7.28163131105538305E-005
   7.7500000000000000       3.11485342640901969E-005
   8.0000000000000000      -1.12532103964994368E-004
   8.2500000000000000      -1.91139355784166099E-004
   8.5000000000000000      -1.21154210448285222E-004
   8.7500000000000000      -2.30839377494188432E-004
   9.0000000000000000      -2.03165192562591032E-004
   9.2500000000000000      -2.04223831825567749E-004
   9.5000000000000000      -2.30386950985180970E-004
   9.7500000000000000      -1.51035716892862775E-004
   10.000000000000000      -4.82435021127470363E-005
   10.250000000000000       1.28678008995956503E-004
   10.500000000000000       3.35226299212028681E-004
   10.750000000000000       4.09724385911964205E-004
   11.000000000000000       3.17675649110721510E-004
   11.250000000000000       2.07567349485987892E-004
   11.500000000000000       2.11905458379366797E-004
   11.750000000000000       2.66944409222479332E-004
   12.000000000000000       2.04370423915908802E-004
   12.250000000000000      -1.46133018946015795E-005
   12.500000000000000      -2.44953179382931859E-004
   12.750000000000000      -3.33245976298908171E-004
   13.000000000000000      -2.79231958267455469E-004
   13.250000000000000      -2.04863416420377219E-004
   13.500000000000000      -2.05484359300015548E-004
   13.750000000000000      -2.62485044575398404E-004
   14.000000000000000      -2.88173783320869723E-004
   14.250000000000000      -2.26615742526022220E-004
   14.500000000000000      -1.02743584679371543E-004
   14.750000000000000       1.19384041054539672E-005
   15.000000000000000       6.75145308213859831E-005
   15.250000000000000       7.24298185225983135E-005
   15.500000000000000       7.58647414457880168E-005
   15.750000000000000       1.21541184661975768E-004
   16.000000000000000       2.14249399931368690E-004
   16.250000000000000       3.20771880753908413E-004
   16.500000000000000       3.96933072008529323E-004
   16.750000000000000       4.16353628795423231E-004
   17.000000000000000       3.81264788320718247E-004
   17.250000000000000       3.12482837406425175E-004
   17.500000000000000       2.30114457163968180E-004
   17.750000000000000       1.39968798450724753E-004
   18.000000000000000       3.36750928859992380E-005
   18.250000000000000      -9.99117380549729718E-005
   18.500000000000000      -2.61147162266683419E-004
   18.750000000000000      -4.32895485897629459E-004
   19.000000000000000      -5.84340952648253285E-004
   19.250000000000000      -6.82482237279628985E-004
   19.500000000000000      -7.04701649532570593E-004
   19.750000000000000      -6.46190442906210234E-004
   20.000000000000000      -5.19502857108961958E-004
   20.250000000000000      -3.47706304775287833E-004
   20.500000000000000      -1.55301891064437510E-004
   20.750000000000000       3.86863934690301055E-005
   21.000000000000000       2.22936412618374386E-004
   21.250000000000000       3.91556974436965840E-004
   21.500000000000000       5.39632321160664103E-004
   21.750000000000000       6.59548802921627441E-004
   22.000000000000000       7.40214564875107950E-004
   22.250000000000000       7.69556849689576527E-004
   22.500000000000000       7.38997914588561920E-004
   22.750000000000000       6.47711369941167034E-004
   23.000000000000000       5.04636075512055740E-004
   23.250000000000000       3.27267710878132410E-004
   23.500000000000000       1.37618016756593125E-004
   23.750000000000000      -4.31719275507870699E-005
   24.000000000000000      -1.99659786200388924E-004
   24.250000000000000      -3.24804971349544353E-004
   24.500000000000000      -4.19853170829112771E-004
   24.750000000000000      -4.91733057105806469E-004
   25.000000000000000      -5.49091816950221913E-004
   25.250000000000000      -5.98419229701839897E-004
   25.500000000000000      -6.41509875463193110E-004
   25.750000000000000      -6.74922047870145239E-004
   26.000000000000000      -6.91356601931628957E-004
   26.250000000000000      -6.82262331228980327E-004
   26.500000000000000      -6.40664953661355821E-004
   26.750000000000000      -5.63275093586593136E-004
   27.000000000000000      -4.51288658933065385E-004
   27.250000000000000      -3.09795995921955715E-004
   27.500000000000000      -1.46185241234195824E-004
   27.750000000000000       3.17842616630557037E-005
   28.000000000000000       2.17522675691235001E-004
   28.250000000000000       4.06246473422631365E-004
   28.500000000000000       5.94544765050940369E-004
   28.750000000000000       7.79091091664172656E-004
   29.000000000000000       9.55009387962580400E-004
   29.250000000000000       1.11452269220790380E-003
   29.500000000000000       1.24643504616492795E-003
   29.750000000000000       1.33675473944435438E-003
   30.000000000000000       1.37043782059129930E-003
   30.250000000000000       1.33391017768376852E-003
   30.500000000000000       1.21780174781419264E-003
   30.750000000000000       1.01925442920774317E-003
   31.000000000000000       7.43259385587126593E-004
   31.250000000000000       4.02708034019430929E-004
   31.500000000000000       1.71383663207468051E-005
   31.750000000000000      -3.89555261740673711E-004
   32.000000000000000      -7.91975461973017992E-004
   32.250000000000000      -1.16608332145763096E-003
   32.500000000000000      -1.49156195982653528E-003
   32.750000000000000      -1.75332924800282973E-003
   33.000000000000000      -1.94205767633492477E-003
   33.250000000000000      -2.05377486468516978E-003
   33.500000000000000      -2.08879195154943386E-003
   33.750000000000000      -2.05030784428380597E-003
   34.000000000000000      -1.94305274759560978E-003
   34.250000000000000      -1.77227084871932014E-003
   34.500000000000000      -1.54322107693452646E-003
   34.750000000000000      -1.26122752823694026E-003
   35.000000000000000      -9.32171023713320238E-004
   35.250000000000000      -5.63209474688892422E-004
   35.500000000000000      -1.63466421352452112E-004
   35.750000000000000       2.55559465994277166E-004
   36.000000000000000       6.80042707272327353E-004
   36.250000000000000       1.09440972095971463E-003
   36.500000000000000       1.48240006834239753E-003
   36.750000000000000       1.82845293657680412E-003
   37.000000000000000       2.11918514755828720E-003
   37.250000000000000       2.34469852162946107E-003
   37.500000000000000       2.49947897579453401E-003
   37.750000000000000       2.58272153563835101E-003
   38.000000000000000       2.59801919431750872E-003
   38.250000000000000       2.55246783786527813E-003
   38.500000000000000       2.45534153113261553E-003
   38.750000000000000       2.31656322728948129E-003
   39.000000000000000       2.14522376738503174E-003
   39.250000000000000       1.94838436591708401E-003
   39.500000000000000       1.73034074895122669E-003
   39.750000000000000       1.49244323480913674E-003
   40.000000000000000       1.23347218714005974E-003
   40.250000000000000       9.50478606683672852E-004
   40.500000000000000       6.39929145328580677E-004
   40.750000000000000       2.98953499115698176E-004
   41.000000000000000      -7.35151818091921486E-005
   41.250000000000000      -4.75890229745910311E-004
   41.500000000000000      -9.03501700208291111E-004
   41.750000000000000      -1.34864606921835826E-003
   42.000000000000000      -1.80109860450047019E-003
   42.250000000000000      -2.24900285003556012E-003
   42.500000000000000      -2.68000017034343866E-003
   42.750000000000000      -3.08243446543511644E-003
   43.000000000000000      -3.44646493062926657E-003
   43.250000000000000      -3.76494089851762016E-003
   43.500000000000000      -4.03393205073253151E-003
   43.750000000000000      -4.25285756262646329E-003
   44.000000000000000      -4.42421154632303103E-003
   44.250000000000000      -4.55293256552779819E-003
   44.500000000000000      -4.64550630839797706E-003
   44.750000000000000      -4.70891858918211920E-003
   45.000000000000000      -4.74958830987842751E-003
   45.250000000000000      -4.77240627636689885E-003
   45.500000000000000      -4.77998708497279559E-003
   45.750000000000000      -4.77221063540256025E-003
   46.000000000000000      -4.74609152193205489E-003
   46.250000000000000      -4.69597376548981909E-003
   46.500000000000000      -4.61401032686171650E-003
   46.750000000000000      -4.49085616368520221E-003
   47.000000000000000      -4.31648352761855678E-003
   47.250000000000000      -4.08102032903543722E-003
   47.500000000000000      -3.77551659266296561E-003
   47.750000000000000      -3.39255869842108046E-003
   48.000000000000000      -2.92667364879627308E-003
   48.250000000000000      -2.37449292443416482E-003
   48.500000000000000      -1.73467441640050529E-003
   48.750000000000000      -1.00760853906553451E-003
   49.000000000000000      -1.94958442742969903E-004
   49.250000000000000       7.00897717020574230E-004
   49.500000000000000       1.67744366175921278E-003
   49.750000000000000       2.73253943796350962E-003
   50.000000000000000       3.86479729552642115E-003
   50.250000000000000       5.07375609388879996E-003
   50.500000000000000       6.35981121921816266E-003
   50.750000000000000       7.72388182577545945E-003
   51.000000000000000       9.16682485400975577E-003
   51.250000000000000       1.06886333865097473E-002
   51.500000000000000       1.22874831597886425E-002
   51.750000000000000       1.39587133310968350E-002
   52.000000000000000       1.56938440675563062E-002
   52.250000000000000       1.74797426269456616E-002
   52.500000000000000       1.92980500151590691E-002
   52.750000000000000       2.11249709230563361E-002
   53.000000000000000       2.29315096524192359E-002
   53.250000000000000       2.46842038879016325E-002
   53.500000000000000       2.63463672061348200E-002
   53.750000000000000       2.78798023793067687E-002
   54.000000000000000       2.92468949531303549E-002
   54.250000000000000       3.04129462842416126E-002
   54.500000000000000       3.13485645920420219E-002
   54.750000000000000       3.20319091711103315E-002
   55.000000000000000       3.24505827922447476E-002
   55.250000000000000       3.26029933393088486E-002
   55.500000000000000       3.24990562515282411E-002
   55.750000000000000       3.21601779900295356E-002
   56.000000000000000       3.16185373831792335E-002
   56.250000000000000       3.09157544792619844E-002
   56.500000000000000       3.01010944580780114E-002
   56.750000000000000       2.92293894145915258E-002
   57.000000000000000       2.83588701991830706E-002
   57.250000000000000       2.75490854927228565E-002
   57.500000000000000       2.68590511815031303E-002
   57.750000000000000       2.63457272226943796E-002
   58.000000000000000       2.60628691621370562E-002
   58.250000000000000       2.60602536947435251E-002
   58.500000000000000       2.63832365333256276E-002
   58.750000000000000       2.70725685765435715E-002
   59.000000000000000       2.81643733105911946E-002
   59.250000000000000       2.96901737370154697E-002
   59.500000000000000       3.16768496628318172E-002
   59.750000000000000       3.41464049637837663E-002
   60.000000000000000       3.71154293086475781E-002
   60.250000000000000       4.05941508824414418E-002
   60.500000000000000       4.45849983030992131E-002
   60.750000000000000       4.90806248925994490E-002
   61.000000000000000       5.40614012598028271E-002
   61.250000000000000       5.94924571511474057E-002
   61.500000000000000       6.53204532953990114E-002
   61.750000000000000       7.14703868074462734E-002
   62.000000000000000       7.78428704880201189E-002
   62.250000000000000       8.43124572261310934E-002
   62.500000000000000       9.07276731007138765E-002
   62.750000000000000       9.69134326899433463E-002
   63.000000000000000       0.10267638936011279     
   63.250000000000000       0.10781348446922957     
   63.500000000000000       0.11212349708917418     
   63.750000000000000       0.11542080820713979     
   64.000000000000000       0.11754999228807364     
   64.250000000000000       0.11839939583879097     
   64.500000000000000       0.11791172320277576     
   64.750000000000000       0.11608992993586681     
   65.000000000000000       0.11299741151205467     
   65.250000000000000       0.10875242260179806     
   65.500000000000000       0.10351762905115691     
   65.750000000000000       9.74864327275795778E-002
   66.000000000000000       9.08680526264909194E-002
   66.250000000000000       8.38732608432052051E-002
   66.500000000000000       7.67022505919149195E-002
   66.750000000000000       6.95355177861741169E-002
   67.000000000000000       6.25280346556183753E-002
   67.250000000000000       5.58065053580520110E-002
   67.500000000000000       4.94691773342126051E-002
   67.750000000000000       4.35875391501003850E-002
   68.000000000000000       3.82092307501434650E-002
   68.250000000000000       3.33615767038186323E-002
   68.500000000000000       2.90552811016034085E-002
   68.750000000000000       2.52879592520530751E-002
   69.000000000000000       2.20473043746688135E-002
   69.250000000000000       1.93137865426583066E-002
   69.500000000000000       1.70628537503565020E-002
   69.750000000000000       1.52666535047270430E-002
   70.000000000000000       1.38953223309093345E-002
   70.250000000000000       1.29179051045429944E-002
   70.500000000000000       1.23029707844926131E-002
   70.750000000000000       1.20189896393091897E-002
   71.000000000000000       1.20345321855974078E-002
   71.250000000000000       1.23183436472710725E-002
   71.500000000000000       1.28393409396740602E-002
   71.750000000000000       1.35665725737799270E-002
   72.000000000000000       1.44691756704062469E-002
   72.250000000000000       1.55163584313396195E-002
   72.500000000000000       1.66774307551326405E-002
   72.750000000000000       1.79218999854589348E-002
   73.000000000000000       1.92196428423907599E-002
   73.250000000000000       2.05411583021499998E-002
   73.500000000000000       2.18578995805745920E-002
   73.750000000000000       2.31426766183913286E-002
   74.000000000000000       2.43701138999924197E-002
   74.250000000000000       2.55171425328828728E-002
   74.500000000000000       2.65635008228697379E-002
   74.750000000000000       2.74922146514894918E-002
   75.000000000000000       2.82900282549623273E-002
   75.250000000000000       2.89477577893174146E-002
   75.500000000000000       2.94605443546648235E-002
   75.750000000000000       2.98279896549906512E-002
   76.000000000000000       3.00541656132395953E-002
   76.250000000000000       3.01474982445678850E-002
   76.500000000000000       3.01205349919856438E-002
   76.750000000000000       2.99896126321531308E-002
   77.000000000000000       2.97744489796179304E-002
   77.250000000000000       2.94976854003330506E-002
   77.500000000000000       2.91844083213985347E-002
   77.750000000000000       2.88616765170152736E-002
   78.000000000000000       2.85580772343051424E-002
   78.250000000000000       2.83033286456000795E-002
   78.500000000000000       2.81279392087732567E-002
   78.750000000000000       2.80629268133744357E-002
   79.000000000000000       2.81395925444800007E-002
   79.250000000000000       2.83893358523226412E-002
   79.500000000000000       2.88434900979688061E-002
   79.750000000000000       2.95331499828241743E-002
   80.000000000000000       3.04889553516898733E-002
   80.250000000000000       3.17407894143743319E-002
   80.500000000000000       3.33173438291661655E-002
   80.750000000000000       3.52454988603170677E-002
   81.000000000000000       3.75494648721002300E-002
   81.250000000000000       4.02496331680395475E-002
   81.500000000000000       4.33610916287450743E-002
   81.750000000000000       4.68917763431215898E-002
   82.000000000000000       5.08402575089358863E-002
   82.250000000000000       5.51931993851719621E-002
   82.500000000000000       5.99225923622226306E-002
   82.750000000000000       6.49829306509274313E-002
   83.000000000000000       7.03085983534298548E-002
   83.250000000000000       7.58118207434143737E-002
   83.500000000000000       8.13816199796616874E-002
   83.750000000000000       8.68842607738270628E-002
   84.000000000000000       9.21656514172685681E-002
   84.250000000000000       9.70560488666254162E-002
   84.500000000000000       0.10137718371565531     
   84.750000000000000       0.10495157623761288     
   85.000000000000000       0.10761339847571985     
   85.250000000000000       0.10921982893501840     
   85.500000000000000       0.10966155229084526     
   85.750000000000000       0.10887098112726665     
   86.000000000000000       0.10682698320518845     
   86.250000000000000       0.10355537488627230     
   86.500000000000000       9.91250947132072957E-002
   86.750000000000000       9.36406479928575119E-002
   87.000000000000000       8.72319529083568496E-002
   87.250000000000000       8.00430067986780958E-002
   87.500000000000000       7.22207930299338524E-002
   87.750000000000000       6.39056094305283096E-002
   88.000000000000000       5.52236154196884543E-002
   88.250000000000000       4.62819757918541755E-002
   88.500000000000000       3.71666126490901652E-002
   88.750000000000000       2.79423131799098022E-002
   89.000000000000000       1.86547913788064797E-002
   89.250000000000000       9.33424963856609169E-003
   89.500000000000000        0.0000000000000000     
