 -0.25000000000000000      -4.95260103571475152E-004
  0.25000000000000000      -4.95260103571475152E-004
  0.75000000000000000      -4.39412297682454614E-004
   1.2500000000000000      -3.19448677869276507E-004
   1.7500000000000000      -1.22792071055018246E-004
   2.2500000000000000       1.63344865260936793E-004
   2.7500000000000000       5.39801367026503825E-004
   3.2500000000000000       9.89900793983543130E-004
   3.7500000000000000       1.46570794470961318E-003
   4.2500000000000000       1.89354767512501230E-003
   4.7500000000000000       2.18303454684844883E-003
   5.2500000000000000       2.25834595100663643E-003
   5.7500000000000000       2.09193391315660440E-003
   6.2500000000000000       1.71596400455209064E-003
   6.7500000000000000       1.22468553511471522E-003
   7.2500000000000000       7.27884327487986855E-004
   7.7500000000000000       3.10535603102656379E-004
   8.2500000000000000       1.56178657838316136E-005
   8.7500000000000000      -1.63925489353174180E-004
   9.2500000000000000      -2.55607023424076515E-004
   9.7500000000000000      -2.84381392013082586E-004
   10.250000000000000      -2.76611862613391482E-004
   10.750000000000000      -2.52443419314083328E-004
   11.250000000000000      -2.19263123005900798E-004
   11.750000000000000      -1.82060486141309935E-004
   12.250000000000000      -1.48396288895056877E-004
   12.750000000000000      -1.21965901307571263E-004
   13.250000000000000      -1.00222063497678853E-004
   13.750000000000000      -7.96130356289468261E-005
   14.250000000000000      -5.97486898667524123E-005
   14.750000000000000      -4.18686690025364940E-005
   15.250000000000000      -2.66861601836235353E-005
   15.750000000000000      -1.34364332669241299E-005
   16.250000000000000      -1.62530972766759130E-006
   16.750000000000000       9.75889734323966550E-006
   17.250000000000000       2.17631121443421234E-005
   17.750000000000000       3.53867698564266036E-005
   18.250000000000000       5.11885562860175199E-005
   18.750000000000000       7.05307281371009921E-005
   19.250000000000000       9.47952888402383241E-005
   19.750000000000000       1.25131907418311584E-004
   20.250000000000000       1.64249820657209661E-004
   20.750000000000000       2.14247514835020492E-004
   21.250000000000000       2.78602414463336237E-004
   21.750000000000000       3.62001744595467998E-004
   22.250000000000000       4.69448249177853666E-004
   22.750000000000000       6.08446622989770891E-004
   23.250000000000000       7.88573693425539523E-004
   23.750000000000000       1.02129456995646685E-003
   24.250000000000000       1.32210244678843993E-003
   24.750000000000000       1.71105883071531783E-003
   25.250000000000000       2.21262862729912921E-003
   25.750000000000000       2.85798169160714557E-003
   26.250000000000000       3.68827956294074961E-003
   26.750000000000000       4.75663086882916267E-003
   27.250000000000000       6.12831314607568262E-003
   27.750000000000000       7.88080229793240196E-003
   28.250000000000000       1.01078325805009830E-002
   28.750000000000000       1.29250362633029706E-002
   29.250000000000000       1.64675760334110979E-002
   29.750000000000000       2.08767582490125003E-002
   30.250000000000000       2.62942889916777320E-002
   30.750000000000000       3.28475245575772651E-002
   31.250000000000000       4.06029136521529194E-002
   31.750000000000000       4.95110461642164629E-002
   32.250000000000000       5.93487941733719659E-002
   32.750000000000000       6.96289522988861043E-002
   33.250000000000000       7.95661107866177941E-002
   33.750000000000000       8.81631412654183544E-002
   34.250000000000000       9.43813797877509353E-002
   34.750000000000000       9.74152556984981127E-002
   35.250000000000000       9.69056458321334302E-002
   35.750000000000000       9.30044773913520362E-002
   36.250000000000000       8.63207082642250961E-002
   36.750000000000000       7.77098722710810597E-002
   37.250000000000000       6.80980222219637887E-002
   37.750000000000000       5.82949758586901318E-002
   38.250000000000000       4.89212925373762597E-002
   38.750000000000000       4.03779652100565573E-002
   39.250000000000000       3.28727718710645003E-002
   39.750000000000000       2.64664581587550907E-002
   40.250000000000000       2.11174785113264277E-002
   40.750000000000000       1.67290000400420885E-002
   41.250000000000000       1.31773185890932641E-002
   41.750000000000000       1.03318474004725110E-002
   42.250000000000000       8.07412465258060437E-003
   42.750000000000000       6.28932593773027897E-003
   43.250000000000000       4.89217489111190128E-003
   43.750000000000000       3.79503673176601226E-003
   44.250000000000000       2.94343354484329122E-003
   44.750000000000000       2.27894126180351424E-003
   45.250000000000000       1.76229403601502145E-003
   45.750000000000000       1.36510061948678365E-003
   46.250000000000000       1.05279692114112382E-003
   46.750000000000000       8.14321792752976557E-004
   47.250000000000000       6.30467054754532729E-004
   47.750000000000000       4.84174214345267206E-004
   48.250000000000000       3.75244602827207695E-004
   48.750000000000000       2.91369475089486287E-004
   49.250000000000000       2.22070325825045106E-004
   49.750000000000000       1.71440904598995210E-004
   50.250000000000000       1.35440964341489818E-004
   50.750000000000000       1.03636197664446600E-004
   51.250000000000000       7.66697838667706132E-005
   51.750000000000000       5.97058381609333571E-005
   52.250000000000000       4.98861140618058409E-005
   52.750000000000000       4.02708974200344222E-005
   53.250000000000000       2.85051650533607619E-005
   53.750000000000000       1.70413834196011174E-005
   54.250000000000000       8.57284012890920028E-006
   54.750000000000000       3.65745221056033833E-006
   55.250000000000000       1.33689159931802993E-006
   55.750000000000000       4.22716526836305289E-007
   56.250000000000000       1.16578559993760404E-007
   56.750000000000000       2.82338388001980086E-008
   57.250000000000000       6.03830126572427342E-009
   57.750000000000000       1.14547945794948516E-009
   58.250000000000000       1.93424432998677037E-010
   58.750000000000000       2.91510627064511496E-011
   59.250000000000000       3.92887656244239316E-012
   59.750000000000000       4.74152914086966825E-013
   60.250000000000000       5.12744942230129255E-014
   60.750000000000000       4.96884264320470169E-015
   61.250000000000000       4.31280419281625002E-016
   61.750000000000000       3.34910143693509783E-017
   62.250000000000000       2.32268562590098341E-018
   62.750000000000000       1.43503668646923504E-019
   63.250000000000000       7.87240910785646606E-021
   63.750000000000000       3.81829871151260895E-022
   64.250000000000000       1.62851936641938089E-023
   64.750000000000000       6.06589378887485028E-025
   65.250000000000000       1.95609737322882506E-026
   65.750000000000000       5.40040750618602888E-028
   66.250000000000000       1.25797155130346426E-029
   66.750000000000000       2.42462528088459107E-031
   67.250000000000000       3.76323535630942467E-033
   67.750000000000000       4.51975015811450917E-035
   68.250000000000000       3.94160983079426340E-037
   68.750000000000000       2.22056491738567805E-039
   69.250000000000000       6.06599978329778314E-042
   69.750000000000000        0.0000000000000000     
   70.250000000000000        0.0000000000000000     
   70.750000000000000        0.0000000000000000     
   71.250000000000000        0.0000000000000000     
   71.750000000000000        0.0000000000000000     
   72.250000000000000        0.0000000000000000     
   72.750000000000000        0.0000000000000000     
   73.250000000000000        0.0000000000000000     
   73.750000000000000        0.0000000000000000     
   74.250000000000000        0.0000000000000000     
   74.750000000000000        0.0000000000000000     
   75.250000000000000        0.0000000000000000     
   75.750000000000000        0.0000000000000000     
   76.250000000000000        0.0000000000000000     
   76.750000000000000        0.0000000000000000     
   77.250000000000000        0.0000000000000000     
   77.750000000000000        0.0000000000000000     
   78.250000000000000        0.0000000000000000     
   78.750000000000000        0.0000000000000000     
   79.250000000000000        0.0000000000000000     
   79.750000000000000        0.0000000000000000     
   80.250000000000000        0.0000000000000000     
   80.750000000000000        0.0000000000000000     
   81.250000000000000        0.0000000000000000     
   81.750000000000000        0.0000000000000000     
   82.250000000000000        0.0000000000000000     
   82.750000000000000        0.0000000000000000     
   83.250000000000000        0.0000000000000000     
   83.750000000000000        0.0000000000000000     
   84.250000000000000        0.0000000000000000     
   84.750000000000000        0.0000000000000000     
   85.250000000000000        0.0000000000000000     
   85.750000000000000        0.0000000000000000     
   86.250000000000000        0.0000000000000000     
   86.750000000000000        0.0000000000000000     
   87.250000000000000        0.0000000000000000     
   87.750000000000000        0.0000000000000000     
   88.250000000000000        0.0000000000000000     
   88.750000000000000        0.0000000000000000     
   89.250000000000000        0.0000000000000000     
   89.750000000000000        0.0000000000000000     
   90.250000000000000        0.0000000000000000     
   90.750000000000000        0.0000000000000000     
   91.250000000000000        0.0000000000000000     
   91.750000000000000        0.0000000000000000     
   92.250000000000000        0.0000000000000000     
   92.750000000000000        0.0000000000000000     
   93.250000000000000        0.0000000000000000     
   93.750000000000000        0.0000000000000000     
   94.250000000000000        0.0000000000000000     
   94.750000000000000        0.0000000000000000     
   95.250000000000000        0.0000000000000000     
   95.750000000000000        0.0000000000000000     
   96.250000000000000        0.0000000000000000     
   96.750000000000000        0.0000000000000000     
   97.250000000000000        0.0000000000000000     
   97.750000000000000        0.0000000000000000     
   98.250000000000000        0.0000000000000000     
   98.750000000000000        0.0000000000000000     
   99.250000000000000        0.0000000000000000     
   99.750000000000000        0.0000000000000000     
   100.25000000000000        0.0000000000000000     
   100.75000000000000        0.0000000000000000     
   101.25000000000000        0.0000000000000000     
   101.75000000000000        0.0000000000000000     
   102.25000000000000        0.0000000000000000     
   102.75000000000000        0.0000000000000000     
   103.25000000000000        0.0000000000000000     
   103.75000000000000        0.0000000000000000     
   104.25000000000000        0.0000000000000000     
   104.75000000000000        0.0000000000000000     
   105.25000000000000        0.0000000000000000     
   105.75000000000000        0.0000000000000000     
   106.25000000000000        0.0000000000000000     
   106.75000000000000        0.0000000000000000     
   107.25000000000000        0.0000000000000000     
   107.75000000000000        0.0000000000000000     
   108.25000000000000        0.0000000000000000     
   108.75000000000000        0.0000000000000000     
   109.25000000000000        0.0000000000000000     
   109.75000000000000        0.0000000000000000     
   110.25000000000000        0.0000000000000000     
   110.75000000000000        0.0000000000000000     
   111.25000000000000        0.0000000000000000     
   111.75000000000000        0.0000000000000000     
   112.25000000000000        0.0000000000000000     
   112.75000000000000        0.0000000000000000     
   113.25000000000000        0.0000000000000000     
   113.75000000000000        0.0000000000000000     
   114.25000000000000        0.0000000000000000     
   114.75000000000000        0.0000000000000000     
   115.25000000000000        0.0000000000000000     
   115.75000000000000        0.0000000000000000     
   116.25000000000000        0.0000000000000000     
   116.75000000000000        0.0000000000000000     
   117.25000000000000        0.0000000000000000     
   117.75000000000000        0.0000000000000000     
   118.25000000000000        0.0000000000000000     
   118.75000000000000        0.0000000000000000     
   119.25000000000000        0.0000000000000000     
   119.75000000000000        0.0000000000000000     
   120.25000000000000        0.0000000000000000     
   120.75000000000000        0.0000000000000000     
   121.25000000000000        0.0000000000000000     
   121.75000000000000        0.0000000000000000     
   122.25000000000000        0.0000000000000000     
   122.75000000000000        0.0000000000000000     
   123.25000000000000        0.0000000000000000     
   123.75000000000000        0.0000000000000000     
   124.25000000000000        0.0000000000000000     
   124.75000000000000        0.0000000000000000     
   125.25000000000000        0.0000000000000000     
   125.75000000000000        0.0000000000000000     
   126.25000000000000        0.0000000000000000     
   126.75000000000000        0.0000000000000000     
   127.25000000000000        0.0000000000000000     
   127.75000000000000        0.0000000000000000     
   128.25000000000000        0.0000000000000000     
   128.75000000000000        0.0000000000000000     
   129.25000000000000        0.0000000000000000     
   129.75000000000000        0.0000000000000000     
   130.25000000000000        0.0000000000000000     
   130.75000000000000        0.0000000000000000     
   131.25000000000000        0.0000000000000000     
   131.75000000000000        0.0000000000000000     
   132.25000000000000        0.0000000000000000     
   132.75000000000000        0.0000000000000000     
   133.25000000000000        0.0000000000000000     
   133.75000000000000        0.0000000000000000     
   134.25000000000000        0.0000000000000000     
   134.75000000000000        0.0000000000000000     
   135.25000000000000        0.0000000000000000     
   135.75000000000000        0.0000000000000000     
   136.25000000000000        0.0000000000000000     
   136.75000000000000        0.0000000000000000     
   137.25000000000000        0.0000000000000000     
   137.75000000000000        0.0000000000000000     
   138.25000000000000        0.0000000000000000     
   138.75000000000000        0.0000000000000000     
   139.25000000000000        0.0000000000000000     
   139.75000000000000        0.0000000000000000     
   140.25000000000000        0.0000000000000000     
   140.75000000000000        0.0000000000000000     
   141.25000000000000        0.0000000000000000     
   141.75000000000000        0.0000000000000000     
   142.25000000000000        0.0000000000000000     
   142.75000000000000        0.0000000000000000     
   143.25000000000000        0.0000000000000000     
   143.75000000000000        0.0000000000000000     
   144.25000000000000        0.0000000000000000     
   144.75000000000000        0.0000000000000000     
   145.25000000000000        0.0000000000000000     
   145.75000000000000        0.0000000000000000     
   146.25000000000000        0.0000000000000000     
   146.75000000000000        0.0000000000000000     
   147.25000000000000        0.0000000000000000     
   147.75000000000000        0.0000000000000000     
   148.25000000000000        0.0000000000000000     
   148.75000000000000        0.0000000000000000     
   149.25000000000000        0.0000000000000000     
   149.75000000000000        0.0000000000000000     
   150.25000000000000        0.0000000000000000     
