 -0.25000000000000000      -8.58646922991371827E-005
  0.25000000000000000      -8.58646922991371827E-005
  0.75000000000000000      -9.05292306448910171E-005
   1.2500000000000000      -1.00400733631481710E-004
   1.7500000000000000      -1.14679719865657173E-004
   2.2500000000000000      -1.34420011980167079E-004
   2.7500000000000000      -1.58369444899731748E-004
   3.2500000000000000      -1.85627065296567310E-004
   3.7500000000000000      -2.15333069391621362E-004
   4.2500000000000000      -2.40360693414238744E-004
   4.7500000000000000      -2.57792868042375570E-004
   5.2500000000000000      -2.54304885262457967E-004
   5.7500000000000000      -2.13670962299841814E-004
   6.2500000000000000      -1.21264490255489806E-004
   6.7500000000000000       4.76342781961299356E-005
   7.2500000000000000       3.11908237020093069E-004
   7.7500000000000000       6.70649775566095662E-004
   8.2500000000000000       1.10476214869120390E-003
   8.7500000000000000       1.56863086687158222E-003
   9.2500000000000000       1.98357971529255312E-003
   9.7500000000000000       2.25463719366033244E-003
   10.250000000000000       2.30525641329595897E-003
   10.750000000000000       2.11307797529555448E-003
   11.250000000000000       1.72467306094264885E-003
   11.750000000000000       1.23724247929696035E-003
   12.250000000000000       7.58053811355755328E-004
   12.750000000000000       3.64823782609972826E-004
   13.250000000000000       8.96995586250813560E-005
   13.750000000000000      -7.16054278989864562E-005
   14.250000000000000      -1.41277046724845004E-004
   14.750000000000000      -1.44600510891049265E-004
   15.250000000000000      -1.02453677661354430E-004
   15.750000000000000      -2.92305905844627526E-005
   16.250000000000000       6.72661933125285444E-005
   16.750000000000000       1.84455918878070186E-004
   17.250000000000000       3.23974941153811608E-004
   17.750000000000000       4.91703812464858430E-004
   18.250000000000000       6.96188290164045064E-004
   18.750000000000000       9.49965668974268439E-004
   19.250000000000000       1.26819811166280411E-003
   19.750000000000000       1.67098003675680991E-003
   20.250000000000000       2.18508988619238020E-003
   20.750000000000000       2.84254330096622362E-003
   21.250000000000000       3.68417323672032759E-003
   21.750000000000000       4.76254186526367529E-003
   22.250000000000000       6.14214704542213451E-003
   22.750000000000000       7.90204367900899061E-003
   23.250000000000000       1.01378230117078090E-002
   23.750000000000000       1.29632306459935339E-002
   24.250000000000000       1.65086300989109903E-002
   24.750000000000000       2.09154525769486496E-002
   25.250000000000000       2.63242814413577678E-002
   25.750000000000000       3.28535819605707477E-002
   26.250000000000000       4.05637372345905994E-002
   26.750000000000000       4.94058192768906390E-002
   27.250000000000000       5.91548942226709992E-002
   27.750000000000000       6.93443789889861273E-002
   28.250000000000000       7.92318982944809624E-002
   28.750000000000000       8.78513519746821347E-002
   29.250000000000000       9.41780307500946906E-002
   29.750000000000000       9.73768825514749053E-002
   30.250000000000000       9.70316890559210637E-002
   30.750000000000000       9.32513719958929510E-002
   31.250000000000000       8.66159333877894733E-002
   31.750000000000000       7.79954639317565479E-002
   32.250000000000000       6.83305050122589158E-002
   32.750000000000000       5.84566496143754250E-002
   33.250000000000000       4.90129926928624809E-002
   33.750000000000000       4.04160576436537466E-002
   34.250000000000000       3.28724693148283315E-002
   34.750000000000000       2.64397308255458173E-002
   35.250000000000000       2.10811374491523262E-002
   35.750000000000000       1.66877681222244896E-002
   36.250000000000000       1.31361101129730991E-002
   36.750000000000000       1.02969824018973588E-002
   37.250000000000000       8.04012538408315630E-003
   37.750000000000000       6.26502911175372441E-003
   38.250000000000000       4.86759532040135709E-003
   38.750000000000000       3.77945638346189683E-003
   39.250000000000000       2.92733477145943905E-003
   39.750000000000000       2.26856819172566691E-003
   40.250000000000000       1.75309900816580195E-003
   40.750000000000000       1.35794485622739132E-003
   41.250000000000000       1.04693539849495506E-003
   41.750000000000000       8.11609111927651204E-004
   42.250000000000000       6.24518384930810655E-004
   42.750000000000000       4.83670623521667304E-004
   43.250000000000000       3.73782231537041893E-004
   43.750000000000000       2.86352959144255906E-004
   44.250000000000000       2.24203748914150660E-004
   44.750000000000000       1.71179272556300970E-004
   45.250000000000000       1.30807822365562349E-004
   45.750000000000000       1.04490354322954275E-004
   46.250000000000000       7.93320584787476202E-005
   46.750000000000000       5.79140608908446751E-005
   47.250000000000000       4.70518582726965867E-005
   47.750000000000000       4.02123678272232296E-005
   48.250000000000000       2.99602192381439401E-005
   48.750000000000000       1.78300962675703216E-005
   49.250000000000000       8.39200949786369441E-006
   49.750000000000000       3.16515370952151257E-006
   50.250000000000000       9.72150654607814455E-007
   50.750000000000000       2.46567047569525788E-007
   51.250000000000000       5.22104488388574377E-008
   51.750000000000000       9.30593215872197581E-009
   52.250000000000000       1.40431614357586946E-009
   52.750000000000000       1.80091140269997963E-010
   53.250000000000000       1.96628358643568830E-011
   53.750000000000000       1.82789794610084138E-012
   54.250000000000000       1.44426073788375639E-013
   54.750000000000000       9.66289468455640957E-015
   55.250000000000000       5.44160121037050183E-016
   55.750000000000000       2.55665445531292405E-017
   56.250000000000000       9.89704146509813226E-019
   56.750000000000000       3.10124577923079250E-020
   57.250000000000000       7.66789951503167367E-022
   57.750000000000000       1.43960027006573576E-023
   58.250000000000000       1.92823499628972681E-025
   58.750000000000000       1.64118047139830433E-027
   59.250000000000000       6.66963729582260880E-030
   59.750000000000000        0.0000000000000000     
   60.250000000000000        0.0000000000000000     
   60.750000000000000        0.0000000000000000     
   61.250000000000000        0.0000000000000000     
   61.750000000000000        0.0000000000000000     
   62.250000000000000        0.0000000000000000     
   62.750000000000000        0.0000000000000000     
   63.250000000000000        0.0000000000000000     
   63.750000000000000        0.0000000000000000     
   64.250000000000000        0.0000000000000000     
   64.750000000000000        0.0000000000000000     
   65.250000000000000        0.0000000000000000     
   65.750000000000000        0.0000000000000000     
   66.250000000000000        0.0000000000000000     
   66.750000000000000        0.0000000000000000     
   67.250000000000000        0.0000000000000000     
   67.750000000000000        0.0000000000000000     
   68.250000000000000        0.0000000000000000     
   68.750000000000000        0.0000000000000000     
   69.250000000000000        0.0000000000000000     
   69.750000000000000        0.0000000000000000     
   70.250000000000000        0.0000000000000000     
   70.750000000000000        0.0000000000000000     
   71.250000000000000        0.0000000000000000     
   71.750000000000000        0.0000000000000000     
   72.250000000000000        0.0000000000000000     
   72.750000000000000        0.0000000000000000     
   73.250000000000000        0.0000000000000000     
   73.750000000000000        0.0000000000000000     
   74.250000000000000        0.0000000000000000     
   74.750000000000000        0.0000000000000000     
   75.250000000000000        0.0000000000000000     
   75.750000000000000        0.0000000000000000     
   76.250000000000000        0.0000000000000000     
   76.750000000000000        0.0000000000000000     
   77.250000000000000        0.0000000000000000     
   77.750000000000000        0.0000000000000000     
   78.250000000000000        0.0000000000000000     
   78.750000000000000        0.0000000000000000     
   79.250000000000000        0.0000000000000000     
   79.750000000000000        0.0000000000000000     
   80.250000000000000        0.0000000000000000     
   80.750000000000000        0.0000000000000000     
   81.250000000000000        0.0000000000000000     
   81.750000000000000        0.0000000000000000     
   82.250000000000000        0.0000000000000000     
   82.750000000000000        0.0000000000000000     
   83.250000000000000        0.0000000000000000     
   83.750000000000000        0.0000000000000000     
   84.250000000000000        0.0000000000000000     
   84.750000000000000        0.0000000000000000     
   85.250000000000000        0.0000000000000000     
   85.750000000000000        0.0000000000000000     
   86.250000000000000        0.0000000000000000     
   86.750000000000000        0.0000000000000000     
   87.250000000000000        0.0000000000000000     
   87.750000000000000        0.0000000000000000     
   88.250000000000000        0.0000000000000000     
   88.750000000000000        0.0000000000000000     
   89.250000000000000        0.0000000000000000     
   89.750000000000000        0.0000000000000000     
   90.250000000000000        0.0000000000000000     
   90.750000000000000        0.0000000000000000     
   91.250000000000000        0.0000000000000000     
   91.750000000000000        0.0000000000000000     
   92.250000000000000        0.0000000000000000     
   92.750000000000000        0.0000000000000000     
   93.250000000000000        0.0000000000000000     
   93.750000000000000        0.0000000000000000     
   94.250000000000000        0.0000000000000000     
   94.750000000000000        0.0000000000000000     
   95.250000000000000        0.0000000000000000     
   95.750000000000000        0.0000000000000000     
   96.250000000000000        0.0000000000000000     
   96.750000000000000        0.0000000000000000     
   97.250000000000000        0.0000000000000000     
   97.750000000000000        0.0000000000000000     
   98.250000000000000        0.0000000000000000     
   98.750000000000000        0.0000000000000000     
   99.250000000000000        0.0000000000000000     
   99.750000000000000        0.0000000000000000     
   100.25000000000000        0.0000000000000000     
   100.75000000000000        0.0000000000000000     
   101.25000000000000        0.0000000000000000     
   101.75000000000000        0.0000000000000000     
   102.25000000000000        0.0000000000000000     
   102.75000000000000        0.0000000000000000     
   103.25000000000000        0.0000000000000000     
   103.75000000000000        0.0000000000000000     
   104.25000000000000        0.0000000000000000     
   104.75000000000000        0.0000000000000000     
   105.25000000000000        0.0000000000000000     
   105.75000000000000        0.0000000000000000     
   106.25000000000000        0.0000000000000000     
   106.75000000000000        0.0000000000000000     
   107.25000000000000        0.0000000000000000     
   107.75000000000000        0.0000000000000000     
   108.25000000000000        0.0000000000000000     
   108.75000000000000        0.0000000000000000     
   109.25000000000000        0.0000000000000000     
   109.75000000000000        0.0000000000000000     
   110.25000000000000        0.0000000000000000     
   110.75000000000000        0.0000000000000000     
   111.25000000000000        0.0000000000000000     
   111.75000000000000        0.0000000000000000     
   112.25000000000000        0.0000000000000000     
   112.75000000000000        0.0000000000000000     
   113.25000000000000        0.0000000000000000     
   113.75000000000000        0.0000000000000000     
   114.25000000000000        0.0000000000000000     
   114.75000000000000        0.0000000000000000     
   115.25000000000000        0.0000000000000000     
   115.75000000000000        0.0000000000000000     
   116.25000000000000        0.0000000000000000     
   116.75000000000000        0.0000000000000000     
   117.25000000000000        0.0000000000000000     
   117.75000000000000        0.0000000000000000     
   118.25000000000000        0.0000000000000000     
   118.75000000000000        0.0000000000000000     
   119.25000000000000        0.0000000000000000     
   119.75000000000000        0.0000000000000000     
   120.25000000000000        0.0000000000000000     
   120.75000000000000        0.0000000000000000     
   121.25000000000000        0.0000000000000000     
   121.75000000000000        0.0000000000000000     
   122.25000000000000        0.0000000000000000     
   122.75000000000000        0.0000000000000000     
   123.25000000000000        0.0000000000000000     
   123.75000000000000        0.0000000000000000     
   124.25000000000000        0.0000000000000000     
   124.75000000000000        0.0000000000000000     
   125.25000000000000        0.0000000000000000     
   125.75000000000000        0.0000000000000000     
   126.25000000000000        0.0000000000000000     
   126.75000000000000        0.0000000000000000     
   127.25000000000000        0.0000000000000000     
   127.75000000000000        0.0000000000000000     
   128.25000000000000        0.0000000000000000     
   128.75000000000000        0.0000000000000000     
   129.25000000000000        0.0000000000000000     
   129.75000000000000        0.0000000000000000     
   130.25000000000000        0.0000000000000000     
   130.75000000000000        0.0000000000000000     
   131.25000000000000        0.0000000000000000     
   131.75000000000000        0.0000000000000000     
   132.25000000000000        0.0000000000000000     
   132.75000000000000        0.0000000000000000     
   133.25000000000000        0.0000000000000000     
   133.75000000000000        0.0000000000000000     
   134.25000000000000        0.0000000000000000     
   134.75000000000000        0.0000000000000000     
   135.25000000000000        0.0000000000000000     
   135.75000000000000        0.0000000000000000     
   136.25000000000000        0.0000000000000000     
   136.75000000000000        0.0000000000000000     
   137.25000000000000        0.0000000000000000     
   137.75000000000000        0.0000000000000000     
   138.25000000000000        0.0000000000000000     
   138.75000000000000        0.0000000000000000     
   139.25000000000000        0.0000000000000000     
   139.75000000000000        0.0000000000000000     
   140.25000000000000        0.0000000000000000     
   140.75000000000000        0.0000000000000000     
   141.25000000000000        0.0000000000000000     
   141.75000000000000        0.0000000000000000     
   142.25000000000000        0.0000000000000000     
   142.75000000000000        0.0000000000000000     
   143.25000000000000        0.0000000000000000     
   143.75000000000000        0.0000000000000000     
   144.25000000000000        0.0000000000000000     
   144.75000000000000        0.0000000000000000     
   145.25000000000000        0.0000000000000000     
   145.75000000000000        0.0000000000000000     
   146.25000000000000        0.0000000000000000     
   146.75000000000000        0.0000000000000000     
   147.25000000000000        0.0000000000000000     
   147.75000000000000        0.0000000000000000     
   148.25000000000000        0.0000000000000000     
   148.75000000000000        0.0000000000000000     
   149.25000000000000        0.0000000000000000     
   149.75000000000000        0.0000000000000000     
   150.25000000000000        0.0000000000000000     
