 -0.25000000000000000      -6.37786646709287883E-006
  0.25000000000000000      -6.37786646709287883E-006
  0.75000000000000000      -6.98123173278772167E-006
   1.2500000000000000      -7.87374248710300700E-006
   1.7500000000000000      -9.07590779542153040E-006
   2.2500000000000000      -1.10935137729454931E-005
   2.7500000000000000      -1.39703909292531618E-005
   3.2500000000000000      -1.75010894538315430E-005
   3.7500000000000000      -2.19036237031702942E-005
   4.2500000000000000      -2.80117614111767096E-005
   4.7500000000000000      -3.55198482784463296E-005
   5.2500000000000000      -4.56100879612099359E-005
   5.7500000000000000      -5.85989585944147399E-005
   6.2500000000000000      -7.56330003137635135E-005
   6.7500000000000000      -9.60901136971958197E-005
   7.2500000000000000      -1.21315977827824069E-004
   7.7500000000000000      -1.50675102067778942E-004
   8.2500000000000000      -1.84880697814959684E-004
   8.7500000000000000      -2.21967327261407045E-004
   9.2500000000000000      -2.57885253715058201E-004
   9.7500000000000000      -2.90291793623032013E-004
   10.250000000000000      -3.10115373967485581E-004
   10.750000000000000      -2.97028296059787217E-004
   11.250000000000000      -2.09200013918195470E-004
   11.750000000000000       6.28379748586873135E-007
   12.250000000000000       3.59966473731253148E-004
   12.750000000000000       8.49407359165059179E-004
   13.250000000000000       1.38884422026935763E-003
   13.750000000000000       1.86727200912577837E-003
   14.250000000000000       2.18203126979675359E-003
   14.750000000000000       2.27595216563329043E-003
   15.250000000000000       2.14950779720296569E-003
   15.750000000000000       1.84649671482445439E-003
   16.250000000000000       1.44383966350236821E-003
   16.750000000000000       1.01946751567202117E-003
   17.250000000000000       6.27632337385025988E-004
   17.750000000000000       3.05526298224336585E-004
   18.250000000000000       6.87716103618084545E-005
   18.750000000000000      -9.01791164623191502E-005
   19.250000000000000      -1.83518478912431793E-004
   19.750000000000000      -2.25479524798228936E-004
   20.250000000000000      -2.34650257445008818E-004
   20.750000000000000      -2.23832027157945740E-004
   21.250000000000000      -1.99772278380557481E-004
   21.750000000000000      -1.72817772103501030E-004
   22.250000000000000      -1.46468685065561971E-004
   22.750000000000000      -1.18863086973739846E-004
   23.250000000000000      -9.67441931907413118E-005
   23.750000000000000      -7.92650398983580490E-005
   24.250000000000000      -6.10241167640896459E-005
   24.750000000000000      -4.82517727995527808E-005
   25.250000000000000      -3.92481109612058686E-005
   25.750000000000000      -3.00645625614260814E-005
   26.250000000000000      -2.32757359961004669E-005
   26.750000000000000      -1.71605462674028316E-005
   27.250000000000000      -1.47680663879972384E-005
   27.750000000000000      -1.23560212824486613E-005
   28.250000000000000      -7.25080606186063287E-006
   28.750000000000000      -5.90627949736301053E-006
   29.250000000000000      -4.69758453027179522E-006
   29.750000000000000      -5.64596215596188708E-006
   30.250000000000000      -4.09681683942762214E-006
   30.750000000000000      -9.92882228580147017E-007
   31.250000000000000      -3.42262570433350633E-007
   31.750000000000000       4.01650636656503663E-007
   32.250000000000000      -3.07043643008169938E-006
   32.750000000000000      -3.17498604647563746E-006
   33.250000000000000      -4.03820834886150868E-006
   33.750000000000000      -1.33781546592911892E-006
   34.250000000000000       1.78532790089174662E-006
   34.750000000000000       5.74882405994350920E-006
   35.250000000000000       1.02956034345876110E-005
   35.750000000000000       1.43490106235142391E-005
   36.250000000000000       2.06103522890517860E-005
   36.750000000000000       2.57704052475017974E-005
   37.250000000000000       3.50381234468368717E-005
   37.750000000000000       4.41745824099714068E-005
   38.250000000000000       5.86590725177598045E-005
   38.750000000000000       7.44001944780025692E-005
   39.250000000000000       9.80767660440189364E-005
   39.750000000000000       1.25616267871609874E-004
   40.250000000000000       1.64170077614890204E-004
   40.750000000000000       2.10984227260597329E-004
   41.250000000000000       2.75151245415979160E-004
   41.750000000000000       3.54998141486854058E-004
   42.250000000000000       4.61034646997905424E-004
   42.750000000000000       5.95792620362580036E-004
   43.250000000000000       7.72553215126496845E-004
   43.750000000000000       9.99932004017713497E-004
   44.250000000000000       1.29452710826256099E-003
   44.750000000000000       1.67486592192676214E-003
   45.250000000000000       2.16573902365278185E-003
   45.750000000000000       2.80084547407072077E-003
   46.250000000000000       3.61656377316157095E-003
   46.750000000000000       4.67006101411310617E-003
   47.250000000000000       6.01879039989040854E-003
   47.750000000000000       7.74731760160237912E-003
   48.250000000000000       9.94837739835173832E-003
   48.750000000000000       1.27462087786864072E-002
   49.250000000000000       1.62778697708139755E-002
   49.750000000000000       2.06894204936624790E-002
   50.250000000000000       2.61401083048401692E-002
   50.750000000000000       3.27806202720282228E-002
   51.250000000000000       4.07373123815108346E-002
   51.750000000000000       4.99903090690486662E-002
   52.250000000000000       6.02561474563315241E-002
   52.750000000000000       7.08997474395864913E-002
   53.250000000000000       8.09579860026112541E-002
   53.750000000000000       8.93352524840146378E-002
   54.250000000000000       9.50370453068010712E-002
   54.750000000000000       9.74169597670722087E-002
   55.250000000000000       9.63117679297331442E-002
   55.750000000000000       9.20158768600362886E-002
   56.250000000000000       8.51831330426278677E-002
   56.750000000000000       7.66445228841336063E-002
   57.250000000000000       6.72352149457358522E-002
   57.750000000000000       5.76914602610822946E-002
   58.250000000000000       4.85687333077385042E-002
   58.750000000000000       4.02278723758158346E-002
   59.250000000000000       3.28702026956521620E-002
   59.750000000000000       2.65575368729174047E-002
   60.250000000000000       2.12557702585030178E-002
   60.750000000000000       1.68852143862216683E-002
   61.250000000000000       1.33335697629183517E-002
   61.750000000000000       1.04749400632125171E-002
   62.250000000000000       8.19696767346730915E-003
   62.750000000000000       6.39738303421304860E-003
   63.250000000000000       4.97946557005796500E-003
   63.750000000000000       3.86630888411480800E-003
   64.250000000000000       2.99971858246611718E-003
   64.750000000000000       2.32609254974321892E-003
   65.250000000000000       1.79956870719323028E-003
   65.750000000000000       1.39025506122935814E-003
   66.250000000000000       1.07607304915282947E-003
   66.750000000000000       8.33541380522582554E-004
   67.250000000000000       6.42959066356726559E-004
   67.750000000000000       4.94374878646620637E-004
   68.250000000000000       3.82097042710888833E-004
   68.750000000000000       2.97469401684850279E-004
   69.250000000000000       2.30597910188013258E-004
   69.750000000000000       1.76068593359496718E-004
   70.250000000000000       1.33477504851837781E-004
   70.750000000000000       1.02947999522464418E-004
   71.250000000000000       8.19010036630568106E-005
   71.750000000000000       6.59824301461973674E-005
   72.250000000000000       5.17925192967367914E-005
   72.750000000000000       3.82765758089909463E-005
   73.250000000000000       2.61066998679667186E-005
   73.750000000000000       1.62992727698373952E-005
   74.250000000000000       9.30232952204072874E-006
   74.750000000000000       4.86251661361537753E-006
   75.250000000000000       2.33559105205312831E-006
   75.750000000000000       1.03462749468792481E-006
   76.250000000000000       4.24211043867045725E-007
   76.750000000000000       1.61526797935254174E-007
   77.250000000000000       5.72919796645824187E-008
   77.750000000000000       1.89809174929129298E-008
   78.250000000000000       5.88810384781456106E-009
   78.750000000000000       1.71401300523311108E-009
   79.250000000000000       4.69110965097317700E-010
   79.750000000000000       1.20923516968388093E-010
   80.250000000000000       2.94028498686189619E-011
   80.750000000000000       6.75319504673660639E-012
   81.250000000000000       1.46691172000335578E-012
   81.750000000000000       3.01682229283470948E-013
   82.250000000000000       5.87991728622705184E-014
   82.750000000000000       1.08704238894696343E-014
   83.250000000000000       1.90770459066339670E-015
   83.750000000000000       3.18025477332096171E-016
   84.250000000000000       5.03917921473290350E-017
   84.750000000000000       7.59333462645469005E-018
   85.250000000000000       1.08862129746651058E-018
   85.750000000000000       1.48545732046808395E-019
   86.250000000000000       1.92984505483306856E-020
   86.750000000000000       2.38768514675968401E-021
   87.250000000000000       2.81392218334615655E-022
   87.750000000000000       3.15930084905775555E-023
   88.250000000000000       3.37950608526257090E-024
   88.750000000000000       3.44440896872170681E-025
   89.250000000000000       3.34478292418479825E-026
   89.750000000000000       3.09444033280539320E-027
   90.250000000000000       2.72711218302068200E-028
   90.750000000000000       2.28903610346104014E-029
   91.250000000000000       1.82948503404151587E-030
   91.750000000000000       1.39188909680923832E-031
   92.250000000000000       1.00769064094710188E-032
   92.750000000000000       6.93932359985216788E-034
   93.250000000000000       4.54325204512241023E-035
   93.750000000000000       2.82643602047465385E-036
   94.250000000000000       1.66980431270365407E-037
   94.750000000000000       9.36146872505267750E-039
   95.250000000000000       4.97664018068815242E-040
   95.750000000000000       2.50648546847465487E-041
   96.250000000000000       1.19484423439634163E-042
   96.750000000000000       5.38528375465297471E-044
   97.250000000000000       2.29213420176257712E-045
   97.750000000000000       9.20093562764005295E-047
   98.250000000000000       3.47814506770094274E-048
   98.750000000000000       1.23617392356330601E-049
   99.250000000000000       4.12325400010983612E-051
   99.750000000000000       1.28810310831174280E-052
   100.25000000000000       3.76034959562246708E-054
   100.75000000000000       1.02322053208301599E-055
   101.25000000000000       2.58779206039350965E-057
   101.75000000000000       6.06315460428384495E-059
   102.25000000000000       1.31120315880602958E-060
   102.75000000000000       2.60614809874085956E-062
   103.25000000000000       4.73753293784380348E-064
   103.75000000000000       7.83136430300654794E-066
   104.25000000000000       1.16926072629398761E-067
   104.75000000000000       1.56405113381888121E-069
   105.25000000000000       1.85596736659102766E-071
   105.75000000000000       1.92997406536718657E-073
   106.25000000000000       1.73152994428879337E-075
   106.75000000000000       1.31318021753618578E-077
   107.25000000000000       8.18599483782046665E-080
   107.75000000000000       4.02728550445553953E-082
   108.25000000000000       1.46617767938044760E-084
   108.75000000000000       3.51162440210568486E-087
   109.25000000000000       4.15052547896965657E-090
   109.75000000000000        0.0000000000000000     
   110.25000000000000        0.0000000000000000     
   110.75000000000000        0.0000000000000000     
   111.25000000000000        0.0000000000000000     
   111.75000000000000        0.0000000000000000     
   112.25000000000000        0.0000000000000000     
   112.75000000000000        0.0000000000000000     
   113.25000000000000        0.0000000000000000     
   113.75000000000000        0.0000000000000000     
   114.25000000000000        0.0000000000000000     
   114.75000000000000        0.0000000000000000     
   115.25000000000000        0.0000000000000000     
   115.75000000000000        0.0000000000000000     
   116.25000000000000        0.0000000000000000     
   116.75000000000000        0.0000000000000000     
   117.25000000000000        0.0000000000000000     
   117.75000000000000        0.0000000000000000     
   118.25000000000000        0.0000000000000000     
   118.75000000000000        0.0000000000000000     
   119.25000000000000        0.0000000000000000     
   119.75000000000000        0.0000000000000000     
   120.25000000000000        0.0000000000000000     
   120.75000000000000        0.0000000000000000     
   121.25000000000000        0.0000000000000000     
   121.75000000000000        0.0000000000000000     
   122.25000000000000        0.0000000000000000     
   122.75000000000000        0.0000000000000000     
   123.25000000000000        0.0000000000000000     
   123.75000000000000        0.0000000000000000     
   124.25000000000000        0.0000000000000000     
   124.75000000000000        0.0000000000000000     
   125.25000000000000        0.0000000000000000     
   125.75000000000000        0.0000000000000000     
   126.25000000000000        0.0000000000000000     
   126.75000000000000        0.0000000000000000     
   127.25000000000000        0.0000000000000000     
   127.75000000000000        0.0000000000000000     
   128.25000000000000        0.0000000000000000     
   128.75000000000000        0.0000000000000000     
   129.25000000000000        0.0000000000000000     
   129.75000000000000        0.0000000000000000     
   130.25000000000000        0.0000000000000000     
   130.75000000000000        0.0000000000000000     
   131.25000000000000        0.0000000000000000     
   131.75000000000000        0.0000000000000000     
   132.25000000000000        0.0000000000000000     
   132.75000000000000        0.0000000000000000     
   133.25000000000000        0.0000000000000000     
   133.75000000000000        0.0000000000000000     
   134.25000000000000        0.0000000000000000     
   134.75000000000000        0.0000000000000000     
   135.25000000000000        0.0000000000000000     
   135.75000000000000        0.0000000000000000     
   136.25000000000000        0.0000000000000000     
   136.75000000000000        0.0000000000000000     
   137.25000000000000        0.0000000000000000     
   137.75000000000000        0.0000000000000000     
   138.25000000000000        0.0000000000000000     
   138.75000000000000        0.0000000000000000     
   139.25000000000000        0.0000000000000000     
   139.75000000000000        0.0000000000000000     
   140.25000000000000        0.0000000000000000     
   140.75000000000000        0.0000000000000000     
   141.25000000000000        0.0000000000000000     
   141.75000000000000        0.0000000000000000     
   142.25000000000000        0.0000000000000000     
   142.75000000000000        0.0000000000000000     
   143.25000000000000        0.0000000000000000     
   143.75000000000000        0.0000000000000000     
   144.25000000000000        0.0000000000000000     
   144.75000000000000        0.0000000000000000     
   145.25000000000000        0.0000000000000000     
   145.75000000000000        0.0000000000000000     
   146.25000000000000        0.0000000000000000     
   146.75000000000000        0.0000000000000000     
   147.25000000000000        0.0000000000000000     
   147.75000000000000        0.0000000000000000     
   148.25000000000000        0.0000000000000000     
   148.75000000000000        0.0000000000000000     
   149.25000000000000        0.0000000000000000     
   149.75000000000000        0.0000000000000000     
   150.25000000000000        0.0000000000000000     
