 -0.25000000000000000      -6.72419077747599592E-006
  0.25000000000000000      -6.72419077747599592E-006
  0.75000000000000000      -7.20375868985647898E-006
   1.2500000000000000      -8.27335400577977194E-006
   1.7500000000000000      -9.04656341115277199E-006
   2.2500000000000000      -1.26853731238808437E-005
   2.7500000000000000      -1.37006594978467542E-005
   3.2500000000000000      -1.75275608492711288E-005
   3.7500000000000000      -2.57179717821180133E-005
   4.2500000000000000      -3.07764589968718332E-005
   4.7500000000000000      -3.30359604778812546E-005
   5.2500000000000000      -3.72740929553270727E-005
   5.7500000000000000      -4.51393336628010046E-005
   6.2500000000000000      -5.60677045307847832E-005
   6.7500000000000000      -6.94599279659351051E-005
   7.2500000000000000      -8.49233636832015418E-005
   7.7500000000000000      -1.01782467547165584E-004
   8.2500000000000000      -1.18555541673921597E-004
   8.7500000000000000      -1.32342673775783133E-004
   9.2500000000000000      -1.38033146033961153E-004
   9.7500000000000000      -1.27362651711576962E-004
   10.250000000000000      -8.76210871098395444E-005
   10.750000000000000      -3.61728217706451353E-007
   11.250000000000000       1.57866370074527551E-004
   11.750000000000000       4.12833509303625840E-004
   12.250000000000000       7.88479868689085641E-004
   12.750000000000000       1.29701438666651931E-003
   13.250000000000000       1.92662403096880244E-003
   13.750000000000000       2.63423801403828628E-003
   14.250000000000000       3.34882491735234841E-003
   14.750000000000000       3.99339281451564776E-003
   15.250000000000000       4.52252114145834140E-003
   15.750000000000000       4.95655107905528663E-003
   16.250000000000000       5.39320443508834770E-003
   16.750000000000000       5.98252042015463142E-003
   17.250000000000000       6.88946349011539290E-003
   17.750000000000000       8.26153085856086086E-003
   18.250000000000000       1.02198930522485153E-002
   18.750000000000000       1.28718211844399931E-002
   19.250000000000000       1.63248927017148812E-002
   19.750000000000000       2.06931460356282217E-002
   20.250000000000000       2.60916978197436381E-002
   20.750000000000000       3.26176600993645233E-002
   21.250000000000000       4.03153366023485532E-002
   21.750000000000000       4.91253697553554192E-002
   22.250000000000000       5.88225040718796804E-002
   22.750000000000000       6.89547743306830607E-002
   23.250000000000000       7.88111796030661754E-002
   23.750000000000000       8.74614305241224604E-002
   24.250000000000000       9.38989201620517855E-002
   24.750000000000000       9.72686476205845141E-002
   25.250000000000000       9.71046308226238830E-002
   25.750000000000000       9.34642133348198290E-002
   26.250000000000000       8.68971738325537979E-002
   26.750000000000000       7.82729682089752521E-002
   27.250000000000000       6.85556239318188265E-002
   27.750000000000000       5.86116654817610688E-002
   28.250000000000000       4.91007317292695838E-002
   28.750000000000000       4.04471736088428471E-002
   29.250000000000000       3.28647932622547975E-002
   29.750000000000000       2.64107147946380447E-002
   30.250000000000000       2.10388069102072917E-002
   30.750000000000000       1.66434948428119574E-002
   31.250000000000000       1.30942549478633222E-002
   31.750000000000000       1.02575538571154090E-002
   32.250000000000000       8.00840218527123365E-003
   32.750000000000000       6.23606853607488066E-003
   33.250000000000000       4.84615091591142095E-003
   33.750000000000000       3.76033057925780718E-003
   34.250000000000000       2.91488280752995972E-003
   34.750000000000000       2.25809208958558869E-003
   35.250000000000000       1.74711979297664127E-003
   35.750000000000000       1.34853155947842977E-003
   36.250000000000000       1.04166070403771552E-003
   36.750000000000000       8.07546288890784690E-004
   37.250000000000000       6.21739921705242787E-004
   37.750000000000000       4.80107456670671184E-004
   38.250000000000000       3.72426388195197587E-004
   38.750000000000000       2.84825081377728555E-004
   39.250000000000000       2.23019058208079660E-004
   39.750000000000000       1.68828318471795692E-004
   40.250000000000000       1.33549718101964588E-004
   40.750000000000000       1.00454405392900195E-004
   41.250000000000000       7.85029932306420211E-005
   41.750000000000000       6.24721243900162258E-005
   42.250000000000000       4.36824187417462670E-005
   42.750000000000000       3.69753424522852156E-005
   43.250000000000000       3.18978933901313265E-005
   43.750000000000000       1.97680496758866184E-005
   44.250000000000000       8.26988992290898820E-006
   44.750000000000000       2.40133940092995660E-006
   45.250000000000000       4.99366523118112330E-007
   45.750000000000000       7.59472799581342534E-008
   46.250000000000000       8.53321466920095724E-009
   46.750000000000000       7.07969527295673775E-010
   47.250000000000000       4.28486102262432921E-011
   47.750000000000000       1.83987339743355568E-012
   48.250000000000000       5.31121205128278191E-014
   48.750000000000000       9.24495760404677271E-016
   49.250000000000000       7.33334375980543544E-018
   49.750000000000000        0.0000000000000000     
   50.250000000000000        0.0000000000000000     
   50.750000000000000        0.0000000000000000     
   51.250000000000000        0.0000000000000000     
   51.750000000000000        0.0000000000000000     
   52.250000000000000        0.0000000000000000     
   52.750000000000000        0.0000000000000000     
   53.250000000000000        0.0000000000000000     
   53.750000000000000        0.0000000000000000     
   54.250000000000000        0.0000000000000000     
   54.750000000000000        0.0000000000000000     
   55.250000000000000        0.0000000000000000     
   55.750000000000000        0.0000000000000000     
   56.250000000000000        0.0000000000000000     
   56.750000000000000        0.0000000000000000     
   57.250000000000000        0.0000000000000000     
   57.750000000000000        0.0000000000000000     
   58.250000000000000        0.0000000000000000     
   58.750000000000000        0.0000000000000000     
   59.250000000000000        0.0000000000000000     
   59.750000000000000        0.0000000000000000     
   60.250000000000000        0.0000000000000000     
   60.750000000000000        0.0000000000000000     
   61.250000000000000        0.0000000000000000     
   61.750000000000000        0.0000000000000000     
   62.250000000000000        0.0000000000000000     
   62.750000000000000        0.0000000000000000     
   63.250000000000000        0.0000000000000000     
   63.750000000000000        0.0000000000000000     
   64.250000000000000        0.0000000000000000     
   64.750000000000000        0.0000000000000000     
   65.250000000000000        0.0000000000000000     
   65.750000000000000        0.0000000000000000     
   66.250000000000000        0.0000000000000000     
   66.750000000000000        0.0000000000000000     
   67.250000000000000        0.0000000000000000     
   67.750000000000000        0.0000000000000000     
   68.250000000000000        0.0000000000000000     
   68.750000000000000        0.0000000000000000     
   69.250000000000000        0.0000000000000000     
   69.750000000000000        0.0000000000000000     
   70.250000000000000        0.0000000000000000     
   70.750000000000000        0.0000000000000000     
   71.250000000000000        0.0000000000000000     
   71.750000000000000        0.0000000000000000     
   72.250000000000000        0.0000000000000000     
   72.750000000000000        0.0000000000000000     
   73.250000000000000        0.0000000000000000     
   73.750000000000000        0.0000000000000000     
   74.250000000000000        0.0000000000000000     
   74.750000000000000        0.0000000000000000     
   75.250000000000000        0.0000000000000000     
   75.750000000000000        0.0000000000000000     
   76.250000000000000        0.0000000000000000     
   76.750000000000000        0.0000000000000000     
   77.250000000000000        0.0000000000000000     
   77.750000000000000        0.0000000000000000     
   78.250000000000000        0.0000000000000000     
   78.750000000000000        0.0000000000000000     
   79.250000000000000        0.0000000000000000     
   79.750000000000000        0.0000000000000000     
   80.250000000000000        0.0000000000000000     
   80.750000000000000        0.0000000000000000     
   81.250000000000000        0.0000000000000000     
   81.750000000000000        0.0000000000000000     
   82.250000000000000        0.0000000000000000     
   82.750000000000000        0.0000000000000000     
   83.250000000000000        0.0000000000000000     
   83.750000000000000        0.0000000000000000     
   84.250000000000000        0.0000000000000000     
   84.750000000000000        0.0000000000000000     
   85.250000000000000        0.0000000000000000     
   85.750000000000000        0.0000000000000000     
   86.250000000000000        0.0000000000000000     
   86.750000000000000        0.0000000000000000     
   87.250000000000000        0.0000000000000000     
   87.750000000000000        0.0000000000000000     
   88.250000000000000        0.0000000000000000     
   88.750000000000000        0.0000000000000000     
   89.250000000000000        0.0000000000000000     
   89.750000000000000        0.0000000000000000     
   90.250000000000000        0.0000000000000000     
   90.750000000000000        0.0000000000000000     
   91.250000000000000        0.0000000000000000     
   91.750000000000000        0.0000000000000000     
   92.250000000000000        0.0000000000000000     
   92.750000000000000        0.0000000000000000     
   93.250000000000000        0.0000000000000000     
   93.750000000000000        0.0000000000000000     
   94.250000000000000        0.0000000000000000     
   94.750000000000000        0.0000000000000000     
   95.250000000000000        0.0000000000000000     
   95.750000000000000        0.0000000000000000     
   96.250000000000000        0.0000000000000000     
   96.750000000000000        0.0000000000000000     
   97.250000000000000        0.0000000000000000     
   97.750000000000000        0.0000000000000000     
   98.250000000000000        0.0000000000000000     
   98.750000000000000        0.0000000000000000     
   99.250000000000000        0.0000000000000000     
   99.750000000000000        0.0000000000000000     
   100.25000000000000        0.0000000000000000     
   100.75000000000000        0.0000000000000000     
   101.25000000000000        0.0000000000000000     
   101.75000000000000        0.0000000000000000     
   102.25000000000000        0.0000000000000000     
   102.75000000000000        0.0000000000000000     
   103.25000000000000        0.0000000000000000     
   103.75000000000000        0.0000000000000000     
   104.25000000000000        0.0000000000000000     
   104.75000000000000        0.0000000000000000     
   105.25000000000000        0.0000000000000000     
   105.75000000000000        0.0000000000000000     
   106.25000000000000        0.0000000000000000     
   106.75000000000000        0.0000000000000000     
   107.25000000000000        0.0000000000000000     
   107.75000000000000        0.0000000000000000     
   108.25000000000000        0.0000000000000000     
   108.75000000000000        0.0000000000000000     
   109.25000000000000        0.0000000000000000     
   109.75000000000000        0.0000000000000000     
   110.25000000000000        0.0000000000000000     
   110.75000000000000        0.0000000000000000     
   111.25000000000000        0.0000000000000000     
   111.75000000000000        0.0000000000000000     
   112.25000000000000        0.0000000000000000     
   112.75000000000000        0.0000000000000000     
   113.25000000000000        0.0000000000000000     
   113.75000000000000        0.0000000000000000     
   114.25000000000000        0.0000000000000000     
   114.75000000000000        0.0000000000000000     
   115.25000000000000        0.0000000000000000     
   115.75000000000000        0.0000000000000000     
   116.25000000000000        0.0000000000000000     
   116.75000000000000        0.0000000000000000     
   117.25000000000000        0.0000000000000000     
   117.75000000000000        0.0000000000000000     
   118.25000000000000        0.0000000000000000     
   118.75000000000000        0.0000000000000000     
   119.25000000000000        0.0000000000000000     
   119.75000000000000        0.0000000000000000     
   120.25000000000000        0.0000000000000000     
   120.75000000000000        0.0000000000000000     
   121.25000000000000        0.0000000000000000     
   121.75000000000000        0.0000000000000000     
   122.25000000000000        0.0000000000000000     
   122.75000000000000        0.0000000000000000     
   123.25000000000000        0.0000000000000000     
   123.75000000000000        0.0000000000000000     
   124.25000000000000        0.0000000000000000     
   124.75000000000000        0.0000000000000000     
   125.25000000000000        0.0000000000000000     
   125.75000000000000        0.0000000000000000     
   126.25000000000000        0.0000000000000000     
   126.75000000000000        0.0000000000000000     
   127.25000000000000        0.0000000000000000     
   127.75000000000000        0.0000000000000000     
   128.25000000000000        0.0000000000000000     
   128.75000000000000        0.0000000000000000     
   129.25000000000000        0.0000000000000000     
   129.75000000000000        0.0000000000000000     
   130.25000000000000        0.0000000000000000     
   130.75000000000000        0.0000000000000000     
   131.25000000000000        0.0000000000000000     
   131.75000000000000        0.0000000000000000     
   132.25000000000000        0.0000000000000000     
   132.75000000000000        0.0000000000000000     
   133.25000000000000        0.0000000000000000     
   133.75000000000000        0.0000000000000000     
   134.25000000000000        0.0000000000000000     
   134.75000000000000        0.0000000000000000     
   135.25000000000000        0.0000000000000000     
   135.75000000000000        0.0000000000000000     
   136.25000000000000        0.0000000000000000     
   136.75000000000000        0.0000000000000000     
   137.25000000000000        0.0000000000000000     
   137.75000000000000        0.0000000000000000     
   138.25000000000000        0.0000000000000000     
   138.75000000000000        0.0000000000000000     
   139.25000000000000        0.0000000000000000     
   139.75000000000000        0.0000000000000000     
   140.25000000000000        0.0000000000000000     
   140.75000000000000        0.0000000000000000     
   141.25000000000000        0.0000000000000000     
   141.75000000000000        0.0000000000000000     
   142.25000000000000        0.0000000000000000     
   142.75000000000000        0.0000000000000000     
   143.25000000000000        0.0000000000000000     
   143.75000000000000        0.0000000000000000     
   144.25000000000000        0.0000000000000000     
   144.75000000000000        0.0000000000000000     
   145.25000000000000        0.0000000000000000     
   145.75000000000000        0.0000000000000000     
   146.25000000000000        0.0000000000000000     
   146.75000000000000        0.0000000000000000     
   147.25000000000000        0.0000000000000000     
   147.75000000000000        0.0000000000000000     
   148.25000000000000        0.0000000000000000     
   148.75000000000000        0.0000000000000000     
   149.25000000000000        0.0000000000000000     
   149.75000000000000        0.0000000000000000     
   150.25000000000000        0.0000000000000000     
