   0.0000000000000000        0.0000000000000000     
  0.50000000000000000      -4.58924217026478046E-005
   1.0000000000000000      -5.13457755204130284E-005
   1.5000000000000000      -4.56431745932388971E-006
   2.0000000000000000       6.97483534598325938E-005
   2.5000000000000000       1.32176738688206052E-004
   3.0000000000000000       1.56009735748428087E-004
   3.5000000000000000       1.42228956466144182E-004
   4.0000000000000000       1.07753760259923561E-004
   4.5000000000000000       7.01934392752114853E-005
   5.0000000000000000       3.95091806639245256E-005
   5.5000000000000000       1.63541365405675619E-005
   6.0000000000000000       1.92325435979722402E-006
   6.5000000000000000      -7.16300982383282696E-006
   7.0000000000000000      -1.10921478458849299E-005
   7.5000000000000000      -1.21296464824509787E-005
   8.0000000000000000      -1.22724671230541797E-005
   8.5000000000000000      -1.02453033684977974E-005
   9.0000000000000000      -9.42376622993629210E-006
   9.5000000000000000      -8.14263940715258884E-006
   10.000000000000000      -5.86868580841651109E-006
   10.500000000000000      -5.51968548142185123E-006
   11.000000000000000      -4.22020913603383214E-006
   11.500000000000000      -2.64735510523158001E-006
   12.000000000000000      -3.12540238679120812E-006
   12.500000000000000      -2.27133043755634812E-006
   13.000000000000000      -6.91541717262262251E-007
   13.500000000000000      -1.46926607970075707E-006
   14.000000000000000      -1.87398316425764084E-006
   14.500000000000000      -1.36769290569083207E-007
   15.000000000000000       4.36184741972543085E-007
   15.500000000000000      -1.22160374583238649E-006
   16.000000000000000      -1.70401787269792184E-006
   16.500000000000000       3.39974175726909855E-007
   17.000000000000000       1.79760544528560946E-006
   17.500000000000000       3.00428358246517581E-007
   18.000000000000000      -2.40982930715623216E-006
   18.500000000000000      -3.52492760903522260E-006
   19.000000000000000      -2.14463093429734536E-006
   19.500000000000000       1.30080432520255376E-006
   20.000000000000000       5.41326090407387733E-006
   20.500000000000000       1.03217455278798922E-005
   21.000000000000000       1.60750001348880837E-005
   21.500000000000000       2.27293490553788380E-005
   22.000000000000000       2.99226820529102736E-005
   22.500000000000000       3.74348961552542194E-005
   23.000000000000000       4.75371331219183644E-005
   23.500000000000000       6.25352370378372448E-005
   24.000000000000000       8.22835567849930006E-005
   24.500000000000000       1.06100080289010050E-004
   25.000000000000000       1.35959837004918260E-004
   25.500000000000000       1.76957614143414502E-004
   26.000000000000000       2.30615692942445002E-004
   26.500000000000000       2.97339693699429639E-004
   27.000000000000000       3.84502963870111058E-004
   27.500000000000000       4.99927672368633697E-004
   28.000000000000000       6.46564955082434877E-004
   28.500000000000000       8.36175651996201802E-004
   29.000000000000000       1.08408322309952107E-003
   29.500000000000000       1.40207211331738854E-003
   30.000000000000000       1.81339055326998452E-003
   30.500000000000000       2.34617342577478696E-003
   31.000000000000000       3.02951617748117201E-003
   31.500000000000000       3.91215754166059949E-003
   32.000000000000000       5.04618503302230008E-003
   32.500000000000000       6.49701523521756773E-003
   33.000000000000000       8.35334668520361888E-003
   33.500000000000000       1.07099287654594325E-002
   34.000000000000000       1.36923609325694771E-002
   34.500000000000000       1.74347688279583926E-002
   35.000000000000000       2.20855608986857063E-002
   35.500000000000000       2.77933465279372634E-002
   36.000000000000000       3.46714247353714922E-002
   36.500000000000000       4.27785970666460305E-002
   37.000000000000000       5.20310507774818937E-002
   37.500000000000000       6.21397801590908710E-002
   38.000000000000000       7.25030276462333145E-002
   38.500000000000000       8.22351817914425687E-002
   39.000000000000000       9.02676497026721897E-002
   39.500000000000000       9.56145029306182115E-002
   40.000000000000000       9.76024424902698640E-002
   40.500000000000000       9.60574460143299447E-002
   41.000000000000000       9.12922223195392069E-002
   41.500000000000000       8.40116562388564803E-002
   42.000000000000000       7.50922655269203321E-002
   42.500000000000000       6.54246615430058298E-002
   43.000000000000000       5.57481666114704455E-002
   43.500000000000000       4.66189609419382575E-002
   44.000000000000000       3.83720546652261338E-002
   44.500000000000000       3.11763702035138153E-002
   45.000000000000000       2.50623189769426380E-002
   45.500000000000000       1.99728075134911545E-002
   46.000000000000000       1.58104948860321032E-002
   46.500000000000000       1.24434515785554149E-002
   47.000000000000000       9.75362682756563196E-003
   47.500000000000000       7.61840075008641485E-003
   48.000000000000000       5.93287823056988864E-003
   48.500000000000000       4.61402612816470045E-003
   49.000000000000000       3.57936609549322320E-003
   49.500000000000000       2.77385665041933373E-003
   50.000000000000000       2.14993328861529153E-003
   50.500000000000000       1.66145821677618011E-003
   51.000000000000000       1.28468262271495652E-003
   51.500000000000000       9.95160655423722165E-004
   52.000000000000000       7.67029183068949341E-004
   52.500000000000000       5.91543688336060281E-004
   53.000000000000000       4.59431816445490370E-004
   53.500000000000000       3.54384412717567384E-004
   54.000000000000000       2.70961112481193749E-004
   54.500000000000000       2.10208346257192898E-004
   55.000000000000000       1.64973187539376966E-004
   55.500000000000000       1.26393402415993954E-004
   56.000000000000000       9.44527365943109059E-005
   56.500000000000000       7.26640703349105109E-005
   57.000000000000000       5.92474634421233924E-005
   57.500000000000000       4.84444834860301956E-005
   58.000000000000000       3.66944851751892543E-005
   58.500000000000000       2.45867021336844878E-005
   59.000000000000000       1.43585694958714123E-005
   59.500000000000000       7.31192737063322934E-006
   60.000000000000000       3.26617283671789589E-006
   60.500000000000000       1.28902919152973438E-006
   61.000000000000000       4.52596553570585540E-007
   61.500000000000000       1.42253145018508219E-007
   62.000000000000000       4.02368613596701975E-008
   62.500000000000000       1.02887592318220283E-008
   63.000000000000000       2.38747732712936234E-009
   63.500000000000000       5.04370221072039861E-010
   64.000000000000000       9.72661364640156333E-011
   64.500000000000000       1.71611042631975484E-011
   65.000000000000000       2.77520160581410131E-012
   65.500000000000000       4.11953384808963074E-013
   66.000000000000000       5.61957042735787543E-014
   66.500000000000000       7.05061250515459617E-015
   67.000000000000000       8.14074913722958376E-016
   67.500000000000000       8.65254865588646055E-017
   68.000000000000000       8.46604054196164753E-018
   68.500000000000000       7.62385030976135383E-019
   69.000000000000000       6.31556346256640103E-020
   69.500000000000000       4.80906172228369530E-021
   70.000000000000000       3.36248195112249877E-022
   70.500000000000000       2.15583869368874620E-023
   71.000000000000000       1.26527811824545781E-024
   71.500000000000000       6.78359772635752362E-026
   72.000000000000000       3.31391309444272002E-027
   72.500000000000000       1.47066595396818500E-028
   73.000000000000000       5.90755656677811749E-030
   73.500000000000000       2.13867750473995475E-031
   74.000000000000000       6.94184778400269169E-033
   74.500000000000000       2.00761561658689602E-034
   75.000000000000000       5.13395656272227604E-036
   75.500000000000000       1.15002071360557202E-037
   76.000000000000000       2.23004388267331848E-039
   76.500000000000000       3.68715446308483657E-041
   77.000000000000000       5.09481732941749862E-043
   77.500000000000000       5.72300730774557526E-045
   78.000000000000000       5.01964788711773465E-047
   78.500000000000000       3.22449102179789094E-049
   79.000000000000000       1.34909118548025402E-051
   79.500000000000000       2.75849733193253230E-054
   80.000000000000000        0.0000000000000000     
   80.500000000000000        0.0000000000000000     
   81.000000000000000        0.0000000000000000     
   81.500000000000000        0.0000000000000000     
   82.000000000000000        0.0000000000000000     
   82.500000000000000        0.0000000000000000     
   83.000000000000000        0.0000000000000000     
   83.500000000000000        0.0000000000000000     
   84.000000000000000        0.0000000000000000     
   84.500000000000000        0.0000000000000000     
   85.000000000000000        0.0000000000000000     
   85.500000000000000        0.0000000000000000     
   86.000000000000000        0.0000000000000000     
   86.500000000000000        0.0000000000000000     
   87.000000000000000        0.0000000000000000     
   87.500000000000000        0.0000000000000000     
   88.000000000000000        0.0000000000000000     
   88.500000000000000        0.0000000000000000     
   89.000000000000000        0.0000000000000000     
   89.500000000000000        0.0000000000000000     
   90.000000000000000        0.0000000000000000     
   90.500000000000000        0.0000000000000000     
   91.000000000000000        0.0000000000000000     
   91.500000000000000        0.0000000000000000     
   92.000000000000000        0.0000000000000000     
   92.500000000000000        0.0000000000000000     
   93.000000000000000        0.0000000000000000     
   93.500000000000000        0.0000000000000000     
   94.000000000000000        0.0000000000000000     
   94.500000000000000        0.0000000000000000     
   95.000000000000000        0.0000000000000000     
   95.500000000000000        0.0000000000000000     
   96.000000000000000        0.0000000000000000     
   96.500000000000000        0.0000000000000000     
   97.000000000000000        0.0000000000000000     
   97.500000000000000        0.0000000000000000     
   98.000000000000000        0.0000000000000000     
   98.500000000000000        0.0000000000000000     
   99.000000000000000        0.0000000000000000     
   99.500000000000000        0.0000000000000000     
   100.00000000000000        0.0000000000000000     
   100.50000000000000        0.0000000000000000     
   101.00000000000000        0.0000000000000000     
   101.50000000000000        0.0000000000000000     
   102.00000000000000        0.0000000000000000     
   102.50000000000000        0.0000000000000000     
   103.00000000000000        0.0000000000000000     
   103.50000000000000        0.0000000000000000     
   104.00000000000000        0.0000000000000000     
   104.50000000000000        0.0000000000000000     
   105.00000000000000        0.0000000000000000     
   105.50000000000000        0.0000000000000000     
   106.00000000000000        0.0000000000000000     
   106.50000000000000        0.0000000000000000     
   107.00000000000000        0.0000000000000000     
   107.50000000000000        0.0000000000000000     
   108.00000000000000        0.0000000000000000     
   108.50000000000000        0.0000000000000000     
   109.00000000000000        0.0000000000000000     
   109.50000000000000        0.0000000000000000     
   110.00000000000000        0.0000000000000000     
   110.50000000000000        0.0000000000000000     
   111.00000000000000        0.0000000000000000     
   111.50000000000000        0.0000000000000000     
   112.00000000000000        0.0000000000000000     
   112.50000000000000        0.0000000000000000     
   113.00000000000000        0.0000000000000000     
   113.50000000000000        0.0000000000000000     
   114.00000000000000        0.0000000000000000     
   114.50000000000000        0.0000000000000000     
   115.00000000000000        0.0000000000000000     
   115.50000000000000        0.0000000000000000     
   116.00000000000000        0.0000000000000000     
   116.50000000000000        0.0000000000000000     
   117.00000000000000        0.0000000000000000     
   117.50000000000000        0.0000000000000000     
   118.00000000000000        0.0000000000000000     
   118.50000000000000        0.0000000000000000     
   119.00000000000000        0.0000000000000000     
   119.50000000000000        0.0000000000000000     
   120.00000000000000        0.0000000000000000     
   120.50000000000000        0.0000000000000000     
   121.00000000000000        0.0000000000000000     
   121.50000000000000        0.0000000000000000     
   122.00000000000000        0.0000000000000000     
   122.50000000000000        0.0000000000000000     
   123.00000000000000        0.0000000000000000     
   123.50000000000000        0.0000000000000000     
   124.00000000000000        0.0000000000000000     
   124.50000000000000        0.0000000000000000     
   125.00000000000000        0.0000000000000000     
   125.50000000000000        0.0000000000000000     
   126.00000000000000        0.0000000000000000     
   126.50000000000000        0.0000000000000000     
   127.00000000000000        0.0000000000000000     
   127.50000000000000        0.0000000000000000     
   128.00000000000000        0.0000000000000000     
   128.50000000000000        0.0000000000000000     
   129.00000000000000        0.0000000000000000     
   129.50000000000000        0.0000000000000000     
   130.00000000000000        0.0000000000000000     
   130.50000000000000        0.0000000000000000     
   131.00000000000000        0.0000000000000000     
   131.50000000000000        0.0000000000000000     
   132.00000000000000        0.0000000000000000     
   132.50000000000000        0.0000000000000000     
   133.00000000000000        0.0000000000000000     
   133.50000000000000        0.0000000000000000     
   134.00000000000000        0.0000000000000000     
   134.50000000000000        0.0000000000000000     
   135.00000000000000        0.0000000000000000     
   135.50000000000000        0.0000000000000000     
   136.00000000000000        0.0000000000000000     
   136.50000000000000        0.0000000000000000     
   137.00000000000000        0.0000000000000000     
   137.50000000000000        0.0000000000000000     
   138.00000000000000        0.0000000000000000     
   138.50000000000000        0.0000000000000000     
   139.00000000000000        0.0000000000000000     
   139.50000000000000        0.0000000000000000     
   140.00000000000000        0.0000000000000000     
   140.50000000000000        0.0000000000000000     
   141.00000000000000        0.0000000000000000     
   141.50000000000000        0.0000000000000000     
   142.00000000000000        0.0000000000000000     
   142.50000000000000        0.0000000000000000     
   143.00000000000000        0.0000000000000000     
   143.50000000000000        0.0000000000000000     
   144.00000000000000        0.0000000000000000     
   144.50000000000000        0.0000000000000000     
   145.00000000000000        0.0000000000000000     
   145.50000000000000        0.0000000000000000     
   146.00000000000000        0.0000000000000000     
   146.50000000000000        0.0000000000000000     
   147.00000000000000        0.0000000000000000     
   147.50000000000000        0.0000000000000000     
   148.00000000000000        0.0000000000000000     
   148.50000000000000        0.0000000000000000     
   149.00000000000000        0.0000000000000000     
   149.50000000000000        0.0000000000000000     
   150.00000000000000        0.0000000000000000     
