   0.0000000000000000        0.0000000000000000     
  0.50000000000000000      -1.97001867693048129E-005
   1.0000000000000000      -4.00340084860111186E-005
   1.5000000000000000      -6.25563671534844971E-005
   2.0000000000000000      -8.79060680815067763E-005
   2.5000000000000000      -1.16527662068272307E-004
   3.0000000000000000      -1.49364909168849555E-004
   3.5000000000000000      -1.86219092853118261E-004
   4.0000000000000000      -2.25412676885905212E-004
   4.5000000000000000      -2.61688516387067376E-004
   5.0000000000000000      -2.89321975481746368E-004
   5.5000000000000000      -2.97832386070727840E-004
   6.0000000000000000      -2.66836131986845177E-004
   6.5000000000000000      -1.56491899946460916E-004
   7.0000000000000000       7.65153334156777794E-005
   7.5000000000000000       4.54833084314077611E-004
   8.0000000000000000       9.50903308469021498E-004
   8.5000000000000000       1.48285235093103943E-003
   9.0000000000000000       1.94004466594190246E-003
   9.5000000000000000       2.22114683654750077E-003
   10.000000000000000       2.27525602355176017E-003
   10.500000000000000       2.10812417100994434E-003
   11.000000000000000       1.77629446858205151E-003
   11.500000000000000       1.35887931378957712E-003
   12.000000000000000       9.29395425513281580E-004
   12.500000000000000       5.46104244307538773E-004
   13.000000000000000       2.38662857723238381E-004
   13.500000000000000       1.64800181490442027E-005
   14.000000000000000      -1.24476610058977882E-004
   14.500000000000000      -2.02441144168475669E-004
   15.000000000000000      -2.34523399778895010E-004
   15.500000000000000      -2.36417349851056894E-004
   16.000000000000000      -2.21483201887228906E-004
   16.500000000000000      -1.95245420501226292E-004
   17.000000000000000      -1.65477433341578768E-004
   17.500000000000000      -1.39655199998018774E-004
   18.000000000000000      -1.14971278355460325E-004
   18.500000000000000      -9.09581230559388846E-005
   19.000000000000000      -7.30002643523211872E-005
   19.500000000000000      -5.95200052767264903E-005
   20.000000000000000      -4.55296738532972556E-005
   20.500000000000000      -3.47959999804533428E-005
   21.000000000000000      -2.91918992103857196E-005
   21.500000000000000      -2.25788111894579343E-005
   22.000000000000000      -1.53310561794932400E-005
   22.500000000000000      -1.32578022677012486E-005
   23.000000000000000      -1.19532395400096477E-005
   23.500000000000000      -7.29607909996072256E-006
   24.000000000000000      -5.07527670434676398E-006
   24.500000000000000      -4.71982031927447321E-006
   25.000000000000000      -4.15374566801879375E-006
   25.500000000000000      -4.63753111535206540E-006
   26.000000000000000      -1.53187205135763112E-006
   26.500000000000000       8.88789353830477148E-007
   27.000000000000000      -9.08270905256937988E-007
   27.500000000000000      -1.66042740054118173E-006
   28.000000000000000      -3.88344092173363604E-006
   28.500000000000000      -3.84193991525213001E-006
   29.000000000000000      -2.91830034421496092E-007
   29.500000000000000       1.83922108128475705E-006
   30.000000000000000       7.38287650394126459E-006
   30.500000000000000       1.11989764642742964E-005
   31.000000000000000       1.58236843906209854E-005
   31.500000000000000       2.22146232138259784E-005
   32.000000000000000       2.77717554671150289E-005
   32.500000000000000       3.76999113197343223E-005
   33.000000000000000       4.72697198658173642E-005
   33.500000000000000       6.28582120792180112E-005
   34.000000000000000       8.02411281265050854E-005
   34.500000000000000       1.04483861555103270E-004
   35.000000000000000       1.35527430792341881E-004
   35.500000000000000       1.75130331991230580E-004
   36.000000000000000       2.27523583818648248E-004
   36.500000000000000       2.93706612396570110E-004
   37.000000000000000       3.81968708320064385E-004
   37.500000000000000       4.93264333970016666E-004
   38.000000000000000       6.40089979251213365E-004
   38.500000000000000       8.27299995844396835E-004
   39.000000000000000       1.07294743546510699E-003
   39.500000000000000       1.38698790083536996E-003
   40.000000000000000       1.79600691305183417E-003
   40.500000000000000       2.32050985903258043E-003
   41.000000000000000       3.00086663101446988E-003
   41.500000000000000       3.87394302046748396E-003
   42.000000000000000       4.99924780698500406E-003
   42.500000000000000       6.43991120102243176E-003
   43.000000000000000       8.28347001598417343E-003
   43.500000000000000       1.06281383705314949E-002
   44.000000000000000       1.35996643842467724E-002
   44.500000000000000       1.73389607391920622E-002
   45.000000000000000       2.19957018206453810E-002
   45.500000000000000       2.77243816811810415E-002
   46.000000000000000       3.46571345345255410E-002
   46.500000000000000       4.28806113592979377E-002
   47.000000000000000       5.23201123132021537E-002
   47.500000000000000       6.26455144281417298E-002
   48.000000000000000       7.31715575901630833E-002
   48.500000000000000       8.29213556869984741E-002
   49.000000000000000       9.08027787135532449E-002
   49.500000000000000       9.58599460875822484E-002
   50.000000000000000       9.75222963972104534E-002
   50.500000000000000       9.56971138351686290E-002
   51.000000000000000       9.07675608212829277E-002
   51.500000000000000       8.34441509806823078E-002
   52.000000000000000       7.45806316270442027E-002
   52.500000000000000       6.50250812374160436E-002
   53.000000000000000       5.54807958335068740E-002
   53.500000000000000       4.64685219035049918E-002
   54.000000000000000       3.83199818438639400E-002
   54.500000000000000       3.11888391314849613E-002
   55.000000000000000       2.51137247741196820E-002
   55.500000000000000       2.00478076422212562E-002
   56.000000000000000       1.58877476848703035E-002
   56.500000000000000       1.25200454035056478E-002
   57.000000000000000       9.82379573803478755E-003
   57.500000000000000       7.67772479103732627E-003
   58.000000000000000       5.98359160448158796E-003
   58.500000000000000       4.65568440941442965E-003
   59.000000000000000       3.61408225113631206E-003
   59.500000000000000       2.80026475709237426E-003
   60.000000000000000       2.17035306415048470E-003
   60.500000000000000       1.68081554088333942E-003
   61.000000000000000       1.29788857001295640E-003
   61.500000000000000       1.00254828034705853E-003
   62.000000000000000       7.76929066976654787E-004
   62.500000000000000       6.00751630335479405E-004
   63.000000000000000       4.61635246389180062E-004
   63.500000000000000       3.55537838367524825E-004
   64.000000000000000       2.76703315833621080E-004
   64.500000000000000       2.15371034490923987E-004
   65.000000000000000       1.64796918467383839E-004
   65.500000000000000       1.24487521656787648E-004
   66.000000000000000       9.56070168196454431E-005
   66.500000000000000       7.62089266634896482E-005
   67.000000000000000       6.17495465487377399E-005
   67.500000000000000       4.85072143145774795E-005
   68.000000000000000       3.54816968097819343E-005
   68.500000000000000       2.36507190342334929E-005
   69.000000000000000       1.42580025731354385E-005
   69.500000000000000       7.77338566190676947E-006
   70.000000000000000       3.84470851282439787E-006
   70.500000000000000       1.73246581189150779E-006
   71.000000000000000       7.14375618201282618E-007
   71.500000000000000       2.70680163995145123E-007
   72.000000000000000       9.46009056439467271E-008
   72.500000000000000       3.05989657703466543E-008
   73.000000000000000       9.18724019954324603E-009
   73.500000000000000       2.56726604706006398E-009
   74.000000000000000       6.69218889997188732E-010
   74.500000000000000       1.63064957203963315E-010
   75.000000000000000       3.72071060481316332E-011
   75.500000000000000       7.96247612082070671E-012
   76.000000000000000       1.60040081421755794E-012
   76.500000000000000       3.02479038617557448E-013
   77.000000000000000       5.38156939268800696E-014
   77.500000000000000       9.02133939409110137E-015
   78.000000000000000       1.42602817961238644E-015
   78.500000000000000       2.12704413433731764E-016
   79.000000000000000       2.99547596419807889E-017
   79.500000000000000       3.98475909415015669E-018
   80.000000000000000       5.00898649815013921E-019
   80.500000000000000       5.95161040755913730E-020
   81.000000000000000       6.68564516452868944E-021
   81.500000000000000       7.10111926777848692E-022
   82.000000000000000       7.13180030516795920E-023
   82.500000000000000       6.77233942517835066E-024
   83.000000000000000       6.07977819193971978E-025
   83.500000000000000       5.15884091669036537E-026
   84.000000000000000       4.13619177042396128E-027
   84.500000000000000       3.13230312231604232E-028
   85.000000000000000       2.23940230735206220E-029
   85.500000000000000       1.51061755282620216E-030
   86.000000000000000       9.60805794271329604E-032
   86.500000000000000       5.75748445137698576E-033
   87.000000000000000       3.24752546770847628E-034
   87.500000000000000       1.72244900858187394E-035
   88.000000000000000       8.58035420595420795E-037
   88.500000000000000       4.00916127229988279E-038
   89.000000000000000       1.75445285863919109E-039
   89.500000000000000       7.17855700097558194E-041
   90.000000000000000       2.74102797474719202E-042
   90.500000000000000       9.74624387816090414E-044
   91.000000000000000       3.21923095043069781E-045
   91.500000000000000       9.85050876929169991E-047
   92.000000000000000       2.78349034510451075E-048
   92.500000000000000       7.23734225149402860E-050
   93.000000000000000       1.72433457547913652E-051
   93.500000000000000       3.74645541574909209E-053
   94.000000000000000       7.38107903011622157E-055
   94.500000000000000       1.30981586027243763E-056
   95.000000000000000       2.07683181347691359E-058
   95.500000000000000       2.91365813683867574E-060
   96.000000000000000       3.57300846902521142E-062
   96.500000000000000       3.77096218867711847E-064
   97.000000000000000       3.35613245918503873E-066
   97.500000000000000       2.44939279604551821E-068
   98.000000000000000       1.40759209540293018E-070
   98.500000000000000       5.97252934515634944E-073
   99.000000000000000       1.66356819625637141E-075
   99.500000000000000       2.28177551275384457E-078
   100.00000000000000        0.0000000000000000     
   100.50000000000000        0.0000000000000000     
   101.00000000000000        0.0000000000000000     
   101.50000000000000        0.0000000000000000     
   102.00000000000000        0.0000000000000000     
   102.50000000000000        0.0000000000000000     
   103.00000000000000        0.0000000000000000     
   103.50000000000000        0.0000000000000000     
   104.00000000000000        0.0000000000000000     
   104.50000000000000        0.0000000000000000     
   105.00000000000000        0.0000000000000000     
   105.50000000000000        0.0000000000000000     
   106.00000000000000        0.0000000000000000     
   106.50000000000000        0.0000000000000000     
   107.00000000000000        0.0000000000000000     
   107.50000000000000        0.0000000000000000     
   108.00000000000000        0.0000000000000000     
   108.50000000000000        0.0000000000000000     
   109.00000000000000        0.0000000000000000     
   109.50000000000000        0.0000000000000000     
   110.00000000000000        0.0000000000000000     
   110.50000000000000        0.0000000000000000     
   111.00000000000000        0.0000000000000000     
   111.50000000000000        0.0000000000000000     
   112.00000000000000        0.0000000000000000     
   112.50000000000000        0.0000000000000000     
   113.00000000000000        0.0000000000000000     
   113.50000000000000        0.0000000000000000     
   114.00000000000000        0.0000000000000000     
   114.50000000000000        0.0000000000000000     
   115.00000000000000        0.0000000000000000     
   115.50000000000000        0.0000000000000000     
   116.00000000000000        0.0000000000000000     
   116.50000000000000        0.0000000000000000     
   117.00000000000000        0.0000000000000000     
   117.50000000000000        0.0000000000000000     
   118.00000000000000        0.0000000000000000     
   118.50000000000000        0.0000000000000000     
   119.00000000000000        0.0000000000000000     
   119.50000000000000        0.0000000000000000     
   120.00000000000000        0.0000000000000000     
   120.50000000000000        0.0000000000000000     
   121.00000000000000        0.0000000000000000     
   121.50000000000000        0.0000000000000000     
   122.00000000000000        0.0000000000000000     
   122.50000000000000        0.0000000000000000     
   123.00000000000000        0.0000000000000000     
   123.50000000000000        0.0000000000000000     
   124.00000000000000        0.0000000000000000     
   124.50000000000000        0.0000000000000000     
   125.00000000000000        0.0000000000000000     
   125.50000000000000        0.0000000000000000     
   126.00000000000000        0.0000000000000000     
   126.50000000000000        0.0000000000000000     
   127.00000000000000        0.0000000000000000     
   127.50000000000000        0.0000000000000000     
   128.00000000000000        0.0000000000000000     
   128.50000000000000        0.0000000000000000     
   129.00000000000000        0.0000000000000000     
   129.50000000000000        0.0000000000000000     
   130.00000000000000        0.0000000000000000     
   130.50000000000000        0.0000000000000000     
   131.00000000000000        0.0000000000000000     
   131.50000000000000        0.0000000000000000     
   132.00000000000000        0.0000000000000000     
   132.50000000000000        0.0000000000000000     
   133.00000000000000        0.0000000000000000     
   133.50000000000000        0.0000000000000000     
   134.00000000000000        0.0000000000000000     
   134.50000000000000        0.0000000000000000     
   135.00000000000000        0.0000000000000000     
   135.50000000000000        0.0000000000000000     
   136.00000000000000        0.0000000000000000     
   136.50000000000000        0.0000000000000000     
   137.00000000000000        0.0000000000000000     
   137.50000000000000        0.0000000000000000     
   138.00000000000000        0.0000000000000000     
   138.50000000000000        0.0000000000000000     
   139.00000000000000        0.0000000000000000     
   139.50000000000000        0.0000000000000000     
   140.00000000000000        0.0000000000000000     
   140.50000000000000        0.0000000000000000     
   141.00000000000000        0.0000000000000000     
   141.50000000000000        0.0000000000000000     
   142.00000000000000        0.0000000000000000     
   142.50000000000000        0.0000000000000000     
   143.00000000000000        0.0000000000000000     
   143.50000000000000        0.0000000000000000     
   144.00000000000000        0.0000000000000000     
   144.50000000000000        0.0000000000000000     
   145.00000000000000        0.0000000000000000     
   145.50000000000000        0.0000000000000000     
   146.00000000000000        0.0000000000000000     
   146.50000000000000        0.0000000000000000     
   147.00000000000000        0.0000000000000000     
   147.50000000000000        0.0000000000000000     
   148.00000000000000        0.0000000000000000     
   148.50000000000000        0.0000000000000000     
   149.00000000000000        0.0000000000000000     
   149.50000000000000        0.0000000000000000     
   150.00000000000000        0.0000000000000000     
