  -10.249038461538461       3.08297627150815620E-006
  -9.7509615384615387       3.08297627150815620E-006
  -9.2528846153846160      -5.41504206916691786E-006
  -8.7548076923076916      -5.91905319973665774E-006
  -8.2567307692307690       1.60821451789306681E-005
  -7.7586538461538463       7.46165064497354596E-006
  -7.2605769230769228      -3.19784676043511861E-005
  -6.7624999999999993      -1.56314754385742318E-006
  -6.2644230769230766       3.66041657458718314E-005
  -5.7663461538461540       8.86486136500856770E-006
  -5.2682692307692305      -4.58514071214071215E-005
  -4.7701923076923070      -2.23999673420089008E-005
  -4.2721153846153843       6.30829193274911714E-005
  -3.7740384615384617       2.78662252076854375E-005
  -3.2759615384615381      -7.17982990576145210E-005
  -2.7778846153846146      -3.07352976156973146E-005
  -2.2798076923076920       7.10323030944528633E-005
  -1.7817307692307693       2.21343771452929978E-005
  -1.2836538461538467      -4.43330504268550445E-005
 -0.78557692307692228      -1.10751464836033435E-005
 -0.28749999999999964      -1.15565367463502357E-005
  0.21057692307692299       1.64188625227003953E-005
  0.70865384615384741       6.58468950572191298E-005
   1.2067307692307701      -2.80892581302122818E-005
   1.7048076923076927      -9.06783009398084478E-005
   2.2028846153846153       1.78784007152641599E-005
   2.7009615384615380       9.07712583415364656E-005
   3.1990384615384624       1.34165678275545701E-005
   3.6971153846153850      -7.68552378047761102E-005
   4.1951923076923077      -3.24800860591328838E-005
   4.6932692307692321       3.39249520697669800E-005
   5.1913461538461547       3.16069955311360656E-005
   5.6894230769230774       2.88549073047851681E-005
   6.1875000000000000      -1.88409737211400607E-005
   6.6855769230769226      -6.25679079353697493E-005
   7.1836538461538453      -2.37576663078225997E-005
   7.6817307692307679       5.95434203294207875E-005
   8.1798076923076941       6.73608599632767829E-005
   8.6778846153846168      -1.54670390689164229E-005
   9.1759615384615394      -7.76418368059440204E-005
   9.6740384615384620      -4.82414218367458331E-005
   10.172115384615385       3.54224686488666492E-005
   10.670192307692307       8.97535327180283468E-005
   11.168269230769230       4.37448823759387881E-005
   11.666346153846156      -7.52111349354804819E-005
   12.164423076923079      -1.02953549012679640E-004
   12.662500000000001      -1.11221169169517260E-005
   13.160576923076924       1.18786722546737256E-004
   13.658653846153847       9.11619357669058475E-005
   14.156730769230769      -6.30785947412446102E-005
   14.654807692307692      -1.03748934511583782E-004
   15.152884615384615      -3.17242869522123136E-005
   15.650961538461537       5.73612179388920259E-005
   16.149038461538463       7.53372218397182808E-005
   16.647115384615386      -5.09184110336196325E-006
   17.145192307692309      -3.03493056942251115E-005
   17.643269230769231       8.49534844947943218E-006
   18.141346153846154      -3.57496244154045472E-005
   18.639423076923077      -7.39645122934750687E-005
   19.137499999999999       2.18067078715361551E-005
   19.635576923076925       1.18947556470015857E-004
   20.133653846153848       8.42622032976404685E-005
   20.631730769230771      -4.45028618290612972E-005
   21.129807692307693      -1.66087472990745838E-004
   21.627884615384616      -1.34417741872829672E-004
   22.125961538461539       9.43176702568974674E-005
   22.624038461538461       2.60712160797032177E-004
   23.122115384615384       1.06378770489702737E-004
   23.620192307692307      -1.88345235387120548E-004
   24.118269230769229      -2.45530281257462621E-004
   24.616346153846152      -3.19234270506246255E-005
   25.114423076923075       1.69876494277231677E-004
   25.612499999999997       1.78898288597753585E-004
   26.110576923076927       4.24408462382630644E-005
   26.608653846153850      -1.12352983885010611E-004
   27.106730769230772      -1.63657046881945370E-004
   27.604807692307695      -5.61932190700487587E-005
   28.102884615384617       1.01563861858482222E-004
   28.600961538461540       1.23361901230256466E-004
   29.099038461538463      -3.19392975135459516E-007
   29.597115384615385      -7.63119967985051418E-005
   30.095192307692308      -2.46204528459771117E-006
   30.593269230769231       7.41568610166702739E-005
   31.091346153846153      -2.23105277179592510E-006
   31.589423076923076      -1.36610039340307794E-004
   32.087499999999999      -1.14852570562437226E-004
   32.585576923076921       7.71145901293619290E-005
   33.083653846153844       2.20594506210045353E-004
   33.581730769230774       1.46242608356618703E-004
   34.079807692307696      -7.09305093456274430E-005
   34.577884615384619      -2.24983676053966061E-004
   35.075961538461542      -1.97736369659134011E-004
   35.574038461538464      -2.53089698031572230E-005
   36.072115384615387       1.75034198764613673E-004
   36.570192307692309       2.75806449492280550E-004
   37.068269230769232       1.87423068282178696E-004
   37.566346153846155      -6.59986534065783832E-005
   38.064423076923077      -3.05447455519996429E-004
   38.562500000000000      -3.10457609830535990E-004
   39.060576923076923      -3.64448610686788754E-005
   39.558653846153845       2.99982530690345471E-004
   40.056730769230768       4.05314471436839154E-004
   40.554807692307691       1.94272109153767838E-004
   41.052884615384613      -1.28594516082035717E-004
   41.550961538461536      -2.77602867678550594E-004
   42.049038461538466      -1.55534972137882216E-004
   42.547115384615388       9.22826264591651368E-005
   43.045192307692311       2.60445097943285092E-004
   43.543269230769234       2.78655557126824107E-004
   44.041346153846156       2.25704381509511746E-004
   44.539423076923079       1.96850903883702953E-004
   45.037500000000001       2.04307243404955948E-004
   45.535576923076924       2.10030364651421953E-004
   46.033653846153847       2.16213366838510508E-004
   46.531730769230769       2.84523297293913079E-004
   47.029807692307692       4.62065925750587410E-004
   47.527884615384615       7.11984727152784741E-004
   48.025961538461537       9.37750582330428560E-004
   48.524038461538460       1.07651577729679800E-003
   49.022115384615383       1.15893213121273956E-003
   49.520192307692312       1.27552427998735415E-003
   50.018269230769235       1.49439556588670027E-003
   50.516346153846158       1.82057666888924929E-003
   51.014423076923080       2.22994195645259078E-003
   51.512500000000003       2.72368575905658364E-003
   52.010576923076925       3.33198407337395759E-003
   52.508653846153848       4.06237035730410128E-003
   53.006730769230771       4.86007633207840260E-003
   53.504807692307693       5.64208743416414263E-003
   54.002884615384616       6.38766048967917208E-003
   54.500961538461539       7.19879972225579909E-003
   54.999038461538461       8.25940679627349718E-003
   55.497115384615384       9.71158245077422856E-003
   55.995192307692307       1.15477653811063129E-002
   56.493269230769229       1.36118199170451159E-002
   56.991346153846152       1.57139468571217550E-002
   57.489423076923075       1.77708600339823546E-002
   57.987499999999997       1.98639427536357709E-002
   58.485576923076920       2.21766632226375604E-002
   58.983653846153842       2.48671761671950750E-002
   59.481730769230765       2.79747106994181968E-002
   59.979807692307688       3.14202134595168714E-002
   60.477884615384610       3.50819985762488781E-002
   60.975961538461533       3.88740189186673399E-002
   61.474038461538456       4.27664795152323390E-002
   61.972115384615392       4.67471765411055576E-002
   62.470192307692315       5.07729667133267476E-002
   62.968269230769238       5.47625342741741503E-002
   63.466346153846160       5.86376629248368184E-002
   63.964423076923083       6.23718843744603124E-002
   64.462500000000006       6.59947305378633386E-002
   64.960576923076928       6.95353522278482350E-002
   65.458653846153851       7.29411724145383328E-002
   65.956730769230774       7.60332137298040667E-002
   66.454807692307696       7.85386861143494153E-002
   66.952884615384619       8.01886869766954835E-002
   67.450961538461542       8.08230913043387622E-002
   67.949038461538464       8.04384002799835712E-002
   68.447115384615387       7.91509310757723544E-002
   68.945192307692309       7.71010737531258872E-002
   69.443269230769232       7.43586470187970611E-002
   69.941346153846155       7.08841469319715367E-002
   70.439423076923077       6.65627983700169540E-002
   70.937500000000000       6.12847428138108344E-002
   71.435576923076923       5.50227534401793381E-002
   71.933653846153845       4.78687253587540412E-002
   72.431730769230768       4.00206929363724831E-002
   72.929807692307691       3.17409699619722457E-002
   73.427884615384613       2.33156615787022264E-002
   73.925961538461536       1.50340609422254540E-002
   74.424038461538458       7.18550903212914448E-003
   74.922115384615381       5.74973039128906169E-005
   75.420192307692304      -6.07898546603166234E-003
   75.918269230769226      -1.09963281604926535E-002
   76.416346153846149      -1.45343905307883468E-002
   76.914423076923072      -1.66040330600928827E-002
   77.412500000000009      -1.71639704256190823E-002
   77.910576923076931      -1.61832326621270083E-002
   78.408653846153854      -1.36139422706918808E-002
   78.906730769230776      -9.39644402020203828E-003
   79.404807692307699      -3.50150369880614445E-003
   79.902884615384622       4.00788517208091038E-003
   80.400961538461544       1.29264613656021390E-002
   80.899038461538467       2.28969103686713013E-002
   81.397115384615390       3.34501932379583505E-002
   81.895192307692312       4.40814512000800851E-002
   82.393269230769235       5.43299124140205897E-002
   82.891346153846158       6.38305304185031869E-002
   83.389423076923080       7.23207685248984655E-002
   83.887500000000003       7.96093825306544850E-002
   84.385576923076925       8.55328212247093711E-002
   84.883653846153848       8.99293864623235684E-002
   85.381730769230771       9.26496860821008072E-002
   85.879807692307693       9.36006159600026033E-002
   86.377884615384616       9.28002732588803086E-002
   86.875961538461539       9.04129069866977664E-002
   87.374038461538461       8.67403205569191177E-002
   87.872115384615384       8.21653901149247273E-002
   88.370192307692307       7.70652604398031765E-002
   88.868269230769229       7.17260600000657611E-002
   89.366346153846152       6.62912191687546615E-002
   89.864423076923075       6.07618515579114865E-002
   90.362499999999997       5.50464931647468292E-002
   90.860576923076920       4.90381062956945224E-002
   91.358653846153842       4.26867076917172156E-002
   91.856730769230765       3.60397048592124153E-002
   92.354807692307688       2.92367090763676722E-002
   92.852884615384610       2.24645937746844188E-002
   93.350961538461533       1.58939999920180222E-002
   93.849038461538470       9.62454344743828363E-003
   94.347115384615392       3.66104222160020931E-003
   94.845192307692315      -2.07002559619737236E-003
   95.343269230769238      -7.67023697244410222E-003
   95.841346153846160      -1.32036075353762147E-002
   96.339423076923083      -1.86386800772518901E-002
   96.837500000000006      -2.38175658262662834E-002
   97.335576923076928      -2.84614013693697439E-002
   97.833653846153851      -3.22100352236594431E-002
   98.331730769230774      -3.46843850908049450E-002
   98.829807692307696      -3.55554444728314462E-002
   99.327884615384619      -3.46048018124481618E-002
   99.825961538461542      -3.17662645155800602E-002
   100.32403846153846      -2.71442669060563899E-002
   100.82211538461539      -2.10098683680476697E-002
   101.32019230769231      -1.37780338279970861E-002
   101.81826923076923      -5.97056286724611304E-003
   102.31634615384615       1.83149037056376789E-003
   102.81442307692308       9.04248760073442931E-003
   103.31250000000000       1.51300031491893895E-002
   103.81057692307692       1.96702558398207314E-002
   104.30865384615385       2.23939897480431097E-002
   104.80673076923077       2.32149717833462430E-002
   105.30480769230769       2.22346852364340396E-002
   105.80288461538461       1.97205373175945164E-002
   106.30096153846154       1.60602786404648867E-002
   106.79903846153846       1.17008832167598293E-002
   107.29711538461538       7.08410266934225274E-003
   107.79519230769230       2.59187637761194682E-003
   108.29326923076923      -1.48778930924529668E-003
   108.79134615384615      -4.96939775237417117E-003
   109.28942307692309      -7.75489430978064821E-003
   109.78750000000001      -9.80323233162806035E-003
   110.28557692307693      -1.10967325711604451E-002
   110.78365384615385      -1.16166051360443445E-002
   111.28173076923078      -1.13364550123303542E-002
   111.77980769230770      -1.02363206338980575E-002
   112.27788461538462      -8.33264626759766883E-003
   112.77596153846154      -5.71367916563711442E-003
   113.27403846153847      -2.56688511174442760E-003
   113.77211538461539       8.13981110192939054E-004
   114.27019230769231       4.04970515045784997E-003
   114.76826923076923       6.72454642988966345E-003
   115.26634615384616       8.45552212186997075E-003
   115.76442307692308       8.96785278953860822E-003
   116.26250000000000       8.15922706348192785E-003
   116.76057692307693       6.13661127967736822E-003
   117.25865384615385       3.21450442893612184E-003
   117.75673076923077      -1.28320970553376943E-004
   118.25480769230769      -3.32732588244285870E-003
   118.75288461538462      -5.83154603264102612E-003
   119.25096153846154      -7.20421369960385499E-003
   119.74903846153846      -7.20421369960385499E-003
