  -10.249038461538461      -3.59335227672555465E-005
  -9.7509615384615387      -3.59335227672555465E-005
  -9.2528846153846160       4.48829873734626623E-005
  -8.7548076923076916       2.41845093548291861E-005
  -8.2567307692307690      -4.59176857535850214E-005
  -7.7586538461538463      -2.27981411399175168E-005
  -7.2605769230769228       5.51584120685518162E-005
  -6.7624999999999993       1.84965765111669308E-005
  -6.2644230769230766      -6.85156712942870346E-005
  -5.7663461538461540      -6.64415727580414849E-007
  -5.2682692307692305       6.27056951509294446E-005
  -4.7701923076923070      -8.02257676619310642E-006
  -4.2721153846153843      -4.59545374086535083E-005
  -3.7740384615384617       1.14088188354009868E-006
  -3.2759615384615381       2.81982369631742787E-005
  -2.7778846153846146       1.68815529282451616E-005
  -2.2798076923076920      -1.03038158740693264E-005
  -1.7817307692307693      -4.95135199573955515E-005
  -1.2836538461538467       1.08541153070828395E-005
 -0.78557692307692228       7.09268663346361008E-005
 -0.28749999999999964      -2.41719125287076498E-005
  0.21057692307692299      -5.60876714296940567E-005
  0.70865384615384741       1.93874392146421706E-005
   1.2067307692307701       1.44129275399057473E-005
   1.7048076923076927       2.04598117485983610E-005
   2.2028846153846153       2.03489852215159582E-005
   2.7009615384615380      -7.20894988602252849E-005
   3.1990384615384624      -2.96907074509914808E-005
   3.6971153846153850       9.07575996279644405E-005
   4.1951923076923077       3.68423379926926487E-005
   4.6932692307692321      -7.23263797038275553E-005
   5.1913461538461547      -5.39692349792613679E-005
   5.6894230769230774       4.37187426979075049E-005
   6.1875000000000000       5.02211232243022414E-005
   6.6855769230769226      -6.36365181474339472E-008
   7.1836538461538453      -2.76313582422468620E-005
   7.6817307692307679      -3.94421844406718888E-005
   8.1798076923076941      -7.07795324230697177E-006
   8.6778846153846168       4.87605886631956701E-005
   9.1759615384615394       4.75124196116936059E-005
   9.6740384615384620      -2.44269492288363545E-005
   10.172115384615385      -7.04110603377240078E-005
   10.670192307692307      -1.96809755064449379E-005
   11.168269230769230       5.04570488732031071E-005
   11.666346153846156       6.25744816914855550E-005
   12.164423076923079       7.59604649446500254E-006
   12.662500000000001      -7.41811003151251032E-005
   13.160576923076924      -6.27284037629562694E-005
   13.658653846153847       1.67398544116240697E-005
   14.156730769230769       1.01120045149830795E-004
   14.654807692307692       6.69619877767790297E-005
   15.152884615384615      -8.62670450986105617E-005
   15.650961538461537      -1.13523276088058113E-004
   16.149038461538463       6.39701169903296408E-006
   16.647115384615386       1.01769896080337502E-004
   17.145192307692309       8.52396949375971340E-005
   17.643269230769231      -4.33788801172248581E-005
   18.141346153846154      -1.11986058676739650E-004
   18.639423076923077      -1.07249745442100885E-005
   19.137499999999999       6.67364089101721812E-005
   19.635576923076925       2.08026691261388032E-005
   20.133653846153848       1.59066292805324286E-006
   20.631730769230771       2.83606558263915383E-005
   21.129807692307693       1.84514865490868849E-007
   21.627884615384616      -4.77146251660694903E-005
   22.125961538461539      -4.51280522817965057E-005
   22.624038461538461       7.13689162235025968E-006
   23.122115384615384       9.84472761328164563E-005
   23.620192307692307       1.40701819824879553E-004
   24.118269230769229       1.00808665941660405E-005
   24.616346153846152      -1.73649236181487945E-004
   25.114423076923075      -1.22315143323030023E-004
   25.612499999999997       1.51255776451921761E-004
   26.110576923076927       2.97189102775982606E-004
   26.608653846153850       1.43790375844241990E-004
   27.106730769230772      -8.34275148011055388E-005
   27.604807692307695      -1.16155622050313564E-004
   28.102884615384617       5.54154077940149703E-005
   28.600961538461540       2.69342901267933925E-004
   29.099038461538463       3.70868138885655689E-004
   29.597115384615385       2.97484601123085865E-004
   30.095192307692308       1.44667414684503332E-004
   30.593269230769231       1.26995084463666258E-004
   31.091346153846153       3.42618044750197896E-004
   31.589423076923076       6.20381131007309745E-004
   32.087499999999999       7.32146345167856245E-004
   32.585576923076921       7.05216555726734641E-004
   33.083653846153844       7.70392966586133893E-004
   33.581730769230774       1.02516672932695266E-003
   34.079807692307696       1.32082237817072990E-003
   34.577884615384619       1.51938719669538359E-003
   35.075961538461542       1.70950912007445267E-003
   35.574038461538464       2.07096220962366476E-003
   36.072115384615387       2.61695043833363658E-003
   36.570192307692309       3.18773319945732034E-003
   37.068269230769232       3.67347687178804080E-003
   37.566346153846155       4.14716187311371751E-003
   38.064423076923077       4.76914626032474975E-003
   38.562500000000000       5.63290199530355144E-003
   39.060576923076923       6.72551282932220065E-003
   39.558653846153845       7.97419190674411062E-003
   40.056730769230768       9.28583286678402731E-003
   40.554807692307691       1.05899939236584143E-002
   41.052884615384613       1.19205766572472623E-002
   41.550961538461536       1.34562065443353616E-002
   42.049038461538466       1.54070358367370524E-002
   42.547115384615388       1.78088529032356981E-002
   43.045192307692311       2.04506559464076830E-002
   43.543269230769234       2.30587066392422095E-002
   44.041346153846156       2.55706946277241901E-002
   44.539423076923079       2.82076111397460555E-002
   45.037500000000001       3.12583621797942884E-002
   45.535576923076924       3.48005837744584934E-002
   46.033653846153847       3.86391911451013093E-002
   46.531730769230769       4.24998604854536915E-002
   47.029807692307692       4.62559253538251183E-002
   47.527884615384615       4.99689989227930925E-002
   48.025961538461537       5.37469570552369727E-002
   48.524038461538460       5.75995076085853708E-002
   49.022115384615383       6.14278316995208046E-002
   49.520192307692312       6.51120033642340057E-002
   50.018269230769235       6.85688136923221503E-002
   50.516346153846158       7.17236562870296607E-002
   51.014423076923080       7.44597675495086292E-002
   51.512500000000003       7.66292084312596850E-002
   52.010576923076925       7.81221913799781814E-002
   52.508653846153848       7.89123163113487902E-002
   53.006730769230771       7.90197286998254034E-002
   53.504807692307693       7.84285269566189353E-002
   54.002884615384616       7.70473666113443978E-002
   54.500961538461539       7.47554042962946114E-002
   54.999038461538461       7.14853005139383241E-002
   55.497115384615384       6.72608014773588142E-002
   55.995192307692307       6.21613136537346248E-002
   56.493269230769229       5.62654639609563786E-002
   56.991346153846152       4.96433239848478522E-002
   57.489423076923075       4.24068510406342830E-002
   57.987499999999997       3.47577116243113771E-002
   58.485576923076920       2.69676111510138983E-002
   58.983653846153842       1.92944122944886942E-002
   59.481730769230765       1.19083639148345397E-002
   59.979807692307688       4.90327625223318814E-003
   60.477884615384610      -1.60717044349299124E-003
   60.975961538461533      -7.38931475665417520E-003
   61.474038461538456      -1.20792784381359639E-002
   61.972115384615392      -1.52860518017724420E-002
   62.470192307692315      -1.67387101126227796E-002
   62.968269230769238      -1.63722878781007442E-002
   63.466346153846160      -1.42957266894466820E-002
   63.964423076923083      -1.06764079795808736E-002
   64.462500000000006      -5.63430349793998114E-003
   64.960576923076928       7.78583815783310922E-004
   65.458653846153851       8.51064956755676061E-003
   65.956730769230774       1.74185442279703624E-002
   66.454807692307696       2.72237679736098519E-002
   66.952884615384619       3.75441948455175478E-002
   67.450961538461542       4.79668929413665651E-002
   67.949038461538464       5.81046687923736857E-002
   68.447115384615387       6.76048171379097229E-002
   68.945192307692309       7.61269674629303228E-002
   69.443269230769232       8.33348537123569238E-002
   69.941346153846155       8.89320956332175228E-002
   70.439423076923077       9.27292012372354507E-002
   70.937500000000000       9.46949766028023915E-002
   71.435576923076923       9.49490442708976895E-002
   71.933653846153845       9.36914018333664944E-002
   72.431730769230768       9.11101799975946036E-002
   72.929807692307691       8.73259226561460267E-002
   73.427884615384613       8.24068673834707499E-002
   73.925961538461536       7.64416524404733372E-002
   74.424038461538458       6.96169842518256227E-002
   74.922115384615381       6.22440188556578136E-002
   75.420192307692304       5.47098361485296447E-002
   75.918269230769226       4.73768034092465207E-002
   76.416346153846149       4.04829317673759126E-002
   76.914423076923072       3.40932361502615314E-002
   77.412500000000009       2.81207025834221587E-002
   77.910576923076931       2.23975859132157194E-002
   78.408653846153854       1.67563851883157713E-002
   78.906730769230776       1.10846998099864858E-002
   79.404807692307699       5.34157853556088691E-003
   79.902884615384622      -4.52766534494939039E-004
   80.400961538461544      -6.23195390515859753E-003
   80.899038461538467      -1.18886070894035772E-002
   81.397115384615390      -1.72712148518042036E-002
   81.895192307692312      -2.21855781691108478E-002
   82.393269230769235      -2.64123465910993220E-002
   82.891346153846158      -2.97399503265835669E-002
   83.389423076923080      -3.19990899463199266E-002
   83.887500000000003      -3.30811469855879572E-002
   84.385576923076925      -3.29319387118422943E-002
   84.883653846153848      -3.15285676889068070E-002
   85.381730769230771      -2.88598163999173110E-002
   85.879807692307693      -2.49305971722732223E-002
   86.377884615384616      -1.97971483327289179E-002
   86.875961538461539      -1.36194684543807613E-002
   87.374038461538461      -6.70273745261868326E-003
   87.872115384615384       5.00629700370430752E-004
   88.370192307692307       7.44097676709744912E-003
   88.868269230769229       1.35623242149140733E-002
   89.366346153846152       1.84033891978469845E-002
   89.864423076923075       2.16724689057640960E-002
   90.362499999999997       2.32715602893866051E-002
   90.860576923076920       2.32677646552717499E-002
   91.358653846153842       2.18324019295409767E-002
   91.856730769230765       1.91795285029105235E-002
   92.354807692307688       1.55308605799520556E-002
   92.852884615384610       1.11166880740695834E-002
   93.350961538461533       6.20154335056632977E-003
   93.849038461538470       1.10967580185096851E-003
   94.347115384615392      -3.77471417901839232E-003
   94.845192307692315      -8.04444865942836700E-003
   95.343269230769238      -1.13360777017195782E-002
   95.841346153846160      -1.34026518064458474E-002
   96.339423076923083      -1.41636929643775746E-002
   96.837500000000006      -1.37116116869789705E-002
   97.335576923076928      -1.22713666742052686E-002
   97.833653846153851      -1.01291138070960206E-002
   98.331730769230774      -7.55757023644935792E-003
   98.829807692307696      -4.76583539885437439E-003
   99.327884615384619      -1.88984633982231800E-003
   99.825961538461542       9.78206389372885624E-004
   100.32403846153846       3.73963461459451627E-003
   100.82211538461539       6.24466140046379351E-003
   101.32019230769231       8.27714462208378222E-003
   101.81826923076923       9.57987914571017778E-003
   102.31634615384615       9.91503977336875321E-003
   102.81442307692308       9.13993777244411464E-003
   103.31250000000000       7.27149184633723786E-003
   103.81057692307692       4.51576148042062957E-003
   104.30865384615385       1.24997175281337707E-003
   104.80673076923077      -2.04065211622021401E-003
   105.30480769230769      -4.85545016021270408E-003
   105.80288461538461      -6.77663717670303357E-003
   106.30096153846154      -7.54929360797296049E-003
   106.79903846153846      -7.12525534415501573E-003
   107.29711538461538      -5.66336582464438149E-003
   107.79519230769230      -3.48932177617697174E-003
   108.29326923076923      -1.02671115838883333E-003
   108.79134615384615       1.28478812708168874E-003
   109.28942307692309       3.06781031885484251E-003
   109.78750000000001       4.06889711935631317E-003
   110.28557692307693       4.19437993212269135E-003
   110.78365384615385       3.51657147941139862E-003
   111.28173076923078       2.25091695486144029E-003
   111.77980769230770       7.08835267667957351E-004
   112.27788461538462      -7.65531353802244730E-004
   112.77596153846154      -1.86371524528260450E-003
   113.27403846153847      -2.37402015346617826E-003
   113.77211538461539      -2.22324282957400959E-003
   114.27019230769231      -1.48973609495747566E-003
   114.76826923076923      -3.83768448360462299E-004
   115.26634615384616       8.01917773775208485E-004
   115.76442307692308       1.76128337375249205E-003
   116.26250000000000       2.24836062956271579E-003
   116.76057692307693       2.13722427415735878E-003
   117.25865384615385       1.45334050352430885E-003
   117.75673076923077       3.67624246589877846E-004
   118.25480769230769      -8.46201110948082303E-004
   118.75288461538462      -1.88077594753369246E-003
   119.25096153846154      -2.47341750699144177E-003
   119.74903846153846      -2.47341750699144177E-003
