  -10.249038461538461       1.72376869475753051E-005
  -9.7509615384615387       1.72376869475753051E-005
  -9.2528846153846160      -1.65594226620133650E-005
  -8.7548076923076916      -1.54321144060076580E-005
  -8.2567307692307690       1.30540205563372863E-005
  -7.7586538461538463       8.71533385706958769E-006
  -7.2605769230769228       3.68963281175748792E-006
  -6.7624999999999993      -1.56272458564829498E-005
  -6.2644230769230766      -1.14622777507718311E-005
  -5.7663461538461540       1.66837171298562163E-005
  -5.2682692307692305       2.02799309004394427E-005
  -4.7701923076923070      -9.36653054124358185E-006
  -4.2721153846153843      -4.26460377930492395E-005
  -3.7740384615384617       1.18670241719903303E-005
  -3.2759615384615381       6.05560117478438824E-005
  -2.7778846153846146      -1.54709344810281482E-005
  -2.2798076923076920      -7.19285531898656124E-005
  -1.7817307692307693       2.03206459586727093E-005
  -1.2836538461538467       6.71024483688690328E-005
 -0.78557692307692228      -2.01772916049257057E-005
 -0.28749999999999964      -3.75715244892569741E-005
  0.21057692307692299      -2.76514411904409279E-006
  0.70865384615384741       2.17784613850221727E-006
   1.2067307692307701       3.96622497165103762E-005
   1.7048076923076927       2.30103423549205137E-005
   2.2028846153846153      -6.14410625962534947E-005
   2.7009615384615380      -4.82914112453022119E-005
   3.1990384615384624       6.27466771590947330E-005
   3.6971153846153850       7.44348724444282242E-005
   4.1951923076923077      -5.49329636437032197E-005
   4.6932692307692321      -7.35605981921222000E-005
   5.1913461538461547       2.44083445729591014E-005
   5.6894230769230774       4.74099838289092834E-005
   6.1875000000000000       2.18333201119263047E-005
   6.6855769230769226      -1.54793817045424366E-005
   7.1836538461538453      -4.13245689349862259E-005
   7.6817307692307679      -3.15645341107466564E-005
   8.1798076923076941       3.32822224483525280E-005
   8.6778846153846168       6.53705106667960871E-005
   9.1759615384615394       5.09949003889970370E-006
   9.6740384615384620      -6.58970366006424212E-005
   10.172115384615385      -5.22006030566197999E-005
   10.670192307692307       2.64934652761815542E-005
   11.168269230769230       6.96415257516981920E-005
   11.666346153846156       4.60863493074208642E-005
   12.164423076923079      -5.00426525585749519E-005
   12.662500000000001      -8.88885696144873935E-005
   13.160576923076924      -2.57165759984494941E-005
   13.658653846153847       8.26658848178794966E-005
   14.156730769230769       1.10420257968870119E-004
   14.654807692307692      -3.26068658279254887E-005
   15.152884615384615      -1.26848315436096909E-004
   15.650961538461537      -4.76051935677132521E-005
   16.149038461538463       6.68076130633528766E-005
   16.647115384615386       1.04939542089675495E-004
   17.145192307692309       1.31814823232975748E-005
   17.643269230769231      -9.24486129449949103E-005
   18.141346153846154      -4.51378128773682595E-005
   18.639423076923077       3.28292955267395480E-005
   19.137499999999999       6.60817784634616034E-006
   19.635576923076925      -4.87287583099265417E-007
   20.133653846153848       5.15529517389891567E-005
   20.631730769230771       3.77108757703975499E-005
   21.129807692307693      -4.08639050874015696E-005
   21.627884615384616      -8.91605473972727669E-005
   22.125961538461539      -6.35148226436257749E-005
   22.624038461538461       5.46369619226902203E-005
   23.122115384615384       1.74752898903819215E-004
   23.620192307692307       9.65762688802706062E-005
   24.118269230769229      -1.51905290573514933E-004
   24.616346153846152      -2.39148271673691147E-004
   25.114423076923075      -1.77486400461646348E-005
   25.612499999999997       2.26598848758571483E-004
   26.110576923076927       1.99474120236180680E-004
   26.608653846153850      -2.34014107950808827E-005
   27.106730769230772      -1.82352776707532511E-004
   27.604807692307695      -1.53629680554302436E-004
   28.102884615384617       1.18819997726463475E-005
   28.600961538461540       1.76134269847518481E-004
   29.099038461538463       1.87869979582036783E-004
   29.597115384615385       2.32647175707620326E-005
   30.095192307692308      -1.34272004173927674E-004
   30.593269230769231      -9.25791298123699555E-005
   31.091346153846153       8.58706120281604814E-005
   31.589423076923076       1.68306855212787046E-004
   32.087499999999999       8.73236869326729796E-005
   32.585576923076921       2.09593989404921325E-005
   33.083653846153844       1.04411746114314917E-004
   33.581730769230774       2.27813507227877046E-004
   34.079807692307696       2.17420478131246091E-004
   34.577884615384619       1.05013402945717936E-004
   35.075961538461542       8.79014568378197545E-005
   35.574038461538464       2.62053892757452538E-004
   36.072115384615387       5.09585663021508038E-004
   36.570192307692309       6.56697391697503891E-004
   37.068269230769232       6.58781574874042135E-004
   37.566346153846155       6.07920526473834546E-004
   38.064423076923077       6.29077346644703632E-004
   38.562500000000000       8.09961860450874498E-004
   39.060576923076923       1.17296268451642406E-003
   39.558653846153845       1.64071065216213363E-003
   40.056730769230768       2.04577079908258670E-003
   40.554807692307691       2.25884651480494749E-003
   41.052884615384613       2.35050540279083077E-003
   41.550961538461536       2.58505078487643617E-003
   42.049038461538466       3.19369816928273325E-003
   42.547115384615388       4.14345501652502082E-003
   43.045192307692311       5.16101134806280695E-003
   43.543269230769234       6.00346777522240554E-003
   44.041346153846156       6.69563385794639046E-003
   44.539423076923079       7.49453011391093722E-003
   45.037500000000001       8.63999376621296493E-003
   45.535576923076924       1.01608518205589526E-002
   46.033653846153847       1.19115751393349210E-002
   46.531730769230769       1.37550383971214701E-002
   47.029807692307692       1.56811457849923910E-002
   47.527884615384615       1.77662944813490598E-002
   48.025961538461537       2.00659203968234189E-002
   48.524038461538460       2.25770415300359656E-002
   49.022115384615383       2.52913887688637172E-002
   49.520192307692312       2.82450174577801791E-002
   50.018269230769235       3.14887508160007976E-002
   50.516346153846158       3.50137040045212442E-002
   51.014423076923080       3.87259965782991433E-002
   51.512500000000003       4.25074898335272081E-002
   52.010576923076925       4.62995129448545845E-002
   52.508653846153848       5.01210270650263925E-002
   53.006730769230771       5.40059856900054064E-002
   53.504807692307693       5.79300607591517469E-002
   54.002884615384616       6.18010512882848223E-002
   54.500961538461539       6.55119076455804028E-002
   54.999038461538461       6.89876708603811700E-002
   55.497115384615384       7.21706956833717966E-002
   55.995192307692307       7.49641027502457730E-002
   56.493269230769229       7.72066333189259657E-002
   56.991346153846152       7.87239941253156245E-002
   57.489423076923075       7.94202208820196653E-002
   57.987499999999997       7.93217635216267175E-002
   58.485576923076920       7.85214100948317950E-002
   58.983653846153842       7.70596582152846821E-002
   59.481730769230765       7.48436200900646359E-002
   59.979807692307688       7.16789462274516342E-002
   60.477884615384610       6.73985586586869773E-002
   60.975961538461533       6.19923905626482280E-002
   61.474038461538456       5.56417610765712611E-002
   61.972115384615392       4.86382823017955657E-002
   62.470192307692315       4.12548282555017937E-002
   62.968269230769238       3.36648840235911836E-002
   63.466346153846160       2.59592131536971263E-002
   63.964423076923083       1.82299167306956486E-002
   64.462500000000006       1.06463271139343868E-002
   64.960576923076928       3.46589557147294457E-003
   65.458653846153851      -3.01704524040774611E-003
   65.956730769230774      -8.53391485835611197E-003
   66.454807692307696      -1.28660626102994440E-002
   66.952884615384619      -1.58234244216848632E-002
   67.450961538461542      -1.72149768405941671E-002
   67.949038461538464      -1.68562603087350944E-002
   68.447115384615387      -1.46255533690896299E-002
   68.945192307692309      -1.05343674431065612E-002
   69.443269230769232      -4.75825618994057346E-003
   69.941346153846155       2.40284109608433077E-003
   70.439423076923077       1.06165390359074623E-002
   70.937500000000000       1.96059702584015297E-002
   71.435576923076923       2.91783900935308343E-002
   71.933653846153845       3.91782698885357814E-002
   72.431730769230768       4.93987992523140726E-002
   72.929807692307691       5.95127609221464959E-002
   73.427884615384613       6.90710064055245765E-002
   73.925961538461536       7.75745953816631695E-002
   74.424038461538458       8.45835171743715558E-002
   74.922115384615381       8.98072786280232627E-002
   75.420192307692304       9.31383507149174672E-002
   75.918269230769226       9.46248827048335461E-002
   76.416346153846149       9.44103672522415421E-002
   76.914423076923072       9.26773051089237326E-002
   77.412500000000009       8.96179306722505314E-002
   77.910576923076931       8.54310328306883970E-002
   78.408653846153854       8.03271496303649274E-002
   78.906730769230776       7.45244516069375751E-002
   79.404807692307699       6.82311217425299182E-002
   79.902884615384622       6.16248505838908542E-002
   80.400961538461544       5.48446400649568525E-002
   80.899038461538467       4.80014319387478960E-002
   81.397115384615390       4.11990945137373499E-002
   81.895192307692312       3.45475020437662275E-002
   82.393269230769235       2.81526873203925831E-002
   82.891346153846158       2.20841952996617408E-002
   83.389423076923080       1.63373874073954109E-002
   83.887500000000003       1.08169160178787169E-002
   84.385576923076925       5.36048310799808279E-003
   84.883653846153848      -1.97796545126178655E-004
   85.381730769230771      -5.94696100827705413E-003
   85.879807692307693      -1.18359116602120389E-002
   86.377884615384616      -1.76561483474509881E-002
   86.875961538461539      -2.30794095070191302E-002
   87.374038461538461      -2.77346206144234997E-002
   87.872115384615384      -3.12920186340580816E-002
   88.370192307692307      -3.35217700876892719E-002
   88.868269230769229      -3.43094640394350156E-002
   89.366346153846152      -3.36332681831082309E-002
   89.864423076923075      -3.15256770375163253E-002
   90.362499999999997      -2.80477387737040548E-002
   90.860576923076920      -2.32935506473599882E-002
   91.358653846153842      -1.74234346235005617E-002
   91.856730769230765      -1.07057395853874960E-002
   92.354807692307688      -3.53907198000985232E-003
   92.852884615384610       3.56698780326473921E-003
   93.350961538461533       1.00569550976037873E-002
   93.849038461538470       1.54238265376378143E-002
   94.347115384615392       1.93020929434239569E-002
   94.845192307692315       2.15273920402696481E-002
   95.343269230769238       2.21428993843978579E-002
   95.841346153846160       2.13526454219867268E-002
   96.339423076923083       1.94414618952832609E-002
   96.837500000000006       1.66922755609846436E-002
   97.335576923076928       1.33299932615213758E-002
   97.833653846153851       9.50858239682372819E-003
   98.331730769230774       5.33983436933036914E-003
   98.829807692307696       9.46115948755981741E-004
   99.327884615384619      -3.48879546846468484E-003
   99.825961538461542      -7.69449719502557361E-003
   100.32403846153846      -1.13272082183936938E-002
   100.82211538461539      -1.40195933094410113E-002
   101.32019230769231      -1.54523802746259469E-002
   101.81826923076923      -1.54262494457602355E-002
   102.31634615384615      -1.39134596654902805E-002
   102.81442307692308      -1.10759903269367493E-002
   103.31250000000000      -7.24724550647935350E-003
   103.81057692307692      -2.88377944431324499E-003
   104.30865384615385       1.50070314444348749E-003
   104.80673076923077       5.40555467164322012E-003
   105.30480769230769       8.40645213372921002E-003
   105.80288461538461       1.02046178806969069E-002
   106.30096153846154       1.06586090400076355E-002
   106.79903846153846       9.79752134040989472E-003
   107.29711538461538       7.81518558038172585E-003
   107.79519230769230       5.04509464324376638E-003
   108.29326923076923       1.91660417438684950E-003
   108.79134615384615      -1.10480703420672488E-003
   109.28942307692309      -3.58686153381270302E-003
   109.78750000000001      -5.19919558235909084E-003
   110.28557692307693      -5.76874626325700295E-003
   110.78365384615385      -5.30938862465975617E-003
   111.28173076923078      -4.01719908400030232E-003
   111.77980769230770      -2.22958750760812816E-003
   112.27788461538462      -3.54900449003731338E-004
   112.77596153846154       1.21330353542564002E-003
   113.27403846153847       2.17851377809941908E-003
   113.77211538461539       2.40120492227183799E-003
   114.27019230769231       1.92235216603776340E-003
   114.76826923076923       9.44949346229031822E-004
   115.26634615384616      -2.21885999305830855E-004
   115.76442307692308      -1.24246303791662911E-003
   116.26250000000000      -1.83816534852210972E-003
   116.76057692307693      -1.85471959383481586E-003
   117.25865384615385      -1.29681225993734297E-003
   117.75673076923077      -3.22029143738454668E-004
   118.25480769230769       8.03712255288295649E-004
   118.75288461538462       1.77748928801757500E-003
   119.25096153846154       2.33913381911599137E-003
   119.74903846153846       2.33913381911599137E-003
