  -10.249038461538461      -5.56900035498895596E-005
  -9.7509615384615387      -5.56900035498895596E-005
  -9.2528846153846160       5.00079770989849174E-005
  -8.7548076923076916       5.87978282963879122E-005
  -8.2567307692307690      -3.24717243954750567E-005
  -7.7586538461538463      -7.50172585132460239E-005
  -7.2605769230769228       1.30517779029820752E-005
  -6.7624999999999993       9.97699760616451499E-005
  -6.2644230769230766      -1.85481156328262030E-006
  -5.7663461538461540      -1.08034631190891562E-004
  -5.2682692307692305      -1.34435563398417996E-005
  -4.7701923076923070       9.44659012898083409E-005
  -4.2721153846153843       2.98024963150574390E-005
  -3.7740384615384617      -5.32389038750453477E-005
  -3.2759615384615381      -4.06644799929713701E-005
  -2.7778846153846146      -1.50869840165556140E-005
  -2.2798076923076920       4.96979507792700886E-005
  -1.7817307692307693       7.42899109027851055E-005
  -1.2836538461538467      -3.86384909194620015E-005
 -0.78557692307692228      -9.62055635144259632E-005
 -0.28749999999999964       9.12089665671101887E-007
  0.21057692307692299       7.19914753156978616E-005
  0.70865384615384741       3.66506996923700727E-005
   1.2067307692307701      -4.96791408361694307E-006
   1.7048076923076927      -3.93769953171302592E-005
   2.2028846153846153      -7.86587599532921812E-005
   2.7009615384615380      -8.49381330530606538E-008
   3.1990384615384624       1.21605745347351166E-004
   3.6971153846153850       5.73049867449630201E-005
   4.1951923076923077      -7.30813200940829267E-005
   4.6932692307692321      -9.84523576620134622E-005
   5.1913461538461547      -3.70925326727181596E-005
   5.6894230769230774       8.15473164316079640E-005
   6.1875000000000000       1.12621259408566545E-004
   6.6855769230769226       1.50849099954188283E-005
   7.1836538461538453      -1.04275417086969129E-004
   7.6817307692307679      -1.06726780162926010E-004
   8.1798076923076941       1.95155876537138497E-005
   8.6778846153846168       1.00849958380550263E-004
   9.1759615384615394       6.01259840045103449E-005
   9.6740384615384620      -1.08291549760509479E-005
   10.172115384615385      -4.12144409534670339E-005
   10.670192307692307      -4.44065564695733843E-005
   11.168269230769230      -6.33766717096621195E-005
   11.666346153846156      -2.55640596647130721E-005
   12.164423076923079       1.09792569568602428E-004
   12.662500000000001       1.49958380707378440E-004
   13.160576923076924       3.09124473484331499E-005
   13.658653846153847      -1.76325185591978082E-004
   14.156730769230769      -2.33640743658850231E-004
   14.654807692307692       1.35268213302801603E-005
   15.152884615384615       2.51659353709198538E-004
   15.650961538461537       1.99974730757925857E-004
   16.149038461538463      -2.85392208929872841E-005
   16.647115384615386      -2.22298166218748785E-004
   17.145192307692309      -2.02055700192501503E-004
   17.643269230769231       3.82143635213844730E-005
   18.141346153846154       2.00796047073198929E-004
   18.639423076923077       9.99106466209183467E-005
   19.137499999999999      -4.70347144264048598E-005
   19.635576923076925      -4.27811120526299066E-005
   20.133653846153848       1.95025511748297598E-006
   20.631730769230771      -2.80250306075493321E-005
   21.129807692307693      -7.02857400736459840E-005
   21.627884615384616      -6.30980011297941051E-005
   22.125961538461539      -4.62459556889033556E-006
   22.624038461538461       1.13571046481471274E-004
   23.122115384615384       2.16013909232919783E-004
   23.620192307692307       1.24371889230640205E-004
   24.118269230769229      -1.71149374796985247E-004
   24.616346153846152      -3.73955792355367821E-004
   25.114423076923075      -2.18469946136063916E-004
   25.612499999999997       1.63902555978394322E-004
   26.110576923076927       3.94056751514210938E-004
   26.608653846153850       2.85186057337137849E-004
   27.106730769230772      -1.62811348307234248E-005
   27.604807692307695      -2.64908991263324142E-004
   28.102884615384617      -3.30372239209741317E-004
   28.600961538461540      -2.00031338925503612E-004
   29.099038461538463       6.24626912912113938E-005
   29.597115384615385       3.02492573990337536E-004
   30.095192307692308       3.33699234281857496E-004
   30.593269230769231       1.13806821701578729E-004
   31.091346153846153      -1.72470671585086866E-004
   31.589423076923076      -2.82457211726911837E-004
   32.087499999999999      -1.64681524677755931E-004
   32.585576923076921       1.22471358982931001E-005
   33.083653846153844       7.74968732299956552E-005
   33.581730769230774       4.30431393530626325E-005
   34.079807692307696       4.01564870500102942E-005
   34.577884615384619       1.18044134546526166E-004
   35.075961538461542       1.72280320490644139E-004
   35.574038461538464       8.28150712891125788E-005
   36.072115384615387      -1.23256513289282958E-004
   36.570192307692309      -2.83357856960804596E-004
   37.068269230769232      -2.63071612925053298E-004
   37.566346153846155      -8.03606724702756413E-005
   38.064423076923077       1.32187624733519338E-004
   38.562500000000000       2.57796958237994890E-004
   39.060576923076923       2.68666109251963574E-004
   39.558653846153845       1.90999353283600120E-004
   40.056730769230768       4.40741203198016329E-005
   40.554807692307691      -1.56450306882129769E-004
   41.052884615384613      -3.46976455205464773E-004
   41.550961538461536      -4.08902189386988238E-004
   42.049038461538466      -2.51152407029570622E-004
   42.547115384615388       8.61303538939893259E-005
   43.045192307692311       4.20384311685321316E-004
   43.543269230769234       5.42483511787546983E-004
   44.041346153846156       3.70694270111520470E-004
   44.539423076923079       1.16528465207988959E-005
   45.037500000000001      -3.22088858677071826E-004
   45.535576923076924      -4.64284274470640581E-004
   46.033653846153847      -3.91284770750850556E-004
   46.531730769230769      -1.97463984839215160E-004
   47.029807692307692       6.27451937648679302E-006
   47.527884615384615       1.70680282575158624E-004
   48.025961538461537       3.01939648424335151E-004
   48.524038461538460       3.97961752202693206E-004
   49.022115384615383       4.06357180288967118E-004
   49.520192307692312       2.55981986719930658E-004
   50.018269230769235      -6.20255561960652820E-005
   50.516346153846158      -4.40717556055692243E-004
   51.014423076923080      -6.91308931840519964E-004
   51.512500000000003      -6.53450512454853590E-004
   52.010576923076925      -3.05874514841888772E-004
   52.508653846153848       2.04100305635832209E-004
   53.006730769230771       6.36968498166888401E-004
   53.504807692307693       7.94061956354156660E-004
   54.002884615384616       6.21572204162795534E-004
   54.500961538461539       2.24437126378573479E-004
   54.999038461538461      -2.08103274027046452E-004
   55.497115384615384      -5.08980724095271504E-004
   55.995192307692307      -6.04859815793192890E-004
   56.493269230769229      -5.19844805076178458E-004
   56.991346153846152      -3.27438181379598832E-004
   57.489423076923075      -9.57082199217265672E-005
   57.987499999999997       1.36608841945930079E-004
   58.485576923076920       3.47232987009161683E-004
   58.983653846153842       5.04670857429195059E-004
   59.481730769230765       5.60246004083702048E-004
   59.979807692307688       4.69824063632351538E-004
   60.477884615384610       2.30220911052051184E-004
   60.975961538461533      -9.92162544209173377E-005
   61.474038461538456      -4.11010994507256288E-004
   61.972115384615392      -5.96488966285414583E-004
   62.470192307692315      -5.98626331691535130E-004
   62.968269230769238      -4.38555774596022067E-004
   63.466346153846160      -1.99107802437095005E-004
   63.964423076923083       2.46607563894801545E-005
   64.462500000000006       1.77608299692102756E-004
   64.960576923076928       2.67532537739469665E-004
   65.458653846153851       3.45471664442370454E-004
   65.956730769230774       4.56189762990705195E-004
   66.454807692307696       5.90584324112512445E-004
   66.952884615384619       6.71776571107071262E-004
   67.450961538461542       5.87844695976296253E-004
   67.949038461538464       2.57202960408134200E-004
   68.447115384615387      -3.07473907120040598E-004
   68.945192307692309      -9.73111750626519520E-004
   69.443269230769232      -1.51724411742548086E-003
   69.941346153846155      -1.70799722292476691E-003
   70.439423076923077      -1.40055167539743881E-003
   70.937500000000000      -6.08216325982942970E-004
   71.435576923076923       4.83965632176790888E-004
   71.933653846153845       1.57116394685574028E-003
   72.431730769230768       2.32729223678177811E-003
   72.929807692307691       2.51286203054969931E-003
   73.427884615384613       2.05255239526168842E-003
   73.925961538461536       1.05630160242233722E-003
   74.424038461538458      -2.19833431237031985E-004
   74.922115384615381      -1.45507538545666649E-003
   75.420192307692304      -2.35692329614523065E-003
   75.918269230769226      -2.73513403543665509E-003
   76.416346153846149      -2.53702106746690748E-003
   76.914423076923072      -1.84044354990314362E-003
   77.412500000000009      -8.15149832130496492E-004
   77.910576923076931       3.29293419018965392E-004
   78.408653846153854       1.39134369085445629E-003
   78.906730769230776       2.21014065097282228E-003
   79.404807692307699       2.68073712305449876E-003
   79.902884615384622       2.75636655272091169E-003
   80.400961538461544       2.44459505807514488E-003
   80.899038461538467       1.80234690003698724E-003
   81.397115384615390       9.30702201420165209E-004
   81.895192307692312      -3.32253599485318176E-005
   82.393269230769235      -9.31022553578495968E-004
   82.891346153846158      -1.60586244484947778E-003
   83.389423076923080      -1.93087376617916704E-003
   83.887500000000003      -1.83619059520346022E-003
   84.385576923076925      -1.32596854121361045E-003
   84.883653846153848      -4.78180908616398137E-004
   85.381730769230771       5.75263331777114365E-004
   85.879807692307693       1.68419348516970525E-003
   86.377884615384616       2.72209609568469998E-003
   86.875961538461539       3.62188361117099771E-003
   87.374038461538461       4.39424629580077806E-003
   87.872115384615384       5.12221531202721424E-003
   88.370192307692307       5.93272463041512755E-003
   88.868269230769229       6.95312448822153501E-003
   89.366346153846152       8.26551043956341019E-003
   89.864423076923075       9.87285700307755955E-003
   90.362499999999997       1.16879346388520967E-002
   90.860576923076920       1.35497414282120671E-002
   91.358653846153842       1.52645207333899392E-002
   91.856730769230765       1.66615365252798242E-002
   92.354807692307688       1.76495204975133553E-002
   92.852884615384610       1.82591680797889663E-002
   93.350961538461533       1.86602729294398952E-002
   93.849038461538470       1.91480934418159568E-002
   94.347115384615392       2.01007202049135712E-002
   94.845192307692315       2.19157499025677792E-002
   95.343269230769238       2.49389458047774883E-002
   95.841346153846160       2.93988977585417262E-002
   96.339423076923083       3.53599049858349182E-002
   96.837500000000006       4.27010514278466577E-002
   97.335576923076928       5.11238875275693491E-002
   97.833653846153851       6.01856088029860056E-002
   98.331730769230774       6.93503062955526800E-002
   98.829807692307696       7.80485225088044798E-002
   99.327884615384619       8.57352116384796636E-002
   99.825961538461542       9.19379934769019996E-002
   100.32403846153846       9.62906459262623665E-002
   100.82211538461539       9.85502648457661640E-002
   101.32019230769231       9.85996324527668444E-002
   101.81826923076923       9.64384875406618103E-002
   102.31634615384615       9.21683027342721228E-002
   102.81442307692308       8.59748895652040213E-002
   103.31250000000000       7.81119768164174888E-002
   103.81057692307692       6.88872974922166148E-002
   104.30865384615385       5.86511536651899701E-002
   104.80673076923077       4.77862942487430747E-002
   105.30480769230769       3.66974598396749147E-002
   105.80288461538461       2.57991492803880153E-002
   106.30096153846154       1.55009000809380390E-002
   106.79903846153846       6.19038904032611151E-003
   107.29711538461538      -1.78435083643521848E-003
   107.79519230769230      -8.13160338046505816E-003
   108.29326923076923      -1.26293094007513141E-002
   108.79134615384615      -1.51331446542062945E-002
   109.28942307692309      -1.55781534069107264E-002
   109.78750000000001      -1.39737883319142279E-002
   110.28557692307693      -1.03933038506888696E-002
   110.78365384615385      -4.95938242901211405E-003
   111.28173076923078       2.17154370374164456E-003
   111.77980769230770       1.08236888342460105E-002
   112.27788461538462       2.08127929061876077E-002
   112.77596153846154       3.19520016337329557E-002
   113.27403846153847       4.40522753802009004E-002
   113.77211538461539       5.69179339955991695E-002
   114.27019230769231       7.03389012036926137E-002
   114.76826923076923       8.40818805667918334E-002
   115.26634615384616       9.78829650146869623E-002
   115.76442307692308       0.11144401311526053     
   116.26250000000000       0.12443455095869720     
   116.76057692307693       0.13650007694233318     
   117.25865384615385       0.14727660279780547     
   117.75673076923077       0.15641022514371888     
   118.25480769230769       0.16357965080907788     
   118.75288461538462       0.16851903063728840     
   119.25096153846154       0.17103827701402807     
   119.74903846153846       0.17103827701402807     
