  -10.249038461538461       1.21513030532914251E-004
  -9.7509615384615387       1.21513030532914251E-004
  -9.2528846153846160       5.46568062711299385E-005
  -8.7548076923076916       8.63578629238777936E-005
  -8.2567307692307690       1.65391932741435225E-004
  -7.7586538461538463       1.30425420713591066E-004
  -7.2605769230769228       1.07550084155520076E-004
  -6.7624999999999993       2.06479679822416811E-004
  -6.2644230769230766       2.52203242018301447E-004
  -5.7663461538461540       2.41365712644236080E-004
  -5.2682692307692305       2.93078144564817421E-004
  -4.7701923076923070       4.01252014652049810E-004
  -4.2721153846153843       4.82088055176688396E-004
  -3.7740384615384617       5.34738287794012243E-004
  -3.2759615384615381       6.42859909208089966E-004
  -2.7778846153846146       7.99024763524028140E-004
  -2.2798076923076920       9.75313275600960244E-004
  -1.7817307692307693       1.12685663759652947E-003
  -1.2836538461538467       1.30701179915020853E-003
 -0.78557692307692228       1.59602175861371827E-003
 -0.28749999999999964       1.91868541847192708E-003
  0.21057692307692299       2.23285784316949861E-003
  0.70865384615384741       2.58119199910960932E-003
   1.2067307692307701       3.04445995076411090E-003
   1.7048076923076927       3.64793072763680603E-003
   2.2028846153846153       4.22322144615729957E-003
   2.7009615384615380       4.81469262472573618E-003
   3.1990384615384624       5.65149944611649871E-003
   3.6971153846153850       6.58645998508385500E-003
   4.1951923076923077       7.54721241636394698E-003
   4.6932692307692321       8.67296286161691778E-003
   5.1913461538461547       9.91546629069292584E-003
   5.6894230769230774       1.13063839770004438E-002
   6.1875000000000000       1.29261990581158778E-002
   6.6855769230769226       1.46889829887506280E-002
   7.1836538461538453       1.64965762231120416E-002
   7.6817307692307679       1.85288450802175222E-002
   8.1798076923076941       2.08912409373136765E-002
   8.6778846153846168       2.33922901072012822E-002
   9.1759615384615394       2.59442755904197991E-002
   9.6740384615384620       2.87016040776189064E-002
   10.172115384615385       3.17355954985543073E-002
   10.670192307692307       3.49422805354032556E-002
   11.168269230769230       3.82382343032866903E-002
   11.666346153846156       4.16187281133483800E-002
   12.164423076923079       4.51037579458965152E-002
   12.662500000000001       4.86736253598745242E-002
   13.160576923076924       5.23280649960101985E-002
   13.658653846153847       5.59227963913526277E-002
   14.156730769230769       5.93737146668765273E-002
   14.654807692307692       6.26749294157877557E-002
   15.152884615384615       6.58133295623810205E-002
   15.650961538461537       6.87633081614002634E-002
   16.149038461538463       7.13354856575187379E-002
   16.647115384615386       7.34287558780882810E-002
   17.145192307692309       7.50365802551072741E-002
   17.643269230769231       7.60768094122461352E-002
   18.141346153846154       7.65651184384344707E-002
   18.639423076923077       7.64472210234668215E-002
   19.137499999999999       7.55083234373176981E-002
   19.635576923076925       7.37057883712139428E-002
   20.133653846153848       7.11339430507703374E-002
   20.631730769230771       6.78529668610324543E-002
   21.129807692307693       6.38989371963689656E-002
   21.627884615384616       5.91672615923433953E-002
   22.125961538461539       5.35622642974234314E-002
   22.624038461538461       4.73434201293167489E-002
   23.122115384615384       4.08540179739367224E-002
   23.620192307692307       3.41049239402368004E-002
   24.118269230769229       2.70422124303644693E-002
   24.616346153846152       1.98778320243664687E-002
   25.114423076923075       1.29193859029291692E-002
   25.612499999999997       6.40603333089580576E-003
   26.110576923076927       5.45674596684883259E-004
   26.608653846153850      -4.51805066254555229E-003
   27.106730769230772      -8.66999591514110851E-003
   27.604807692307695      -1.16757975403168693E-002
   28.102884615384617      -1.32854157246473405E-002
   28.600961538461540      -1.34566218263323361E-002
   29.099038461538463      -1.22187739316139705E-002
   29.597115384615385      -9.43039064148138220E-003
   30.095192307692308      -4.97103019597769369E-003
   30.593269230769231       9.52974301604946408E-004
   31.091346153846153       7.98917390758485842E-003
   31.589423076923076       1.60129355900338194E-002
   32.087499999999999       2.50495863327827029E-002
   32.585576923076921       3.48993140830712589E-002
   33.083653846153844       4.50691854463327463E-002
   33.581730769230774       5.50483115972572323E-002
   34.079807692307696       6.45013733662167382E-002
   34.577884615384619       7.32330612204271786E-002
   35.075961538461542       8.10819464028955661E-002
   35.574038461538464       8.78165121483515665E-002
   36.072115384615387       9.30650788422397734E-002
   36.570192307692309       9.64263196253028892E-002
   37.068269230769232       9.77491960895585793E-002
   37.566346153846155       9.72411897877974440E-002
   38.064423076923077       9.51930653294926071E-002
   38.562500000000000       9.16500304203130001E-002
   39.060576923076923       8.64847206291395471E-002
   39.558653846153845       7.97747308663951243E-002
   40.056730769230768       7.19580119174753619E-002
   40.554807692307691       6.35647146821255726E-002
   41.052884615384613       5.49040718214473394E-002
   41.550961538461536       4.60901292136436588E-002
   42.049038461538466       3.72857772471171453E-002
   42.547115384615388       2.87893814411194424E-002
   43.045192307692311       2.08781486352676085E-002
   43.543269230769234       1.36621852320089922E-002
   44.041346153846156       7.13070821600880842E-003
   44.539423076923079       1.27827542774350874E-003
   45.037500000000001      -3.87145434154060036E-003
   45.535576923076924      -8.33696386894733354E-003
   46.033653846153847      -1.22121938456984189E-002
   46.531730769230769      -1.56203704318520053E-002
   47.029807692307692      -1.86644132484195847E-002
   47.527884615384615      -2.14161840490738435E-002
   48.025961538461537      -2.38982383588406157E-002
   48.524038461538460      -2.60380276583067026E-002
   49.022115384615383      -2.76687985580482271E-002
   49.520192307692312      -2.86319831755053010E-002
   50.018269230769235      -2.88916908972738987E-002
   50.516346153846158      -2.85094334586619633E-002
   51.014423076923080      -2.74748793075352063E-002
   51.512500000000003      -2.55856650675955304E-002
   52.010576923076925      -2.25540691606091470E-002
   52.508653846153848      -1.82744910741550297E-002
   53.006730769230771      -1.29879299729374932E-002
   53.504807692307693      -7.16764484544687042E-003
   54.002884615384616      -1.23661746339246911E-003
   54.500961538461539       4.60309119249792398E-003
   54.999038461538461       1.02773237881122366E-002
   55.497115384615384       1.56081932691422981E-002
   55.995192307692307       2.01972745299973042E-002
   56.493269230769229       2.35408386708484650E-002
   56.991346153846152       2.52606635079225227E-002
   57.489423076923075       2.52458201592787070E-002
   57.987499999999997       2.36187797127275743E-002
   58.485576923076920       2.06098764520152127E-002
   58.983653846153842       1.64731076174997049E-002
   59.481730769230765       1.14873039476515101E-002
   59.979807692307688       5.98500648060713934E-003
   60.477884615384610       3.43912432436306419E-004
   60.975961538461533      -5.05665606879721931E-003
   61.474038461538456      -9.86642510169909864E-003
   61.972115384615392      -1.37623717619800509E-002
   62.470192307692315      -1.64504624129141602E-002
   62.968269230769238      -1.77130031848718832E-002
   63.466346153846160      -1.74876832517029748E-002
   63.964423076923083      -1.59113219846682627E-002
   64.462500000000006      -1.32766564809769384E-002
   64.960576923076928      -9.92477543307016680E-003
   65.458653846153851      -6.15396060591943874E-003
   65.956730769230774      -2.20744835329447602E-003
   66.454807692307696       1.67434453719782824E-003
   66.952884615384619       5.21080965072455958E-003
   67.450961538461542       8.10563165329152707E-003
   67.949038461538464       1.01254497609650981E-002
   68.447115384615387       1.11640431450157999E-002
   68.945192307692309       1.12376676051980148E-002
   69.443269230769232       1.04243406613160183E-002
   69.941346153846155       8.81237584362610377E-003
   70.439423076923077       6.51004579391452082E-003
   70.937500000000000       3.70259595237961044E-003
   71.435576923076923       6.88807339188635560E-004
   71.933653846153845      -2.16036932492307465E-003
   72.431730769230768      -4.51143109300475905E-003
   72.929807692307691      -6.17271650829115653E-003
   73.427884615384613      -7.11751916564916549E-003
   73.925961538461536      -7.41256725300734869E-003
   74.424038461538458      -7.11390328633370629E-003
   74.922115384615381      -6.21708382318262448E-003
   75.420192307692304      -4.70266175151854739E-003
   75.918269230769226      -2.63916702493754507E-003
   76.416346153846149      -2.57603024626526858E-004
   76.914423076923072       2.06934843264433566E-003
   77.412500000000009       3.94091011916608558E-003
   77.910576923076931       5.06712981433754452E-003
   78.408653846153854       5.35240536646944699E-003
   78.906730769230776       4.88619235330360179E-003
   79.404807692307699       3.86625676657331935E-003
   79.902884615384622       2.51502039272841812E-003
   80.400961538461544       1.03627228167954923E-003
   80.899038461538467      -3.84457782609441820E-004
   81.397115384615390      -1.56898140459340034E-003
   81.895192307692312      -2.35969003361332676E-003
   82.393269230769235      -2.66172158999794604E-003
   82.891346153846158      -2.48540988281598140E-003
   83.389423076923080      -1.95198245818943399E-003
   83.887500000000003      -1.24876845473480074E-003
   84.385576923076925      -5.56233269876093748E-004
   84.883653846153848       1.04216135046579245E-005
   85.381730769230771       4.13179170631644565E-004
   85.879807692307693       6.58330662861931733E-004
   86.377884615384616       7.51570717407632448E-004
   86.875961538461539       6.79609690086586688E-004
   87.374038461538461       4.33590927189859586E-004
   87.872115384615384       5.47338268068731489E-005
   88.370192307692307      -3.38316335910525379E-004
   88.868269230769229      -5.72518955921663382E-004
   89.366346153846152      -4.93243992246210090E-004
   89.864423076923075      -5.09940855429602004E-005
   90.362499999999997       6.48250991492433032E-004
   90.860576923076920       1.36322467752632900E-003
   91.358653846153842       1.80514448122613214E-003
   91.856730769230765       1.75410220796204299E-003
   92.354807692307688       1.15061833918835509E-003
   92.852884615384610       1.22642128083898152E-004
   93.350961538461533      -1.05943144073871766E-003
   93.849038461538470      -2.07509568562596822E-003
   94.347115384615392      -2.65306061181180006E-003
   94.845192307692315      -2.64259855127326002E-003
   95.343269230769238      -2.04104317827635872E-003
   95.841346153846160      -9.81351209217727876E-004
   96.339423076923083       3.05991114465960180E-004
   96.837500000000006       1.54317298792078141E-003
   97.335576923076928       2.45987539473305119E-003
   97.833653846153851       2.84878226105265628E-003
   98.331730769230774       2.61529204631254534E-003
   98.829807692307696       1.80899271353567644E-003
   99.327884615384619       6.21975394347678082E-004
   99.825961538461542      -6.54500237344783501E-004
   100.32403846153846      -1.70848644474186026E-003
   100.82211538461539      -2.29773057236394400E-003
   101.32019230769231      -2.31970558788324515E-003
   101.81826923076923      -1.83416341280732693E-003
   102.31634615384615      -1.02950747323162948E-003
   102.81442307692308      -1.47793837590063618E-004
   103.31250000000000       5.99615236685025702E-004
   103.81057692307692       1.09133821850669979E-003
   104.30865384615385       1.30934960352587469E-003
   104.80673076923077       1.30816845536175651E-003
   105.30480769230769       1.16187601472890131E-003
   105.80288461538461       9.19131046152026326E-004
   106.30096153846154       5.88917247791356877E-004
   106.79903846153846       1.61218270868559760E-004
   107.29711538461538      -3.52947874413462150E-004
   107.79519230769230      -8.88558609408509779E-004
   108.29326923076923      -1.32371985206087813E-003
   108.79134615384615      -1.51425366575333974E-003
   109.28942307692309      -1.35310146258112640E-003
   109.78750000000001      -8.27579264778333969E-004
   110.28557692307693      -4.59380098940518657E-005
   110.78365384615385       7.83248760761533040E-004
   111.28173076923078       1.41510869806477460E-003
   111.77980769230770       1.65288309172792296E-003
   112.27788461538462       1.41996885366482630E-003
   112.77596153846154       7.90802977803021774E-004
   113.27403846153847      -3.23321873806185506E-005
   113.77211538461539      -7.88498400618616187E-004
   114.27019230769231      -1.24765829419581182E-003
   114.76826923076923      -1.28771020105465693E-003
   115.26634615384616      -9.31537641001036398E-004
   115.76442307692308      -3.32080422624693439E-004
   116.26250000000000       2.87340545865185704E-004
   116.76057692307693       7.14496912307698148E-004
   117.25865384615385       8.21840309139473466E-004
   117.75673076923077       6.06618391460968741E-004
   118.25480769230769       1.84789790157709644E-004
   118.75288461538462      -2.57320773124926501E-004
   119.25096153846154      -5.35083466914538174E-004
   119.74903846153846      -5.35083466914538174E-004
