  -10.249038461538461      -3.18188521535957064E-005
  -9.7509615384615387      -3.18188521535957064E-005
  -9.2528846153846160       4.19031007432529683E-005
  -8.7548076923076916       2.37907472135744086E-005
  -8.2567307692307690      -5.05263922572829198E-005
  -7.7586538461538463      -1.90929307413783148E-006
  -7.2605769230769228       4.83364931891757705E-005
  -6.7624999999999993      -8.08680197852402074E-006
  -6.2644230769230766      -3.16013509180231126E-005
  -5.7663461538461540       9.88796028635191864E-006
  -5.2682692307692305       3.47316390438045304E-005
  -4.7701923076923070      -1.64692577115499840E-006
  -4.2721153846153843      -2.03265829924162020E-005
  -3.7740384615384617       8.54708418734588104E-006
  -3.2759615384615381       2.87742914029601481E-005
  -2.7778846153846146       2.64751364150467559E-005
  -2.2798076923076920      -1.02777294486748760E-005
  -1.7817307692307693      -6.75975119551751018E-006
  -1.2836538461538467       5.24470931817019661E-005
 -0.78557692307692228       6.08652827594884522E-005
 -0.28749999999999964       6.87201072838837347E-006
  0.21057692307692299       1.52697537915488389E-006
  0.70865384615384741       8.25853650345764420E-005
   1.2067307692307701       1.20142338100630096E-004
   1.7048076923076927       5.33844790923399467E-005
   2.2028846153846153       5.46988869820619125E-005
   2.7009615384615380       1.55896733803844551E-004
   3.1990384615384624       1.77795992397285593E-004
   3.6971153846153850       1.89889087228877547E-004
   4.1951923076923077       2.36255838315807581E-004
   4.6932692307692321       2.38014074297164221E-004
   5.1913461538461547       3.35393899444574720E-004
   5.6894230769230774       4.88267480497012207E-004
   6.1875000000000000       5.24411293155241419E-004
   6.6855769230769226       5.29029744493002491E-004
   7.1836538461538453       6.99678994311210317E-004
   7.6817307692307679       9.50952050879668668E-004
   8.1798076923076941       1.09465366987238620E-003
   8.6778846153846168       1.21488022457546347E-003
   9.1759615384615394       1.45088002894144981E-003
   9.6740384615384620       1.78070639628249701E-003
   10.172115384615385       2.14100876357017564E-003
   10.670192307692307       2.51338267817204303E-003
   11.168269230769230       2.91774769852274404E-003
   11.666346153846156       3.38890722024796443E-003
   12.164423076923079       3.99435039142222430E-003
   12.662500000000001       4.73603139009685752E-003
   13.160576923076924       5.50656929962136960E-003
   13.658653846153847       6.33372866992235484E-003
   14.156730769230769       7.26827829772320848E-003
   14.654807692307692       8.40058430323278177E-003
   15.152884615384615       9.72577979996062936E-003
   15.650961538461537       1.11453053698803983E-002
   16.149038461538463       1.26897159362159562E-002
   16.647115384615386       1.43563177402351201E-002
   17.145192307692309       1.62088485699999098E-002
   17.643269230769231       1.83831549179367254E-002
   18.141346153846154       2.07665998316590092E-002
   18.639423076923077       2.32155049141464995E-002
   19.137499999999999       2.57835359593460121E-002
   19.635576923076925       2.85670864281548885E-002
   20.133653846153848       3.16653679707354155E-002
   20.631730769230771       3.50312503368033212E-002
   21.129807692307693       3.84039698732566090E-002
   21.627884615384616       4.17329201124330904E-002
   22.125961538461539       4.52575809507819310E-002
   22.624038461538461       4.90107490086351613E-002
   23.122115384615384       5.27666772020685820E-002
   23.620192307692307       5.64097047157030088E-002
   24.118269230769229       5.99421349189575500E-002
   24.616346153846152       6.33301561791829587E-002
   25.114423076923075       6.65409374255265390E-002
   25.612499999999997       6.95106508201609741E-002
   26.110576923076927       7.20914248842419170E-002
   26.608653846153850       7.42066960841748086E-002
   27.106730769230772       7.58805805388599180E-002
   27.604807692307695       7.69989216906659391E-002
   28.102884615384617       7.73286261598377517E-002
   28.600961538461540       7.68561902772929018E-002
   29.099038461538463       7.57800758608081493E-002
   29.597115384615385       7.40967766553137924E-002
   30.095192307692308       7.15152786791618533E-002
   30.593269230769231       6.78657176134531137E-002
   31.091346153846153       6.33306669327949878E-002
   31.589423076923076       5.81942115471580576E-002
   32.087499999999999       5.25602837226243486E-002
   32.585576923076921       4.63787494885970555E-002
   33.083653846153844       3.96095686628322036E-002
   33.581730769230774       3.23371321574341397E-002
   34.079807692307696       2.48360647606631693E-002
   34.577884615384619       1.75168456699876310E-002
   35.075961538461542       1.06882033306944964E-002
   35.574038461538464       4.38288019727224587E-003
   36.072115384615387      -1.46037108891927236E-003
   36.570192307692309      -6.64981560122431588E-003
   37.068269230769232      -1.07189359449082894E-002
   37.566346153846155      -1.32884783980511088E-002
   38.064423076923077      -1.43229359375139018E-002
   38.562500000000000      -1.39571127362067941E-002
   39.060576923076923      -1.21823880746554421E-002
   39.558653846153845      -8.83325452202236502E-003
   40.056730769230768      -3.84273484875262590E-003
   40.554807692307691       2.61894737014392327E-003
   41.052884615384613       1.02786908529993379E-002
   41.550961538461536       1.89300478814094716E-002
   42.049038461538466       2.84077064328023751E-002
   42.547115384615388       3.84507006997740000E-002
   43.045192307692311       4.86683206317832656E-002
   43.543269230769234       5.86392746248854124E-002
   44.041346153846156       6.80025368477789049E-002
   44.539423076923079       7.64619726462799215E-002
   45.037500000000001       8.37647258915173304E-002
   45.535576923076924       8.97056684674693988E-002
   46.033653846153847       9.41183185212197543E-002
   46.531730769230769       9.68268527275811253E-002
   47.029807692307692       9.76381813284101091E-002
   47.527884615384615       9.64507869608410839E-002
   48.025961538461537       9.33992386204568620E-002
   48.524038461538460       8.88501777488725636E-002
   49.022115384615383       8.31975599108658315E-002
   49.520192307692312       7.66446093988117499E-002
   50.018269230769235       6.92083361533247787E-002
   50.516346153846158       6.09523522618665159E-002
   51.014423076923080       5.21975829362578483E-002
   51.512500000000003       4.34742027902345063E-002
   52.010576923076925       3.52500180867687668E-002
   52.508653846153848       2.76994549072008961E-002
   53.006730769230771       2.07224182344899650E-002
   53.504807692307693       1.41626123332337893E-002
   54.002884615384616       7.99600867459277984E-003
   54.500961538461539       2.32994680550072629E-003
   54.999038461538461      -2.73692615998843806E-003
   55.497115384615384      -7.22557089507058596E-003
   55.995192307692307      -1.12601036933078179E-002
   56.493269230769229      -1.49719929541215421E-002
   56.991346153846152      -1.84310201024213520E-002
   57.489423076923075      -2.16434868488809828E-002
   57.987499999999997      -2.45719734534554195E-002
   58.485576923076920      -2.71261378158677603E-002
   58.983653846153842      -2.91386651045774520E-002
   59.481730769230765      -3.03816168048389630E-002
   59.979807692307688      -3.06415025431295285E-002
   60.477884615384610      -2.98012050312028362E-002
   60.975961538461533      -2.78589277225819026E-002
   61.474038461538456      -2.48737719162609901E-002
   61.972115384615392      -2.09015577183624610E-002
   62.470192307692315      -1.59933058088478422E-002
   62.968269230769238      -1.02624103877809632E-002
   63.466346153846160      -3.95381505641281480E-003
   63.964423076923083       2.55664120066036952E-003
   64.462500000000006       8.83885463960562730E-003
   64.960576923076928       1.44984287560111363E-002
   65.458653846153851       1.92132843849160233E-002
   65.956730769230774       2.27114346079360027E-002
   66.454807692307696       2.47468255904425005E-002
   66.952884615384619       2.51305685445582308E-002
   67.450961538461542       2.38131247117163505E-002
   67.949038461538464       2.09503108475772165E-002
   68.447115384615387       1.68849913030250307E-002
   68.945192307692309       1.20413954428455067E-002
   69.443269230769232       6.80255979584519933E-003
   69.941346153846155       1.45711348682093546E-003
   70.439423076923077      -3.75584645977434291E-003
   70.937500000000000      -8.55721507945351664E-003
   71.435576923076923      -1.25847348716463352E-002
   71.933653846153845      -1.54496120358755644E-002
   72.431730769230768      -1.68651598525026286E-002
   72.929807692307691      -1.67610749026991142E-002
   73.427884615384613      -1.53057680775934117E-002
   73.925961538461536      -1.28252933589440218E-002
   74.424038461538458      -9.67733229329002277E-003
   74.922115384615381      -6.16038399845206600E-003
   75.420192307692304      -2.50090914947424152E-003
   75.918269230769226       1.10088968870609549E-003
   76.416346153846149       4.42390072150869972E-003
   76.914423076923072       7.22394296586265083E-003
   77.412500000000009       9.27865670795698094E-003
   77.910576923076931       1.04424298500025298E-002
   78.408653846153854       1.06703691770789998E-002
   78.906730769230776       1.00002515636677513E-002
   79.404807692307699       8.51728350412405896E-003
   79.902884615384622       6.33811264416463994E-003
   80.400961538461544       3.62933848917165042E-003
   80.899038461538467       6.40249275576902296E-004
   81.397115384615390      -2.29070394968161183E-003
   81.895192307692312      -4.78379665220671907E-003
   82.393269230769235      -6.51136581821132321E-003
   82.891346153846158      -7.29277534896499279E-003
   83.389423076923080      -7.13992839835053596E-003
   83.887500000000003      -6.22855513632459157E-003
   84.385576923076925      -4.81308057223842935E-003
   84.883653846153848      -3.13375298181496923E-003
   85.381730769230771      -1.36451868103605947E-003
   85.879807692307693       3.79522163937428061E-004
   86.377884615384616       1.99499986654193794E-003
   86.875961538461539       3.34648579598865320E-003
   87.374038461538461       4.26320908216502696E-003
   87.872115384615384       4.58456393295316334E-003
   88.370192307692307       4.23021631808458750E-003
   88.868269230769229       3.25451443504925489E-003
   89.366346153846152       1.85337185379203591E-003
   89.864423076923075       3.17603896102408275E-004
   90.362499999999997      -1.04664186782017386E-003
   90.860576923076920      -1.99699516714072975E-003
   91.358653846153842      -2.40593036939646104E-003
   91.856730769230765      -2.27373653410061069E-003
   92.354807692307688      -1.71043693343537963E-003
   92.852884615384610      -9.01159620503037525E-004
   93.350961538461533      -6.62123448701409175E-005
   93.849038461538470       5.80526456029414471E-004
   94.347115384615392       8.75196559522583499E-004
   94.845192307692315       7.46189124433657572E-004
   95.343269230769238       2.43637157963654715E-004
   95.841346153846160      -4.60075984983455803E-004
   96.339423076923083      -1.11015905160797429E-003
   96.837500000000006      -1.44591639401258016E-003
   97.335576923076928      -1.29164769619549745E-003
   97.833653846153851      -6.27876509193515779E-004
   98.331730769230774       3.88283782912521823E-004
   98.829807692307696       1.46662419345987109E-003
   99.327884615384619       2.27819887471463183E-003
   99.825961538461542       2.56579180398930438E-003
   100.32403846153846       2.22859681264271463E-003
   100.82211538461539       1.35013686667262650E-003
   101.32019230769231       1.62235199793380456E-004
   101.81826923076923      -1.03658467221703150E-003
   102.31634615384615      -1.97396195569262247E-003
   102.81442307692308      -2.47348164137787228E-003
   103.31250000000000      -2.48136510889423231E-003
   103.81057692307692      -2.05073741649578747E-003
   104.30865384615385      -1.30102507283954573E-003
   104.80673076923077      -3.75877217667894064E-004
   105.30480769230769       5.83343437289764351E-004
   105.80288461538461       1.44505092409646604E-003
   106.30096153846154       2.08529126843021986E-003
   106.79903846153846       2.39057482651783759E-003
   107.29711538461538       2.27560317302673894E-003
   107.79519230769230       1.71426415649454634E-003
   108.29326923076923       7.70496026352014284E-004
   108.79134615384615      -3.89703200767570678E-004
   109.28942307692309      -1.51933878883321973E-003
   109.78750000000001      -2.34596484413510543E-003
   110.28557692307693      -2.64766978850485696E-003
   110.78365384615385      -2.32444354847346265E-003
   111.28173076923078      -1.43852177827959865E-003
   111.77980769230770      -2.06670935761282424E-004
   112.27788461538462       1.05607715639698444E-003
   112.77596153846154       2.02452289700385092E-003
   113.27403846153847       2.45531002062261564E-003
   113.77211538461539       2.25384426874796276E-003
   114.27019230769231       1.49616031932233448E-003
   114.76826923076923       4.01148156166775192E-004
   115.26634615384616      -7.35628569692782638E-004
   115.76442307692308      -1.62452176576625106E-003
   116.26250000000000      -2.05617240985828814E-003
   116.76057692307693      -1.94837372969001370E-003
   117.25865384615385      -1.35645105898157120E-003
   117.75673076923077      -4.49307187936420630E-004
   118.25480769230769       5.38437470349803385E-004
   118.75288461538462       1.36416446833580824E-003
   119.25096153846154       1.83155154703216962E-003
   119.74903846153846       1.83155154703216962E-003
