  -10.249038461538461      -8.32589024665485590E-004
  -9.7509615384615387      -8.32589024665485590E-004
  -9.2528846153846160      -5.20580950644381119E-004
  -8.7548076923076916      -1.25349960782118627E-004
  -8.2567307692307690       1.97982262122582730E-004
  -7.7586538461538463       4.84190669787722692E-004
  -7.2605769230769228       8.01750500276641456E-004
  -6.7624999999999993       9.05292115957269752E-004
  -6.2644230769230766       7.52496735503182081E-004
  -5.7663461538461540       5.05997106939899536E-004
  -5.2682692307692305       1.43334739269182607E-004
  -4.7701923076923070      -2.87940185036295406E-004
  -4.2721153846153843      -8.38356835058256655E-004
  -3.7740384615384617      -1.63204684575205873E-003
  -3.2759615384615381      -2.35591665041604221E-003
  -2.7778846153846146      -2.32421952741313506E-003
  -2.2798076923076920      -1.22406185072385662E-003
  -1.7817307692307693       4.86860219331075638E-004
  -1.2836538461538467       2.01453374916666554E-003
 -0.78557692307692228       2.91849379087462868E-003
 -0.28749999999999964       3.32705685419903453E-003
  0.21057692307692299       3.57620627534457544E-003
  0.70865384615384741       3.72195061406280919E-003
   1.2067307692307701       3.40621472027620529E-003
   1.7048076923076927       2.18547934585722843E-003
   2.2028846153846153      -6.55573494830067119E-006
   2.7009615384615380      -2.74590087311858601E-003
   3.1990384615384624      -5.49382495625354642E-003
   3.6971153846153850      -8.00457614147947159E-003
   4.1951923076923077      -1.02137998480420003E-002
   4.6932692307692321      -1.18147178261170088E-002
   5.1913461538461547      -1.23116385150199934E-002
   5.6894230769230774      -1.15060521988929621E-002
   6.1875000000000000      -9.41191993252817397E-003
   6.6855769230769226      -5.84871194725321286E-003
   7.1836538461538453      -8.41029324287155371E-004
   7.6817307692307679       5.28327628655343804E-003
   8.1798076923076941       1.23966107812309434E-002
   8.6778846153846168       2.03154551548511836E-002
   9.1759615384615394       2.89838024469017755E-002
   9.6740384615384620       3.83375764036698735E-002
   10.172115384615385       4.81938234462495271E-002
   10.670192307692307       5.85409961335257717E-002
   11.168269230769230       6.89235107815584364E-002
   11.666346153846156       7.86399741300854299E-002
   12.164423076923079       8.72438026307374298E-002
   12.662500000000001       9.42761832815788015E-002
   13.160576923076924       9.90639364581113041E-002
   13.658653846153847       0.10112080789028030     
   14.156730769230769       0.10049874571193339     
   14.654807692307692       9.76077046537703330E-002
   15.152884615384615       9.28503986376636031E-002
   15.650961538461537       8.65469808272396612E-002
   16.149038461538463       7.91220783514166859E-002
   16.647115384615386       7.12058577991175057E-002
   17.145192307692309       6.34721774193242605E-002
   17.643269230769231       5.63659266115538668E-002
   18.141346153846154       4.99734287267298294E-002
   18.639423076923077       4.41265380159515316E-002
   19.137499999999999       3.86218492667999708E-002
   19.635576923076925       3.33726039159314355E-002
   20.133653846153848       2.84050848729776664E-002
   20.631730769230771       2.37484418111384640E-002
   21.129807692307693       1.93345379119400952E-002
   21.627884615384616       1.49933070267880050E-002
   22.125961538461539       1.05460883940864114E-002
   22.624038461538461       5.93170336175014717E-003
   23.122115384615384       1.28617703695221982E-003
   23.620192307692307      -3.06750380791347100E-003
   24.118269230769229      -6.70986458400840615E-003
   24.616346153846152      -9.24742294406231263E-003
   25.114423076923075      -1.04114734541184816E-002
   25.612499999999997      -1.00974508568684312E-002
   26.110576923076927      -8.34094907415680598E-003
   26.608653846153850      -5.25330799050031331E-003
   27.106730769230772      -9.51411721102551032E-004
   27.604807692307695       4.48816911373546134E-003
   28.102884615384617       1.10356790253085500E-002
   28.600961538461540       1.86778709203292564E-002
   29.099038461538463       2.73665701578227546E-002
   29.597115384615385       3.69670236796619395E-002
   30.095192307692308       4.72244088805216233E-002
   30.593269230769231       5.77591600153454371E-002
   31.091346153846153       6.80923757644519984E-002
   31.589423076923076       7.76945552684958907E-002
   32.087499999999999       8.60461136324973536E-002
   32.585576923076921       9.26970247657280255E-002
   33.083653846153844       9.73149201737743691E-002
   33.581730769230774       9.97148345126687707E-002
   34.079807692307696       9.98682206046643262E-002
   34.577884615384619       9.78927872621581374E-002
   35.075961538461542       9.40274857665123753E-002
   35.574038461538464       8.85983586614355056E-002
   36.072115384615387       8.19810835236304825E-002
   36.570192307692309       7.45652191256590269E-002
   37.068269230769232       6.67237927772828532E-002
   37.566346153846155       5.87903305389801817E-002
   38.064423076923077       5.10440140860238672E-002
   38.562500000000000       4.37025268556517701E-002
   39.060576923076923       3.69214013209190686E-002
   39.558653846153845       3.07982912930493714E-002
   40.056730769230768       2.53805085217450183E-002
   40.554807692307691       2.06742974888522862E-002
   41.052884615384613       1.66545891970626692E-002
   41.550961538461536       1.32742981672956846E-002
   42.049038461538466       1.04725493226130398E-002
   42.547115384615388       8.18150544602357262E-003
   43.045192307692311       6.33169189420343392E-003
   43.543269230769234       4.85587772374780798E-003
   44.041346153846156       3.69167545372614623E-003
   44.539423076923079       2.78307498490075423E-003
   45.037500000000001       2.08114260452919603E-003
   45.535576923076924       1.54410534248267356E-003
   46.033653846153847       1.13701455604274049E-003
   46.531730769230769       8.31148719192174000E-004
   47.029807692307692       6.03279921049725064E-004
   47.527884615384615       4.34895411988618218E-004
   48.025961538461537       3.11436851720409374E-004
   48.524038461538460       2.21596614729925286E-004
   49.022115384615383       1.56692627756979452E-004
   49.520192307692312       1.10130253572603268E-004
   50.018269230769235       7.69509281022686900E-005
   50.516346153846158       5.34617529001365317E-005
   51.014423076923080       3.69372252807960479E-005
   51.512500000000003       2.53830377203011502E-005
   52.010576923076925       1.73518088819790066E-005
   52.508653846153848       1.18012653474100543E-005
   53.006730769230771       7.98644102865973327E-006
   53.504807692307693       5.37866741442841869E-006
   54.002884615384616       3.60534038849573280E-006
   54.500961538461539       2.40557754045860116E-006
   54.999038461538461       1.59787654928598621E-006
   55.497115384615384       1.05673282023489221E-006
   55.995192307692307       6.95874272277667282E-007
   56.493269230769229       4.56334958194539694E-007
   56.991346153846152       2.98034262461634946E-007
   57.489423076923075       1.93873611962129344E-007
   57.987499999999997       1.25626233568655636E-007
   58.485576923076920       8.10940102421067470E-008
   58.983653846153842       5.21531265231416808E-008
   59.481730769230765       3.34187432594382943E-008
   59.979807692307688       2.13379120653902758E-008
   60.477884615384610       1.35768326799437713E-008
   60.975961538461533       8.60917118685137969E-009
   61.474038461538456       5.44090446671757895E-009
   61.972115384615392       3.42734072762999811E-009
   62.470192307692315       2.15203076840107516E-009
   62.968269230769238       1.34701477460376473E-009
   63.466346153846160       8.40534864462479066E-010
   63.964423076923083       5.22907126770382943E-010
   64.462500000000006       3.24342613026969724E-010
   64.960576923076928       2.00594251323476172E-010
   65.458653846153851       1.23706249710551925E-010
   65.956730769230774       7.60757859147244460E-011
   66.454807692307696       4.66557515042682942E-011
   66.952884615384619       2.85357639899325753E-011
   67.450961538461542       1.74068589447702013E-011
   67.949038461538464       1.05905453750479649E-011
   68.447115384615387       6.42692297734191466E-012
   68.945192307692309       3.89039781663769032E-012
   69.443269230769232       2.34914508679981497E-012
   69.941346153846155       1.41504036577935714E-012
   70.439423076923077       8.50332420765245279E-013
   70.937500000000000       5.09784765775754575E-013
   71.435576923076923       3.04915852593631985E-013
   71.933653846153845       1.81963625081912173E-013
   72.431730769230768       1.08346914410423024E-013
   72.929807692307691       6.43711788830019600E-014
   73.427884615384613       3.81614165926395008E-014
   73.925961538461536       2.25751374847248555E-014
   74.424038461538458       1.33267307826071302E-014
   74.922115384615381       7.85087762460543852E-015
   75.420192307692304       4.61559685761126062E-015
   75.918269230769226       2.70810806925568616E-015
   76.416346153846149       1.58578986218286283E-015
   76.914423076923072       9.26786201251080258E-016
   77.412500000000009       5.40605188148024287E-016
   77.910576923076931       3.14745659516022030E-016
   78.408653846153854       1.82906888168137593E-016
   78.906730769230776       1.06096913983838194E-016
   79.404807692307699       6.14312237635102989E-017
   79.902884615384622       3.55058893756169358E-017
   80.400961538461544       2.04855335492195209E-017
   80.899038461538467       1.17988701315350761E-017
   81.397115384615390       6.78406793605615703E-018
   81.895192307692312       3.89409663913079939E-018
   82.393269230769235       2.23151574589396093E-018
   82.891346153846158       1.27667275852302783E-018
   83.389423076923080       7.29214235721181117E-019
   83.887500000000003       4.15849229534346540E-019
   84.385576923076925       2.36772353291857201E-019
   84.883653846153848       1.34601322951130656E-019
   85.381730769230771       7.64011072512935497E-020
   85.879807692307693       4.33002618880731662E-020
   86.377884615384616       2.45036243441551863E-020
   86.875961538461539       1.38460940969114459E-020
   87.374038461538461       7.81248929683426292E-021
   87.872115384615384       4.40174307855203049E-021
   88.370192307692307       2.47651396715795087E-021
   88.868269230769229       1.39137853271591335E-021
   89.366346153846152       7.80630797984272251E-022
   89.864423076923075       4.37370239511877649E-022
   90.362499999999997       2.44716413197383759E-022
   90.860576923076920       1.36739602997637321E-022
   91.358653846153842       7.63044326683619833E-023
   91.856730769230765       4.25242066340850542E-023
   92.354807692307688       2.36679317261888273E-023
   92.852884615384610       1.31561418122086863E-023
   93.350961538461533       7.30377406321243969E-024
   93.849038461538470       4.04970080967034524E-024
   94.347115384615392       2.24265019421919641E-024
   94.845192307692315       1.24042120879977189E-024
   95.343269230769238       6.85254382266564397E-025
   95.841346153846160       3.78107503094917228E-025
   96.339423076923083       2.08384467579736487E-025
   96.837500000000006       1.14711671648270373E-025
   97.335576923076928       6.30736013712229180E-026
   97.833653846153851       3.46410344275920580E-026
   98.331730769230774       1.90038953895138067E-026
   98.829807692307696       1.04137759066628874E-026
   99.327884615384619       5.70023572475837455E-027
   99.825961538461542       3.11674650141686544E-027
   100.32403846153846       1.70231224973423625E-027
   100.82211538461539       9.28775958566724932E-028
   101.32019230769231       5.06199300342866280E-028
   101.81826923076923       2.75597776122316621E-028
   102.31634615384615       1.49891895171134222E-028
   102.81442307692308       8.14391948285218903E-029
   103.31250000000000       4.42024357458027585E-029
   103.81057692307692       2.39673931617611514E-029
   104.30865384615385       1.29825993519780852E-029
   104.80673076923077       7.02543280106240333E-030
   105.30480769230769       3.79803828829296810E-030
   105.80288461538461       2.05127837989938278E-030
   106.30096153846154       1.10680979971462318E-030
   106.79903846153846       5.96634790009893584E-031
   107.29711538461538       3.21318203419459700E-031
   107.79519230769230       1.72884953571153793E-031
   108.29326923076923       9.29347317158815020E-032
   108.79134615384615       4.99116239454699769E-032
   109.28942307692309       2.67813156326417666E-032
   109.78750000000001       1.43572867159957536E-032
   110.28557692307693       7.69000714630360568E-033
   110.78365384615385       4.11527262127735289E-033
   111.28173076923078       2.20034872537358792E-033
   111.77980769230770       1.17546295785472109E-033
   112.27788461538462       6.27414202730187096E-034
   112.77596153846154       3.34603980206174970E-034
   113.27403846153847       1.78296401275067376E-034
   113.77211538461539       9.49275185833570637E-035
   114.27019230769231       5.04990537420676356E-035
   114.76826923076923       2.68423152188900671E-035
   115.26634615384616       1.42563571927592695E-035
   115.76442307692308       7.56594608727282635E-036
   116.26250000000000       4.01261013083021563E-036
   116.76057692307693       2.12738504713359208E-036
   117.25865384615385       1.12885377757803907E-036
   117.75673076923077       6.02056126482299690E-037
   118.25480769230769       3.27519616778833779E-037
   118.75288461538462       1.90598016672041695E-037
   119.25096153846154       1.33996605897219574E-037
   119.74903846153846       1.33996605897219574E-037
