  -10.249038461538461      -9.21664663755558861E-004
  -9.7509615384615387      -9.21664663755558861E-004
  -9.2528846153846160      -5.31133613677542199E-004
  -8.7548076923076916       2.54832591428911192E-004
  -8.2567307692307690       8.71313549597966283E-004
  -7.7586538461538463       9.51297288911196002E-004
  -7.2605769230769228       6.82834910028253168E-004
  -6.7624999999999993       2.15783840552432552E-004
  -6.2644230769230766      -4.17463831095371747E-004
  -5.7663461538461540      -9.04062104424131741E-004
  -5.2682692307692305      -9.91205097433956513E-004
  -4.7701923076923070      -7.39111677100054063E-004
  -4.2721153846153843      -2.42599515289768346E-004
  -3.7740384615384617       2.57703346258175746E-004
  -3.2759615384615381       5.27572875395918104E-004
  -2.7778846153846146       7.13354539502537291E-004
  -2.2798076923076920       1.08714356122085912E-003
  -1.7817307692307693       1.46744295594430528E-003
  -1.2836538461538467       1.28232794576289702E-003
 -0.78557692307692228       2.65255036367310361E-004
 -0.28749999999999964      -1.13507750852736796E-003
  0.21057692307692299      -2.14511827027626806E-003
  0.70865384615384741      -2.37631127173768995E-003
   1.2067307692307701      -2.05074226575900328E-003
   1.7048076923076927      -1.56250138977145187E-003
   2.2028846153846153      -9.75036625697268716E-004
   2.7009615384615380      -7.49703746526528096E-005
   3.1990384615384624       1.17492480388730431E-003
   3.6971153846153850       2.49521297307056696E-003
   4.1951923076923077       3.62946619063075210E-003
   4.6932692307692321       4.47903537558962637E-003
   5.1913461538461547       4.79489249179234928E-003
   5.6894230769230774       4.25136327538198650E-003
   6.1875000000000000       2.92485200217577380E-003
   6.6855769230769226       1.02156005319060548E-003
   7.1836538461538453      -1.47177109976563735E-003
   7.6817307692307679      -4.34868963570090965E-003
   8.1798076923076941      -7.29141168527610954E-003
   8.6778846153846168      -1.00196808591525768E-002
   9.1759615384615394      -1.21409250114077258E-002
   9.6740384615384620      -1.32351841733724645E-002
   10.172115384615385      -1.31486698063082979E-002
   10.670192307692307      -1.18087029886828412E-002
   11.168269230769230      -9.07648732054647245E-003
   11.666346153846156      -5.20292871597712731E-003
   12.164423076923079      -4.12665505725544335E-004
   12.662500000000001       5.44435484362668868E-003
   13.160576923076924       1.24838321286147944E-002
   13.658653846153847       2.05636595597874297E-002
   14.156730769230769       2.95780664850684299E-002
   14.654807692307692       3.95813508130713476E-002
   15.152884615384615       5.04673952525580144E-002
   15.650961538461537       6.16970375372434682E-002
   16.149038461538463       7.24531027121937676E-002
   16.647115384615386       8.20059321035861988E-002
   17.145192307692309       8.98827776212977742E-002
   17.643269230769231       9.57610672471192054E-002
   18.141346153846154       9.93293887752896981E-002
   18.639423076923077       0.10033051015012288     
   19.137499999999999       9.87465073582907416E-002
   19.635576923076925       9.49230616618980255E-002
   20.133653846153848       8.94952933030622871E-002
   20.631730769230771       8.31602426342290812E-002
   21.129807692307693       7.64573719777821015E-002
   21.627884615384616       6.96880307469528448E-002
   22.125961538461539       6.29842535701507916E-002
   22.624038461538461       5.64358680461692214E-002
   23.122115384615384       5.01691945318091942E-002
   23.620192307692307       4.43303374382821927E-002
   24.118269230769229       3.90035497742393170E-002
   24.616346153846152       3.41365324146120017E-002
   25.114423076923075       2.95322581554732407E-002
   25.612499999999997       2.49199784362624382E-002
   26.110576923076927       2.00707369484345345E-002
   26.608653846153850       1.49011588997572768E-002
   27.106730769230772       9.51976800219445779E-003
   27.604807692307695       4.20111313800974624E-003
   28.102884615384617      -6.94217770306608875E-004
   28.600961538461540      -4.81624666481262828E-003
   29.099038461538463      -7.90113791986800200E-003
   29.597115384615385      -9.80269172235721797E-003
   30.095192307692308      -1.04777438971085032E-002
   30.593269230769231      -9.94095948498404172E-003
   31.091346153846153      -8.21291331046300824E-003
   31.589423076923076      -5.28357986814181977E-003
   32.087499999999999      -1.10422518987848221E-003
   32.585576923076921       4.39114825479102085E-003
   33.083653846153844       1.12437953915893018E-002
   33.581730769230774       1.94222951228339852E-002
   34.079807692307696       2.87837158369014974E-002
   34.577884615384619       3.90550199661368960E-002
   35.075961538461542       4.98396245079814337E-002
   35.574038461538464       6.06475746680606650E-002
   36.072115384615387       7.09427401214507564E-002
   36.570192307692309       8.01977002231512304E-002
   37.068269230769232       8.79466683248180114E-002
   37.566346153846155       9.38284543777259256E-002
   38.064423076923077       9.76143049794821610E-002
   38.562500000000000       9.92186662740419112E-002
   39.060576923076923       9.86938048057127704E-002
   39.558653846153845       9.62113544188219066E-002
   40.056730769230768       9.20350533249970487E-002
   40.554807692307691       8.64892320528138775E-002
   41.052884615384613       7.99271931318902007E-002
   41.550961538461536       7.27027382010629747E-002
   42.049038461538466       6.51470020922700621E-002
   42.547115384615388       5.75516595618241408E-002
   43.045192307692311       5.01586285547982458E-002
   43.543269230769234       4.31556867295232946E-002
   44.041346153846156       3.66769693926001158E-002
   44.539423076923079       3.08071077256702741E-002
   45.037500000000001       2.55877507059277531E-002
   45.535576923076924       2.10253358762236137E-002
   46.033653846153847       1.70991771018172561E-002
   46.531730769230769       1.37691736528097325E-002
   47.029807692307692       1.09826780317659155E-002
   47.527884615384615       8.68026596471452652E-003
   48.025961538461537       6.80031806742017846E-003
   48.524038461538460       5.28244490533880291E-003
   49.022115384615383       4.06986771640676856E-003
   49.520192307692312       3.11091193745185231E-003
   50.018269230769235       2.35978755635977630E-003
   50.516346153846158       1.77682711205386741E-003
   51.014423076923080       1.32833604906817363E-003
   51.512500000000003       9.86187013218191863E-004
   52.010576923076925       7.27264030689139091E-004
   52.508653846153848       5.32837453101081809E-004
   53.006730769230771       3.87928000686800175E-004
   53.504807692307693       2.80699183675686237E-004
   54.002884615384616       2.01902135261340058E-004
   54.500961538461539       1.44385301261990392E-004
   54.999038461538461       1.02673088087797837E-004
   55.497115384615384       7.26119328456718561E-005
   55.995192307692307       5.10787614543980713E-005
   56.493269230769229       3.57449121313414269E-005
   56.991346153846152       2.48878617954669462E-005
   57.489423076923075       1.72431244757095020E-005
   57.987499999999997       1.18892001202062466E-005
   58.485576923076920       8.15922173105328844E-006
   58.983653846153842       5.57382539816160279E-006
   59.481730769230765       3.79065011105907881E-006
   59.979807692307688       2.56670012311169236E-006
   60.477884615384610       1.73053871655116988E-006
   60.975961538461533       1.16191485843619777E-006
   61.474038461538456       7.76952713696759800E-007
   61.972115384615392       5.17465268402304255E-007
   62.470192307692315       3.43298423609286900E-007
   62.968269230769238       2.26883403320418045E-007
   63.466346153846160       1.49385703605391249E-007
   63.964423076923083       9.79996703276125295E-008
   64.462500000000006       6.40593018897094563E-008
   64.960576923076928       4.17266435087193282E-008
   65.458653846153851       2.70862562731167781E-008
   65.956730769230774       1.75234020838161368E-008
   66.454807692307696       1.12992720613696528E-008
   66.952884615384619       7.26227823464833695E-009
   67.450961538461542       4.65278087153504009E-009
   67.949038461538464       2.97163664494113755E-009
   68.447115384615387       1.89211488765845524E-009
   68.945192307692309       1.20113697433556523E-009
   69.443269230769232       7.60246836789330942E-010
   69.941346153846155       4.79796285125425533E-010
   70.439423076923077       3.01940775347514739E-010
   70.937500000000000       1.89483364231536647E-010
   71.435576923076923       1.18583984343153258E-010
   71.933653846153845       7.40128660434196264E-011
   72.431730769230768       4.60717459533988952E-011
   72.929807692307691       2.86040724765073391E-011
   73.427884615384613       1.77135569244435822E-011
   73.925961538461536       1.09417514316387887E-011
   74.424038461538458       6.74200443815092963E-012
   74.922115384615381       4.14409629311527152E-012
   75.420192307692304       2.54112656070833783E-012
   75.918269230769226       1.55451532441772448E-012
   76.416346153846149       9.48750797754315738E-013
   76.914423076923072       5.77714818614650476E-013
   77.412500000000009       3.50989761270403962E-013
   77.910576923076931       2.12769795224193314E-013
   78.408653846153854       1.28698867395090551E-013
   78.906730769230776       7.76788837195659079E-014
   79.404807692307699       4.67852189666201945E-014
   79.902884615384622       2.81193581521037546E-014
   80.400961538461544       1.68657816487768512E-014
   80.899038461538467       1.00954307485926310E-014
   81.397115384615390       6.03077633989991211E-015
   81.895192307692312       3.59553868379671288E-015
   82.393269230769235       2.13948472436988053E-015
   82.891346153846158       1.27063475287065008E-015
   83.389423076923080       7.53199727114918083E-016
   83.887500000000003       4.45644732976213256E-016
   84.385576923076925       2.63188959997375887E-016
   84.883653846153848       1.55152097008241204E-016
   85.381730769230771       9.12996928208147474E-017
   85.879807692307693       5.36306467127246646E-017
   86.377884615384616       3.14484285864113603E-017
   86.875961538461539       1.84092881870872037E-017
   87.374038461538461       1.07581328029881695E-017
   87.872115384615384       6.27636495555923136E-018
   88.370192307692307       3.65561280116486461E-018
   88.868269230769229       2.12570034452348578E-018
   89.366346153846152       1.23407826823653499E-018
   89.864423076923075       7.15304488632693254E-019
   90.362499999999997       4.13957143549316837E-019
   90.860576923076920       2.39190777104361377E-019
   91.358653846153842       1.37995956697367716E-019
   91.856730769230765       7.94930724517056847E-020
   92.354807692307688       4.57236764826138473E-020
   92.852884615384610       2.62609080781181323E-020
   93.350961538461533       1.50606154916389433E-020
   93.849038461538470       8.62477137664949499E-021
   94.347115384615392       4.93209821421653162E-021
   94.845192307692315       2.81645178760916203E-021
   95.343269230769238       1.60607750925724542E-021
   95.841346153846160       9.14600042254375563E-022
   96.339423076923083       5.20119705228039745E-022
   96.837500000000006       2.95385712627669127E-022
   97.335576923076928       1.67531447964778256E-022
   97.833653846153851       9.48921644544307532E-023
   98.331730769230774       5.36781917679060705E-023
   98.829807692307696       3.03253040710841686E-023
   99.327884615384619       1.71103286623084789E-023
   99.825961538461542       9.64191885669150738E-024
   100.32403846153846       5.42658305065032651E-024
   100.82211538461539       3.05037423139053227E-024
   101.32019230769231       1.71257345464605852E-024
   101.81826923076923       9.60329650679558685E-025
   102.31634615384615       5.37863470234287624E-025
   102.81442307692308       3.00891407354587474E-025
   103.31250000000000       1.68127555822009044E-025
   103.81057692307692       9.38349561892716289E-026
   104.30865384615385       5.23109048786810192E-026
   104.80673076923077       2.91290770615977525E-026
   105.30480769230769       1.62021684431972027E-026
   105.80288461538461       9.00194632196827519E-027
   106.30096153846154       4.99598820804052761E-027
   106.79903846153846       2.76970091872249966E-027
   107.29711538461538       1.53382400297767276E-027
   107.79519230769230       8.48504196617995547E-028
   108.29326923076923       4.68892000038198681E-028
   108.79134615384615       2.58843043803520789E-028
   109.28942307692309       1.42741229586043168E-028
   109.78750000000001       7.86350152113485639E-029
   110.28557692307693       4.32753314501013578E-029
   110.78365384615385       2.37917797964293853E-029
   111.28173076923078       1.30671149905670144E-029
   111.77980769230770       7.16973058584328182E-030
   112.27788461538462       3.93007043391697980E-030
   112.77596153846154       2.15216806201689320E-030
   113.27403846153847       1.17742790521865958E-030
   113.77211538461539       6.43544709439191725E-031
   114.27019230769231       3.51409549061219611E-031
   114.76826923076923       1.91709603485741084E-031
   115.26634615384616       1.04490735842068550E-031
   115.76442307692308       5.69028667737313327E-032
   116.26250000000000       3.09648147733547591E-032
   116.76057692307693       1.68446453431319049E-032
   117.25865384615385       9.17324818491048013E-033
   117.75673076923077       5.02464157975006937E-033
   118.25480769230769       2.81178002919710913E-033
   118.75288461538462       1.68578944160402083E-033
   119.25096153846154       1.21370632147825147E-033
   119.74903846153846       1.21370632147825147E-033
