  -10.249038461538461      -4.32340681915610863E-004
  -9.7509615384615387      -4.32340681915610863E-004
  -9.2528846153846160      -6.86585226227491330E-005
  -8.7548076923076916       2.65222621231908217E-004
  -8.2567307692307690       4.75847382122670094E-004
  -7.7586538461538463       4.10974906651963832E-004
  -7.2605769230769228      -4.78830308190823279E-005
  -6.7624999999999993      -5.57378934819382143E-004
  -6.2644230769230766      -6.04011463131728932E-004
  -5.7663461538461540      -2.35439180322965104E-004
  -5.2682692307692305       2.00839403612414479E-004
  -4.7701923076923070       5.38833641935252848E-004
  -4.2721153846153843       5.79135023639408401E-004
  -3.7740384615384617       3.15231267031400265E-004
  -3.2759615384615381      -2.45910947217852882E-005
  -2.7778846153846146      -3.40975183703409886E-004
  -2.2798076923076920      -6.12867376783805991E-004
  -1.7817307692307693      -6.70336064437369395E-004
  -1.2836538461538467      -3.75211107581813164E-004
 -0.78557692307692228       1.25471038513460533E-004
 -0.28749999999999964       5.33078900785550732E-004
  0.21057692307692299       6.88979914519104370E-004
  0.70865384615384741       6.41039554452222889E-004
   1.2067307692307701       5.04308960333171895E-004
   1.7048076923076927       3.04846181271006182E-004
   2.2028846153846153      -7.40599004310483165E-005
   2.7009615384615380      -7.16892609535837609E-004
   3.1990384615384624      -1.36124965591715753E-003
   3.6971153846153850      -1.47000323917904170E-003
   4.1951923076923077      -8.56262772942895339E-004
   4.6932692307692321       5.10006949054519132E-005
   5.1913461538461547       8.24460014547223402E-004
   5.6894230769230774       1.37960368554995629E-003
   6.1875000000000000       1.60057250291554187E-003
   6.6855769230769226       1.47240515571231910E-003
   7.1836538461538453       1.17061285664368754E-003
   7.6817307692307679       6.46900118625061437E-004
   8.1798076923076941      -1.03213260844303733E-004
   8.6778846153846168      -9.88284753335318903E-004
   9.1759615384615394      -1.84666131617100939E-003
   9.6740384615384620      -2.51420992770901063E-003
   10.172115384615385      -2.79130157769720295E-003
   10.670192307692307      -2.53700610555455735E-003
   11.168269230769230      -1.90341360827954486E-003
   11.666346153846156      -8.41684059365687591E-004
   12.164423076923079       6.30349043975304184E-004
   12.662500000000001       2.19867733889147696E-003
   13.160576923076924       3.68780336255095662E-003
   13.658653846153847       5.06005861136709506E-003
   14.156730769230769       6.01675799903159982E-003
   14.654807692307692       6.10654487547108299E-003
   15.152884615384615       5.16917006760982990E-003
   15.650961538461537       3.37947357999517388E-003
   16.149038461538463       9.38039084346170993E-004
   16.647115384615386      -2.03242490454869432E-003
   17.145192307692309      -5.29030128149315590E-003
   17.643269230769231      -8.37932673606574252E-003
   18.141346153846154      -1.08449627058871002E-002
   18.639423076923077      -1.25098508613986324E-002
   19.137499999999999      -1.34816039485521864E-002
   19.635576923076925      -1.38994187521978060E-002
   20.133653846153848      -1.37005527554180991E-002
   20.631730769230771      -1.26172609029399606E-002
   21.129807692307693      -1.03502552258546814E-002
   21.627884615384616      -6.71530894210779165E-003
   22.125961538461539      -1.64133179214274137E-003
   22.624038461538461       4.92297903008529457E-003
   23.122115384615384       1.30513542802839621E-002
   23.620192307692307       2.27560713563259645E-002
   24.118269230769229       3.38345684807659919E-002
   24.616346153846152       4.57738145347541189E-002
   25.114423076923075       5.77997778802480516E-002
   25.612499999999997       6.90556543635882231E-002
   26.110576923076927       7.88105468726665453E-002
   26.608653846153850       8.65932442756170706E-002
   27.106730769230772       9.22050265212771281E-002
   27.604807692307695       9.56408829442643854E-002
   28.102884615384617       9.69907239824167322E-002
   28.600961538461540       9.63830391742682147E-002
   29.099038461538463       9.39896710902109883E-002
   29.597115384615385       9.00650643046024546E-002
   30.095192307692308       8.49731037172378745E-002
   30.593269230769231       7.91662188638159181E-002
   31.091346153846153       7.31126900964059051E-002
   31.589423076923076       6.71988641533492609E-002
   32.087499999999999       6.16472343585406368E-002
   32.585576923076921       5.64842588663909614E-002
   33.083653846153844       5.15696718802060930E-002
   33.581730769230774       4.66739535157120120E-002
   34.079807692307696       4.15737460272353476E-002
   34.577884615384619       3.61319856918199261E-002
   35.075961538461542       3.03393113916748773E-002
   35.574038461538464       2.43100445183433468E-002
   36.072115384615387       1.82423646023293050E-002
   36.570192307692309       1.23625016223321282E-002
   37.068269230769232       6.87444395980513646E-003
   37.566346153846155       1.93086753116610823E-003
   38.064423076923077      -2.36893432072408667E-003
   38.562500000000000      -5.95840606372248678E-003
   39.060576923076923      -8.77165777488075372E-003
   39.558653846153845      -1.07136027333199109E-002
   40.056730769230768      -1.16437803657341975E-002
   40.554807692307691      -1.13800947181317575E-002
   41.052884615384613      -9.72237652484109552E-003
   41.550961538461536      -6.49017051950980493E-003
   42.049038461538466      -1.56575162441459012E-003
   42.547115384615388       5.06742231553795018E-003
   43.045192307692311       1.32990525404348692E-002
   43.543269230769234       2.28842010226412533E-002
   44.041346153846156       3.34546069096388898E-002
   44.539423076923079       4.45468228300652733E-002
   45.037500000000001       5.56422445210068353E-002
   45.535576923076924       6.62127269211168490E-002
   46.033653846153847       7.57653681866047729E-002
   46.531730769230769       8.38809758214145579E-002
   47.029807692307692       9.02423436951644425E-002
   47.527884615384615       9.46503665834038527E-002
   48.025961538461537       9.70278465324923151E-002
   48.524038461538460       9.74123445985809189E-002
   49.022115384615383       9.59404581846344390E-002
   49.520192307692312       9.28264216500654382E-002
   50.018269230769235       8.83379838680509177E-002
   50.516346153846158       8.27722127118671741E-002
   51.014423076923080       7.64333385219208850E-002
   51.512500000000003       6.96141005339086932E-002
   52.010576923076925       6.25814073998226250E-002
   52.508653846153848       5.55665426294658579E-002
   53.006730769230771       4.87596849377100044E-002
   53.504807692307693       4.23081913300107082E-002
   54.002884615384616       3.63179045796636069E-002
   54.500961538461539       3.08566788281163414E-002
   54.999038461538461       2.59593414087709272E-002
   55.497115384615384       2.16333971164218430E-002
   55.995192307692307       1.78649060844873336E-002
   56.493269230769229       1.46241054800990370E-002
   56.991346153846152       1.18704811387974479E-002
   57.489423076923075       9.55711643161390872E-003
   57.987499999999997       7.63424557197106123E-003
   58.485576923076920       6.05201484451206063E-003
   58.983653846153842       4.76250851721673508E-003
   59.481730769230765       3.72112908762014605E-003
   59.979807692307688       2.88743766341213130E-003
   60.477884615384610       2.22556366769521971E-003
   60.975961538461533       1.70428750010269739E-003
   61.474038461538456       1.29688860891064494E-003
   61.972115384615392       9.80837339197965750E-004
   62.470192307692315       7.37393957893974893E-004
   62.968269230769238       5.51163838901803406E-004
   63.466346153846160       4.09644810627248510E-004
   63.964423076923083       3.02791591765833555E-004
   64.462500000000006       2.22613222915248954E-004
   64.960576923076928       1.62812380067051506E-004
   65.458653846153851       1.18470236953400771E-004
   65.956730769230774       8.57768634339648833E-005
   66.454807692307696       6.18047212240553108E-005
   66.952884615384619       4.43213699222448049E-005
   67.450961538461542       3.16367769559367147E-005
   67.949038461538464       2.24804233933944696E-005
   68.447115384615387       1.59035421437129251E-005
   68.945192307692309       1.12021827103575151E-005
   69.443269230769232       7.85726828599307601E-006
   69.941346153846155       5.48832620520807165E-006
   70.439423076923077       3.81808434522598012E-006
   70.937500000000000       2.64560454068810170E-006
   71.435576923076923       1.82605319062865854E-006
   71.933653846153845       1.25558202758710968E-006
   72.431730769230768       8.60107769648986212E-007
   72.929807692307691       5.87041254542032679E-007
   73.427884615384613       3.99230000415520491E-007
   73.925961538461536       2.70549258237500156E-007
   74.424038461538458       1.82711991976845613E-007
   74.922115384615381       1.22973994117840816E-007
   75.420192307692304       8.24920624660817404E-008
   75.918269230769226       5.51556509110170835E-008
   76.416346153846149       3.67597340658762479E-008
   76.914423076923072       2.44221544391200395E-008
   77.412500000000009       1.61751717349212570E-008
   77.910576923076931       1.06804732934044132E-008
   78.408653846153854       7.03123250633933675E-009
   78.906730769230776       4.61523518707633938E-009
   79.404807692307699       3.02064072573734574E-009
   79.902884615384622       1.97136944808742506E-009
   80.400961538461544       1.28298319886266578E-009
   80.899038461538467       8.32679091045406619E-010
   81.397115384615390       5.38960965696566028E-010
   81.895192307692312       3.47919398870544936E-010
   82.393269230769235       2.24006120897448307E-010
   82.891346153846158       1.43852958796510139E-010
   83.389423076923080       9.21451957585423139E-011
   83.887500000000003       5.88760217470256786E-011
   84.385576923076925       3.75260227154492071E-011
   84.883653846153848       2.38600302849611943E-011
   85.381730769230771       1.51345488658653089E-011
   85.879807692307693       9.57730438397001088E-012
   86.377884615384616       6.04654573403854588E-012
   86.875961538461539       3.80869506497704899E-012
   87.374038461538461       2.39366902971825162E-012
   87.872115384615384       1.50101465407317440E-012
   88.370192307692307       9.39187439968789902E-013
   88.868269230769229       5.86380341318581620E-013
   89.366346153846152       3.65324905749638233E-013
   89.864423076923075       2.27124819046169888E-013
   90.362499999999997       1.40911923445164827E-013
   90.860576923076920       8.72450621439675567E-014
   91.358653846153842       5.39083202665221224E-014
   91.856730769230765       3.32433042046946537E-014
   92.354807692307688       2.04596109271672646E-014
   92.852884615384610       1.25674302175916810E-014
   93.350961538461533       7.70481841534505163E-015
   93.849038461538470       4.71471895158273227E-015
   94.347115384615392       2.87963291274413320E-015
   94.845192307692315       1.75556371126541434E-015
   95.343269230769238       1.06832706169719705E-015
   95.841346153846160       6.48947930478053655E-016
   96.339423076923083       3.93498503635449663E-016
   96.837500000000006       2.38184426928474661E-016
   97.335576923076928       1.43922910326692543E-016
   97.833653846153851       8.68164176903939488E-017
   98.331730769230774       5.22802965341586047E-017
   98.829807692307696       3.14302037230927744E-017
   99.327884615384619       1.88641776797119061E-017
   99.825961538461542       1.13036443043092932E-017
   100.32403846153846       6.76234379227867170E-018
   100.82211538461539       4.03907810170503572E-018
   101.32019230769231       2.40869289178824384E-018
   101.81826923076923       1.43417640850496704E-018
   102.31634615384615       8.52615703256343951E-019
   102.81442307692308       5.06105663743003330E-019
   103.31250000000000       2.99967054464417880E-019
   103.81057692307692       1.77524235976028724E-019
   104.30865384615385       1.04906063800538909E-019
   104.80673076923077       6.19026679009108512E-020
   105.30480769230769       3.64746256199682759E-020
   105.80288461538461       2.14610896208612294E-020
   106.30096153846154       1.26095263604483613E-020
   106.79903846153846       7.39840971229581332E-021
   107.29711538461538       4.33487908909831123E-021
   107.79519230769230       2.53641845079670091E-021
   108.29326923076923       1.48209594099622794E-021
   108.79134615384615       8.64866989915226072E-022
   109.28942307692309       5.04017834345152279E-022
   109.78750000000001       2.93340452130636775E-022
   110.28557692307693       1.70503491159229123E-022
   110.78365384615385       9.89772907319699721E-023
   111.28173076923078       5.73831553531798385E-023
   111.77980769230770       3.32265606494446741E-023
   112.27788461538462       1.92151551017903249E-023
   112.77596153846154       1.10985263987629942E-023
   113.27403846153847       6.40258016103540512E-024
   113.77211538461539       3.68908359194666592E-024
   114.27019230769231       2.12305762507178508E-024
   114.76826923076923       1.22037370004496404E-024
   115.26634615384616       7.00689643702298714E-025
   115.76442307692308       4.01877175258770908E-025
   116.26250000000000       2.30296600389508860E-025
   116.76057692307693       1.31941595435576423E-025
   117.25865384615385       7.57196304002766258E-026
   117.75673076923077       4.37821610052774975E-026
   118.25480769230769       2.59489764244364079E-026
   118.75288461538462       1.65144788773932872E-026
   119.25096153846154       1.24507369253659090E-026
   119.74903846153846       1.24507369253659090E-026
