  -10.249038461538461       5.64517776723404280E-002
  -9.7509615384615387       5.64517776723404280E-002
  -9.2528846153846160       5.91872287250283513E-002
  -8.7548076923076916       6.38626556277397256E-002
  -8.2567307692307690       6.95461060581757523E-002
  -7.7586538461538463       7.57503354499058229E-002
  -7.2605769230769228       8.22736227873834131E-002
  -6.7624999999999993       8.87259339866131036E-002
  -6.2644230769230766       9.42654904518571563E-002
  -5.7663461538461540       9.79931077201970091E-002
  -5.2682692307692305       9.94712852246964901E-002
  -4.7701923076923070       9.87454077116848850E-002
  -4.2721153846153843       9.61818806944974708E-002
  -3.7740384615384617       9.22966646728749091E-002
  -3.2759615384615381       8.76340321035359998E-002
  -2.7778846153846146       8.26986835887881522E-002
  -2.2798076923076920       7.79256819871161910E-002
  -1.7817307692307693       7.36717640205454688E-002
  -1.2836538461538467       7.02163517003351889E-002
 -0.78557692307692228       6.77655896690823323E-002
 -0.28749999999999964       6.64562877033576527E-002
  0.21057692307692299       6.63586702946171308E-002
  0.70865384615384741       6.74777435887923410E-002
   1.2067307692307701       6.97533336375456281E-002
   1.7048076923076927       7.30587854506036527E-002
   2.2028846153846153       7.71982213308690379E-002
   2.7009615384615380       8.19024139717930699E-002
   3.1990384615384624       8.68240732549955818E-002
   3.6971153846153850       9.15351087171469568E-002
   4.1951923076923077       9.55316471498641046E-002
   4.6932692307692321       9.82573053268080560E-002
   5.1913461538461547       9.91601251955380320E-002
   5.6894230769230774       9.77990678911072747E-002
   6.1875000000000000       9.40012836390753670E-002
   6.6855769230769226       8.80227008158335489E-002
   7.1836538461538453       8.05616075643668661E-002
   7.6817307692307679       7.23344625416334763E-002
   8.1798076923076941       6.35414228051674884E-002
   8.6778846153846168       5.40704130648479026E-002
   9.1759615384615394       4.40240525612581868E-002
   9.6740384615384620       3.40599304425107732E-002
   10.172115384615385       2.51007583276330326E-002
   10.670192307692307       1.77155298048815579E-002
   11.168269230769230       1.20423781200065284E-002
   11.666346153846156       7.92470872926083134E-003
   12.164423076923079       5.07062278845846377E-003
   12.662500000000001       3.16613148264447471E-003
   13.160576923076924       1.93509536890995831E-003
   13.658653846153847       1.16058831233633881E-003
   14.156730769230769       6.84502111549702879E-004
   14.654807692307692       3.97709848994710576E-004
   15.152884615384615       2.27986992492802362E-004
   15.650961538461537       1.29112369773684213E-004
   16.149038461538463       7.23141694136511569E-005
   16.647115384615386       4.00955214706728985E-005
   17.145192307692309       2.20267642726901740E-005
   17.643269230769231       1.19979880325571545E-005
   18.141346153846154       6.48412898488944092E-006
   18.639423076923077       3.47881106770427154E-006
   19.137499999999999       1.85382639437459817E-006
   19.635576923076925       9.81670627055931623E-007
   20.133653846153848       5.16773485641952431E-007
   20.631730769230771       2.70541495061767187E-007
   21.129807692307693       1.40900638978956909E-007
   21.627884615384616       7.30247663178704004E-008
   22.125961538461539       3.76726711255008023E-008
   22.624038461538461       1.93504967454429163E-008
   23.122115384615384       9.89847902253107062E-009
   23.620192307692307       5.04369018658236868E-009
   24.118269230769229       2.56045713755224699E-009
   24.616346153846152       1.29525355978609832E-009
   25.114423076923075       6.53030315391696826E-010
   25.612499999999997       3.28186652445246029E-010
   26.110576923076927       1.64429771658131208E-010
   26.608653846153850       8.21429976357737766E-011
   27.106730769230772       4.09209608230994627E-011
   27.604807692307695       2.03309326818039212E-011
   28.102884615384617       1.00751779267214435E-011
   28.600961538461540       4.98054445611539094E-012
   29.099038461538463       2.45624436363288417E-012
   29.597115384615385       1.20858285096201076E-012
   30.095192307692308       5.93374008329757450E-013
   30.593269230769231       2.90711915480313293E-013
   31.091346153846153       1.42138713487420858E-013
   31.589423076923076       6.93598821078186463E-014
   32.087499999999999       3.37816006509194044E-014
   32.585576923076921       1.64231302144123616E-014
   33.083653846153844       7.97006661565634605E-015
   33.581730769230774       3.86120962853691738E-015
   34.079807692307696       1.86751489035841911E-015
   34.577884615384619       9.01792672324837300E-016
   35.075961538461542       4.34783285383678118E-016
   35.574038461538464       2.09306652646111170E-016
   36.072115384615387       1.00613640303005055E-016
   36.570192307692309       4.82962056890548978E-017
   37.068269230769232       2.31509767202408183E-017
   37.566346153846155       1.10826296760158006E-017
   38.064423076923077       5.29846192065538333E-018
   38.562500000000000       2.52991481340621755E-018
   39.060576923076923       1.20649629686400192E-018
   39.558653846153845       5.74677784987045793E-019
   40.056730769230768       2.73410294369502153E-019
   40.554807692307691       1.29930321616826612E-019
   41.052884615384613       6.16771072306175943E-020
   41.550961538461536       2.92460654417620049E-020
   42.049038461538466       1.38532774391915893E-020
   42.547115384615388       6.55526824628145069E-021
   43.045192307692311       3.09878931979538625E-021
   43.543269230769234       1.46341557125665386E-021
   44.041346153846156       6.90442223582176032E-022
   44.539423076923079       3.25447328110298039E-022
   45.037500000000001       1.53262913659509749E-022
   45.535576923076924       7.21116475249737453E-023
   46.033653846153847       3.38995858219454473E-023
   46.531730769230769       1.59225405153481800E-023
   47.029807692307692       7.47252553184491440E-024
   47.527884615384615       3.50402611104411322E-024
   48.025961538461537       1.64179787341937630E-024
   48.524038461538460       7.68655560026347441E-025
   49.022115384615383       3.59592520614173538E-025
   49.520192307692312       1.68098236535479257E-025
   50.018269230769235       7.85228251180439946E-026
   50.516346153846158       3.66534906874511382E-026
   51.014423076923080       1.70973045012900745E-026
   51.512500000000003       7.96964283595574666E-027
   52.010576923076925       3.71240048375900207E-027
   52.508653846153848       1.72814906449908904E-027
   53.006730769230771       8.03939744027686324E-028
   53.504807692307693       3.73755038528582130E-028
   54.002884615384616       1.73650906903341357E-028
   54.500961538461539       8.06303480848574902E-029
   54.999038461538461       3.74159163499184528E-029
   55.497115384615384       1.73522327957162069E-029
   55.995192307692307       8.04266717524263451E-030
   56.493269230769229       3.72559014980048104E-030
   56.991346153846152       1.72482357153461437E-030
   57.489423076923075       7.98092369734691647E-031
   57.987499999999997       3.69083524392550149E-031
   58.485576923076920       1.70593787829697497E-031
   58.983653846153842       7.88084426351637787E-032
   59.481730769230765       3.63879075905389596E-032
   59.979807692307688       1.67926776839600474E-032
   60.477884615384610       7.74577690933735562E-033
   60.975961538461533       3.57104826196012924E-033
   61.474038461538456       1.64556715052381534E-033
   61.972115384615392       7.57928118037037904E-034
   62.470192307692315       3.48928330372393279E-034
   62.968269230769238       1.60562252541123360E-034
   63.466346153846160       7.38503919733647567E-035
   63.964423076923083       3.39521546843292747E-035
   64.462500000000006       1.56023508374949934E-035
   64.960576923076928       7.16677563870062664E-036
   65.458653846153851       3.29057269822316280E-036
   65.956730769230774       1.51020484178495308E-036
   66.454807692307696       6.92818737795884925E-037
   66.952884615384619       3.17706016966218149E-037
   67.450961538461542       1.45631691263617838E-037
   67.949038461538464       6.67288310086341241E-038
   68.447115384615387       3.05633381564181270E-038
   68.945192307692309       1.39932993229402612E-038
   69.443269230769232       6.40433288314836304E-039
   69.941346153846155       2.92997843729216616E-039
   70.439423076923077       1.33996659453629298E-039
   70.937500000000000       6.12582743050292452E-040
   71.435576923076923       2.79949023085690765E-040
   71.933653846153845       1.27890619795232018E-040
   72.431730769230768       5.84044646582449473E-041
   72.929807692307691       2.66626346296833145E-041
   73.427884615384613       1.21677906988371686E-041
   73.925961538461536       5.55103558887511472E-042
   74.424038461538458       2.53158096169879909E-042
   74.922115384615381       1.15416270505679314E-042
   75.420192307692304       5.26019082412494074E-043
   75.918269230769226       2.39660804714997108E-043
   76.416346153846149       1.09157943958727212E-043
   76.914423076923072       4.97025000707496697E-044
   77.412500000000009       2.26238950102230520E-044
   77.910576923076931       1.02949547240882504E-044
   78.408653846153854       4.68329013089220284E-045
   78.906730769230776       2.12984916643583010E-045
   79.404807692307699       9.68321044566323066E-046
   79.902884615384622       4.40112977713179273E-046
   80.400961538461544       1.99979177422344293E-046
   80.899038461538467       9.08411590846200342E-047
   81.397115384615390       4.12533578042575328E-047
   81.895192307692312       1.87290660717169578E-047
   82.393269230769235       8.50069686620659344E-048
   82.891346153846158       3.85723332158464898E-048
   83.389423076923080       1.74977263668727078E-048
   83.887500000000003       7.93547624418637638E-049
   84.385576923076925       3.59791870150424659E-049
   84.883653846153848       1.63086479486189737E-049
   85.381730769230771       7.39050468603857055E-050
   85.879807692307693       3.34827411517127642E-050
   86.377884615384616       1.51656107694460747E-050
   86.875961538461539       6.86739451781739718E-051
   87.374038461538461       3.10898381716237508E-051
   87.872115384615384       1.40715020316472124E-051
   88.370192307692307       6.36735592455901585E-052
   88.868269230769229       2.88055114421295692E-052
   89.366346153846152       1.30283960333147570E-052
   89.864423076923075       5.89123429428032316E-053
   90.362499999999997       2.66331593418620703E-053
   90.860576923076920       1.20376352158890485E-053
   91.358653846153842       5.43954784021390323E-054
   91.856730769230765       2.45747195213486040E-054
   92.354807692307688       1.10999107129612805E-054
   92.852884615384610       5.01252476057368125E-055
   93.350961538461533       2.26308400164960949E-055
   93.849038461538470       1.02153410062048514E-055
   94.347115384615392       4.61013933372709874E-056
   94.845192307692315       2.08010446228496214E-056
   95.343269230769238       9.38354757649779337E-057
   95.841346153846160       4.23214647361332260E-057
   96.339423076923083       1.90838905086903117E-057
   96.837500000000006       8.60372669385946579E-058
   97.335576923076928       3.87811438458526738E-058
   97.833653846153851       1.74771165556501931E-058
   98.331730769230774       7.87471671743977173E-059
   98.829807692307696       3.54745505613188530E-059
   99.327884615384619       1.59777813653458572E-059
   99.825961538461542       7.19506047621909153E-060
   100.32403846153846       3.23945242618171943E-060
   100.82211538461539       1.45823902602857429E-060
   101.32019230769231       6.56306247289075322E-061
   101.81826923076923       2.95328811728067174E-061
   102.31634615384615       1.32870109392132766E-061
   102.81442307692308       5.97684079882913660E-062
   103.31250000000000       2.68806471352287944E-062
   103.81057692307692       1.20873777244404927E-062
   104.30865384615385       5.43437376877458759E-063
   104.80673076923077       2.44282659852865141E-063
   105.30480769230769       1.09789845656978312E-063
   105.80288461538461       4.93354138187989840E-064
   106.30096153846154       2.21657841696361252E-064
   106.79903846153846       9.95716714614497008E-065
   107.29711538461538       4.47216179323001872E-065
   107.79519230769230       2.00830125510275365E-065
   108.29326923076923       9.01717457626428807E-066
   108.79134615384615       4.04802303911695055E-066
   109.28942307692309       1.81696666080929800E-066
   109.78750000000001       8.15423126525377991E-067
   110.28557692307693       3.65891030247343703E-067
   110.78365384615385       1.64154864105890648E-067
   111.28173076923078       7.36358963203741081E-068
   111.77980769230770       3.30262903417332727E-068
   112.27788461538462       1.48103378689544755E-068
   112.77596153846154       6.64057436594258973E-069
   113.27403846153847       2.97702426853912894E-069
   113.77211538461539       1.33442969374448522E-069
   114.27019230769231       5.98061922861853696E-070
   114.76826923076923       2.67999705733368059E-070
   115.26634615384616       1.20077314098728386E-070
   115.76442307692308       5.37932633326246418E-071
   116.26250000000000       2.40958367312592408E-071
   116.76057692307693       1.07928424311281031E-071
   117.25865384615385       4.83581446761812840E-072
   117.75673076923077       2.17139951741690360E-072
   118.25480769230769       9.85989177623079491E-073
   118.75288461538462       4.72419212548028154E-073
   119.25096153846154       2.80881078792353945E-073
   119.74903846153846       2.80881078792353945E-073
