  -10.249038461538461      -1.32795735222674305E-004
  -9.7509615384615387      -1.32795735222674305E-004
  -9.2528846153846160      -6.81592857459788999E-006
  -8.7548076923076916       1.49004549056555970E-004
  -8.2567307692307690       1.30181230993640657E-004
  -7.7586538461538463      -3.46524315687703983E-005
  -7.2605769230769228      -1.11845057049016780E-004
  -6.7624999999999993      -6.31896323432304928E-005
  -6.2644230769230766      -3.13437689453324511E-005
  -5.7663461538461540       1.87574136321876073E-005
  -5.2682692307692305       1.25170309385791071E-004
  -4.7701923076923070       9.55766113128206710E-005
  -4.2721153846153843      -2.44509602214812102E-005
  -3.7740384615384617      -7.91155560480263665E-005
  -3.2759615384615381      -1.43870997830329231E-004
  -2.7778846153846146      -1.24464295207020144E-004
  -2.2798076923076920       9.94650353651678498E-005
  -1.7817307692307693       2.67973735561057719E-004
  -1.2836538461538467       1.48329861167625134E-004
 -0.78557692307692228      -9.00710163385195524E-005
 -0.28749999999999964      -2.15527017169037322E-004
  0.21057692307692299      -2.09599479351738516E-004
  0.70865384615384741      -8.50138760398556144E-005
   1.2067307692307701       1.62513273041983372E-004
   1.7048076923076927       3.31473964763912194E-004
   2.2028846153846153       1.74148918786906854E-004
   2.7009615384615380      -1.31616607329595829E-004
   3.1990384615384624      -2.00435919703587919E-004
   3.6971153846153850      -1.04833601055004790E-004
   4.1951923076923077      -1.20429370058111699E-004
   4.6932692307692321      -1.24528033741579298E-004
   5.1913461538461547       4.58196731732644490E-005
   5.6894230769230774       2.93010396480537381E-004
   6.1875000000000000       4.33447461329754345E-004
   6.6855769230769226       2.08926320963391835E-004
   7.1836538461538453      -2.76256631284786658E-004
   7.6817307692307679      -5.75120058808468873E-004
   8.1798076923076941      -4.56501431203488821E-004
   8.6778846153846168      -7.62821437890761310E-006
   9.1759615384615394       3.91608627607615558E-004
   9.6740384615384620       4.64539339890135709E-004
   10.172115384615385       2.84671222407398771E-004
   10.670192307692307       1.60936614996863092E-005
   11.168269230769230      -1.23523063225029165E-004
   11.666346153846156      -1.41600262120190705E-004
   12.164423076923079      -2.34258726587649821E-004
   12.662500000000001      -3.12262501344383163E-004
   13.160576923076924      -2.89721532369033243E-004
   13.658653846153847      -1.63996470217074770E-004
   14.156730769230769       1.68190542753986585E-004
   14.654807692307692       5.88566497209596197E-004
   15.152884615384615       7.19701799280345359E-004
   15.650961538461537       4.42355637727073314E-004
   16.149038461538463      -1.50447385965126455E-005
   16.647115384615386      -4.56854093377079750E-004
   17.145192307692309      -7.87386760910868655E-004
   17.643269230769231      -8.36878420659103789E-004
   18.141346153846154      -4.88953185677323972E-004
   18.639423076923077       7.89765480467957953E-005
   19.137499999999999       5.33028347881166534E-004
   19.635576923076925       7.28859694232535495E-004
   20.133653846153848       7.53678124502362226E-004
   20.631730769230771       6.68233574443199453E-004
   21.129807692307693       3.93352629492379417E-004
   21.627884615384616      -1.05837155734521155E-004
   22.125961538461539      -6.55060833785723034E-004
   22.624038461538461      -9.86465684540513204E-004
   23.122115384615384      -9.79951995069319216E-004
   23.620192307692307      -7.24287760630452828E-004
   24.118269230769229      -3.59757661947762112E-004
   24.616346153846152       6.41406640191990204E-005
   25.114423076923075       5.47212899092805135E-004
   25.612499999999997       1.00719366090886537E-003
   26.110576923076927       1.25989288004013222E-003
   26.608653846153850       1.15745437710740675E-003
   27.106730769230772       7.31006395124543084E-004
   27.604807692307695       1.75206653752009141E-004
   28.102884615384617      -3.13664939616015593E-004
   28.600961538461540      -6.82258609965919285E-004
   29.099038461538463      -1.00925152049133890E-003
   29.597115384615385      -1.36101470026600514E-003
   30.095192307692308      -1.66165141700416806E-003
   30.593269230769231      -1.70307091781942300E-003
   31.091346153846153      -1.28818067821285511E-003
   31.589423076923076      -3.87007335228267430E-004
   32.087499999999999       8.15238180725813251E-004
   32.585576923076921       2.00342492887611856E-003
   33.083653846153844       2.87609376716847212E-003
   33.581730769230774       3.24661125270861613E-003
   34.079807692307696       3.05556925119300623E-003
   34.577884615384619       2.32491425547267424E-003
   35.075961538461542       1.11934098268181735E-003
   35.574038461538464      -4.45953786334495582E-004
   36.072115384615387      -2.16838761822354823E-003
   36.570192307692309      -3.74534345190444826E-003
   37.068269230769232      -4.82709771280162570E-003
   37.566346153846155      -5.12818193156796241E-003
   38.064423076923077      -4.54281616591784270E-003
   38.562500000000000      -3.19819234843479218E-003
   39.060576923076923      -1.41050147307902971E-003
   39.558653846153845       4.38260098270098217E-004
   40.056730769230768       2.04256731630383069E-003
   40.554807692307691       3.26711829308976411E-003
   41.052884615384613       4.15300415704319362E-003
   41.550961538461536       4.84310017127966529E-003
   42.049038461538466       5.47097757703600505E-003
   42.547115384615388       6.06896253385974093E-003
   43.045192307692311       6.53429935958120371E-003
   43.543269230769234       6.66017027032932227E-003
   44.041346153846156       6.20859221117706864E-003
   44.539423076923079       4.98858044569438011E-003
   45.037500000000001       2.90880404309420970E-003
   45.535576923076924      -7.35322663524126327E-006
   46.033653846153847      -3.63639462675191451E-003
   46.531730769230769      -7.77967683022444054E-003
   47.029807692307692      -1.21806882592438680E-002
   47.527884615384615      -1.65275763785605115E-002
   48.025961538461537      -2.04474293319985845E-002
   48.524038461538460      -2.35075580050436161E-002
   49.022115384615383      -2.52387615416314708E-002
   49.520192307692312      -2.51868022428977760E-002
   50.018269230769235      -2.29854308119522011E-002
   50.516346153846158      -1.84331557953737873E-002
   51.014423076923080      -1.15512696198887838E-002
   51.512500000000003      -2.60422178590355262E-003
   52.010576923076925       7.92625476384630281E-003
   52.508653846153848       1.94087008382567427E-002
   53.006730769230771       3.11551862547554854E-002
   53.504807692307693       4.25181543972908138E-002
   54.002884615384616       5.29693840298921942E-002
   54.500961538461539       6.21461416519420023E-002
   54.999038461538461       6.98594779917559722E-002
   55.497115384615384       7.60695951233126832E-002
   55.995192307692307       8.08404580682581531E-002
   56.493269230769229       8.42887322825565666E-002
   56.991346153846152       8.65405677290910086E-002
   57.489423076923075       8.77048711678211773E-002
   57.987499999999997       8.78653961557725044E-002
   58.485576923076920       8.70882006023266653E-002
   58.983653846153842       8.54372623895068017E-002
   59.481730769230765       8.29899917883472199E-002
   59.979807692307688       7.98458770657442390E-002
   60.477884615384610       7.61247335586538870E-002
   60.975961538461533       7.19548559309557689E-002
   61.474038461538456       6.74546818745666715E-002
   61.972115384615392       6.27135511418832475E-002
   62.470192307692315       5.77774310230684748E-002
   62.968269230769238       5.26441911672984736E-002
   63.466346153846160       4.72706251621061793E-002
   63.964423076923083       4.15906062144703395E-002
   64.462500000000006       3.55412120471309684E-002
   64.960576923076928       2.90918981749061709E-002
   65.458653846153851       2.22711390900466460E-002
   65.956730769230774       1.51854289100407814E-002
   66.454807692307696       8.02694125976554165E-003
   66.952884615384619       1.06814116238386405E-003
   67.450961538461542      -5.35619553644086418E-003
   67.949038461538464      -1.08771580277071244E-002
   68.447115384615387      -1.51262534282246702E-002
   68.945192307692309      -1.77717881769262377E-002
   69.443269230769232      -1.85525231389345943E-002
   69.941346153846155      -1.73046790870470084E-002
   70.439423076923077      -1.39794672217320587E-002
   70.937500000000000      -8.64966951381666502E-003
   71.435576923076923      -1.50517887605850116E-003
   71.933653846153845       7.16135734339986771E-003
   72.431730769230768       1.69767003865232136E-002
   72.929807692307691       2.75143135930904434E-002
   73.427884615384613       3.83238996402025522E-002
   73.925961538461536       4.89604237139834586E-002
   74.424038461538458       5.90102626539207170E-002
   74.922115384615381       6.81126970281792504E-002
   75.420192307692304       7.59756254453359536E-002
   75.918269230769226       8.23850429984159804E-002
   76.416346153846149       8.72084202740455172E-002
   76.914423076923072       9.03925988062433960E-002
   77.412500000000009       9.19571581738739541E-002
   77.910576923076931       9.19844040094680016E-002
   78.408653846153854       9.06071858526098090E-002
   78.906730769230776       8.79957010202997714E-002
   79.404807692307699       8.43443036610016794E-002
   79.902884615384622       7.98591468939297139E-002
   80.400961538461544       7.47472687022743831E-002
   80.899038461538467       6.92075132155826472E-002
   81.397115384615390       6.34234768520155340E-002
   81.895192307692312       5.75584962220133597E-002
   82.393269230769235       5.17525587829484740E-002
   82.891346153846158       4.61209201531211296E-002
   83.389423076923080       4.07541520817885639E-002
   83.887500000000003       3.57193179786618048E-002
   84.385576923076925       3.10619726829384005E-002
   84.883653846153848       2.68087031972566135E-002
   85.381730769230771       2.29699609168779705E-002
   85.879807692307693       1.95429775609993854E-002
   86.377884615384616       1.65146016190555918E-002
   86.875961538461539       1.38639358119147307E-002
   87.374038461538461       1.15646960917935842E-002
   87.872115384615384       9.58724733697026085E-003
   88.370192307692307       7.90029927551462452E-003
   88.868269230769229       6.47226812112539074E-003
   89.366346153846152       5.27232525247272980E-003
   89.864423076923075       4.27116467736191659E-003
   90.362499999999997       3.44152684355508720E-003
   90.860576923076920       2.75851850749149127E-003
   91.358653846153842       2.19976775047933757E-003
   91.856730769230765       1.74545066152728473E-003
   92.354807692307688       1.37822239615405717E-003
   92.852884615384610       1.08308085170787344E-003
   93.350961538461533       8.47186522266156852E-004
   93.849038461538470       6.59657539058460104E-004
   94.347115384615392       5.11354688151560038E-004
   94.845192307692315       3.94667459990525129E-004
   95.343269230769238       3.03308989581840859E-004
   95.841346153846160       2.32125103679742002E-004
   96.339423076923083       1.76920577746116200E-004
   96.837500000000006       1.34304072695106493E-004
   97.335576923076928       1.01552008544989619E-004
   97.833653846153851       7.64907731236526706E-005
   98.331730769230774       5.73960936482726734E-005
   98.829807692307696       4.29080565373218651E-005
   99.327884615384619       3.19600921381416248E-005
   99.825961538461542       2.37201998612317479E-005
   100.32403846153846       1.75427371752842851E-005
   100.82211538461539       1.29292023130472603E-005
   101.32019230769231       9.49658152527981612E-006
   101.81826923076923       6.95198942515822296E-006
   102.31634615384615       5.07249251268795008E-006
   102.81442307692308       3.68916253245946350E-006
   103.31250000000000       2.67455225399133570E-006
   103.81057692307692       1.93291834622146482E-006
   104.30865384615385       1.39263279566616481E-006
   104.80673076923077       1.00032558957671588E-006
   105.30480769230769       7.16387781811019405E-007
   105.80288461538461       5.11536723713484026E-007
   106.30096153846154       3.64205594203349008E-007
   106.79903846153846       2.58568927428034379E-007
   107.29711538461538       1.83056127468453086E-007
   107.79519230769230       1.29237407783958535E-007
   108.29326923076923       9.09925004559501583E-008
   108.79134615384615       6.38930000150598638E-008
   109.28942307692309       4.47453376325361069E-008
   109.78750000000001       3.12539732551360359E-008
   110.28557692307693       2.17741571391932128E-008
   110.78365384615385       1.51311356606527721E-008
   111.28173076923078       1.04884386458302448E-008
   111.77980769230770       7.25227379450907810E-009
   112.27788461538462       5.00237743240956531E-009
   112.77596153846154       3.44217494296404869E-009
   113.27403846153847       2.36298137502788557E-009
   113.77211538461539       1.61837306015441213E-009
   114.27019230769231       1.10590083451453408E-009
   114.76826923076923       7.54084015058225392E-010
   115.26634615384616       5.13189903137124486E-010
   115.76442307692308       3.48718130541450876E-010
   116.26250000000000       2.36811774677812199E-010
   116.76057692307693       1.61037259488169474E-010
   117.25865384615385       1.10134608870441366E-010
   117.75673076923077       7.64549915484978522E-011
   118.25480769230769       5.48858287903545828E-011
   118.75288461538462       4.21240191098112821E-011
   119.25096153846154       3.62017340850706350E-011
   119.74903846153846       3.62017340850706350E-011
