  -10.249038461538461       1.47842447369297557E-004
  -9.7509615384615387       1.47842447369297557E-004
  -9.2528846153846160      -5.93039555529349869E-005
  -8.7548076923076916      -1.62859842579846884E-004
  -8.2567307692307690      -8.07160901929252086E-005
  -7.7586538461538463       1.22545657981069234E-004
  -7.2605769230769228       1.82789753000752640E-004
  -6.7624999999999993      -2.19574479466625306E-005
  -6.2644230769230766      -1.92663858063888695E-004
  -5.7663461538461540      -8.36395771069132186E-005
  -5.2682692307692305       9.53667034944093817E-005
  -4.7701923076923070       1.05873198633082592E-004
  -4.2721153846153843       5.95120362214533020E-005
  -3.7740384615384617      -2.61486873880812233E-005
  -3.2759615384615381      -1.34135885766357413E-004
  -2.7778846153846146      -8.70024631478025174E-005
  -2.2798076923076920       4.59027016237429730E-005
  -1.7817307692307693       1.08727160880742584E-004
  -1.2836538461538467       1.09549021179457606E-004
 -0.78557692307692228       1.57534109461550514E-005
 -0.28749999999999964      -1.41641072713141329E-004
  0.21057692307692299      -1.51319385084871481E-004
  0.70865384615384741      -6.91835893944120245E-007
   1.2067307692307701       9.39749022774339385E-005
   1.7048076923076927       1.16261481267414433E-004
   2.2028846153846153       1.31238012110111138E-004
   2.7009615384615380       5.89700518655778179E-006
   3.1990384615384624      -2.17151430400249710E-004
   3.6971153846153850      -2.38576788796311282E-004
   4.1951923076923077      -2.02691422311941942E-005
   4.6932692307692321       2.30959018887814255E-004
   5.1913461538461547       2.91102802327499149E-004
   5.6894230769230774       4.67940686499705412E-005
   6.1875000000000000      -2.02066912320970627E-004
   6.6855769230769226      -1.94709929301075974E-004
   7.1836538461538453      -6.30371645647224174E-005
   7.6817307692307679       2.58935885648759381E-005
   8.1798076923076941       1.40859206421939344E-005
   8.6778846153846168       5.58532420227828187E-005
   9.1759615384615394       1.82824086848749272E-004
   9.6740384615384620       2.24846300527819029E-004
   10.172115384615385       3.96923033724110399E-005
   10.670192307692307      -3.05969875796515398E-004
   11.168269230769230      -4.35760835611789874E-004
   11.666346153846156      -2.17868852494883789E-004
   12.164423076923079       2.01342544494264534E-004
   12.662500000000001       5.26760859559528513E-004
   13.160576923076924       4.12808488056643516E-004
   13.658653846153847      -2.27603507719462443E-006
   14.156730769230769      -3.17645057155862317E-004
   14.654807692307692      -4.06171875513275686E-004
   15.152884615384615      -2.74117248755182460E-004
   15.650961538461537       1.37978750230434335E-005
   16.149038461538463       2.11579125632837617E-004
   16.647115384615386       1.86036752017202896E-004
   17.145192307692309       1.25746461482395441E-004
   17.643269230769231       1.72708840991825212E-004
   18.141346153846154       1.77410324228402018E-004
   18.639423076923077       5.05780983911069100E-006
   19.137499999999999      -2.29650147406725306E-004
   19.635576923076925      -3.64515393406838887E-004
   20.133653846153848      -3.71368477020530348E-004
   20.631730769230771      -2.44848844172541207E-004
   21.129807692307693       6.13868030689692593E-005
   21.627884615384616       4.66515938808666523E-004
   22.125961538461539       6.94239361348961311E-004
   22.624038461538461       5.23518518758122123E-004
   23.122115384615384       4.93559816719539622E-005
   23.620192307692307      -4.07305809669983028E-004
   24.118269230769229      -6.16473481273010788E-004
   24.616346153846152      -5.84455661775575746E-004
   25.114423076923075      -4.14121503554588531E-004
   25.612499999999997      -1.40955241714737698E-004
   26.110576923076927       2.33428242567325318E-004
   26.608653846153850       6.09329268793989704E-004
   27.106730769230772       7.89218742873189455E-004
   27.604807692307695       6.41814284565315639E-004
   28.102884615384617       2.35152573746787521E-004
   28.600961538461540      -2.19184421249830680E-004
   29.099038461538463      -5.42439065533957846E-004
   29.597115384615385      -6.92120592874923154E-004
   30.095192307692308      -7.06283675213362368E-004
   30.593269230769231      -5.90519670132918953E-004
   31.091346153846153      -2.98001951224677471E-004
   31.589423076923076       1.74433809781832723E-004
   32.087499999999999       6.94727314309652325E-004
   32.585576923076921       1.03076482490703611E-003
   33.083653846153844       1.00218155488292346E-003
   33.581730769230774       6.16845437080833854E-004
   34.079807692307696       6.93581486038433105E-005
   34.577884615384619      -3.97435772696406932E-004
   35.075961538461542      -6.50478206719849370E-004
   35.574038461538464      -7.19665537168509843E-004
   36.072115384615387      -7.19265153888024684E-004
   36.570192307692309      -7.19337886033986646E-004
   37.068269230769232      -6.78438634478791946E-004
   37.566346153846155      -4.85964807712937737E-004
   38.064423076923077      -6.97084188966270524E-005
   38.562500000000000       5.21947288676366809E-004
   39.060576923076923       1.12454934770095426E-003
   39.558653846153845       1.53906950743385091E-003
   40.056730769230768       1.62721049450617172E-003
   40.554807692307691       1.35827396611864831E-003
   41.052884615384613       7.90926675763378804E-004
   41.550961538461536       2.24351209757002804E-005
   42.049038461538466      -8.46346390110952755E-004
   42.547115384615388      -1.70654225043638487E-003
   43.045192307692311      -2.41455942641082130E-003
   43.543269230769234      -2.78415052931491611E-003
   44.041346153846156      -2.62740358531385505E-003
   44.539423076923079      -1.83805589120824469E-003
   45.037500000000001      -4.74528482992444970E-004
   45.535576923076924       1.21000019943292214E-003
   46.033653846153847       2.81999075799121892E-003
   46.531730769230769       3.93930331428895414E-003
   47.029807692307692       4.27211440064985577E-003
   47.527884615384615       3.74177008752005821E-003
   48.025961538461537       2.50634170429936843E-003
   48.524038461538460       8.88671615211709650E-004
   49.022115384615383      -7.43968484856216607E-004
   49.520192307692312      -2.09759935121524646E-003
   50.018269230769235      -3.02140943367220673E-003
   50.516346153846158      -3.51115087821319031E-003
   51.014423076923080      -3.65809834416105017E-003
   51.512500000000003      -3.57596977702102307E-003
   52.010576923076925      -3.34089647112034531E-003
   52.508653846153848      -2.96649019750382060E-003
   53.006730769230771      -2.41602583327738679E-003
   53.504807692307693      -1.63706410954973683E-003
   54.002884615384616      -5.97383898091695788E-004
   54.500961538461539       6.94184245931863449E-004
   54.999038461538461       2.18692503799429970E-003
   55.497115384615384       3.80080083956914946E-003
   55.995192307692307       5.43995736323270654E-003
   56.493269230769229       6.99664833051217173E-003
   56.991346153846152       8.34287875121527377E-003
   57.489423076923075       9.31630605177743466E-003
   57.987499999999997       9.71284275828583274E-003
   58.485576923076920       9.29808881430049285E-003
   58.983653846153842       7.84324042786016702E-003
   59.481730769230765       5.18119496884175863E-003
   59.979807692307688       1.26925863780782966E-003
   60.477884615384610      -3.76014025500147689E-003
   60.975961538461533      -9.57808106282016444E-003
   61.474038461538456      -1.56773643452048882E-002
   61.972115384615392      -2.14299907271701569E-002
   62.470192307692315      -2.61730071788619720E-002
   62.968269230769238      -2.93044474895799642E-002
   63.466346153846160      -3.03689221701798906E-002
   63.964423076923083      -2.91157194462686210E-002
   64.462500000000006      -2.55197158753623921E-002
   64.960576923076928      -1.97645804525016823E-002
   65.458653846153851      -1.21960909078049629E-002
   65.956730769230774      -3.25881533306347955E-003
   66.454807692307696       6.56905820362752545E-003
   66.952884615384619       1.68301696380781414E-002
   67.450961538461542       2.71239642217879356E-002
   67.949038461538464       3.71222673456177849E-002
   68.447115384615387       4.65677060873916915E-002
   68.945192307692309       5.52615733439771745E-002
   69.443269230769232       6.30487115343439375E-002
   69.941346153846155       6.98057714797008649E-002
   70.439423076923077       7.54364784553573642E-002
   70.937500000000000       7.98742822895747717E-002
   71.435576923076923       8.30899337541912558E-002
   71.933653846153845       8.50998135402269845E-002
   72.431730769230768       8.59705545306401892E-002
   72.929807692307691       8.58165516186120275E-002
   73.427884615384613       8.47889346305872593E-002
   73.925961538461536       8.30569023754965108E-002
   74.424038461538458       8.07843796080657817E-002
   74.922115384615381       7.81062898923629845E-002
   75.420192307692304       7.51090771838522353E-002
   75.918269230769226       7.18194418274906016E-002
   76.416346153846149       6.82037819418892660E-002
   76.914423076923072       6.41788942029388465E-002
   77.412500000000009       5.96324920687706581E-002
   77.910576923076931       5.44504192958497404E-002
   78.408653846153854       4.85463510113037094E-002
   78.906730769230776       4.18894274920380214E-002
   79.404807692307699       3.45256579999712945E-002
   79.902884615384622       2.65899402940975756E-002
   80.400961538461544       1.83069561742708400E-002
   80.899038461538467       9.98077509680392327E-003
   81.397115384615390       1.97448273244626386E-003
   81.895192307692312      -5.31765158765301615E-003
   82.393269230769235      -1.15021790749525628E-002
   82.891346153846158      -1.62190609138379710E-002
   83.389423076923080      -1.91714218881343969E-002
   83.887500000000003      -2.01495992826646771E-002
   84.385576923076925      -1.90474418520665024E-002
   84.883653846153848      -1.58697762848958868E-002
   85.381730769230771      -1.07309302377442562E-002
   85.879807692307693      -3.84507070480245329E-003
   86.377884615384616       4.49019719112277518E-003
   86.875961538461539       1.39150700728296432E-002
   87.374038461538461       2.40315119759284546E-002
   87.872115384615384       3.44278491115743573E-002
   88.370192307692307       4.47021037525550044E-002
   88.868269230769229       5.44825235127795598E-002
   89.366346153846152       6.34441918089416051E-002
   89.864423076923075       7.13210637584356655E-002
   90.362499999999997       7.79132121505902719E-002
   90.860576923076920       8.30894541209572096E-002
   91.358653846153842       8.67858366784815538E-002
   91.856730769230765       8.90006762879175517E-002
   92.354807692307688       8.97869730057734156E-002
   92.852884615384610       8.92430604454843152E-002
   93.350961538461533       8.75023223223905244E-002
   93.849038461538470       8.47227211363132671E-002
   94.347115384615392       8.10767624453506419E-002
   94.845192307692315       7.67423761835088203E-002
   95.343269230769238       7.18950495028678055E-002
   95.841346153846160       6.67014056902904273E-002
   96.339423076923083       6.13142995637650512E-002
   96.837500000000006       5.58693969029008600E-002
   97.335576923076928       5.04831264993158002E-002
   97.833653846153851       4.52518384866868739E-002
   98.331730769230774       4.02519700429947863E-002
   98.829807692307696       3.55410064114155613E-002
   99.327884615384619       3.11590278157535400E-002
   99.825961538461542       2.71306473603566689E-002
   100.32403846153846       2.34671676284966615E-002
   100.82211538461539       2.01688110252896541E-002
   101.32019230769231       1.72269080800654811E-002
   101.81826923076923       1.46259566612526974E-002
   102.31634615384615       1.23454917068452248E-002
   102.81442307692308       1.03617285448963405E-002
   103.31250000000000       8.64896257331129563E-003
   103.81057692307692       7.18072378998085414E-003
   104.30865384615385       5.93069652227678611E-003
   104.80673076923077       4.87342302280465659E-003
   105.30480769230769       3.98481483303838712E-003
   105.80288461538461       3.24249849063836491E-003
   106.30096153846154       2.62602280517761858E-003
   106.79903846153846       2.11695406011403256E-003
   107.29711538461538       1.69888357418778000E-003
   107.79519230769230       1.35736946506688798E-003
   108.29326923076923       1.07983152234623122E-003
   108.79134615384615       8.55415065289253382E-004
   109.28942307692309       6.74836716651156985E-004
   109.78750000000001       5.30222293536208476E-004
   110.28557692307693       4.14944577239356456E-004
   110.78365384615385       3.23466615514216428E-004
   111.28173076923078       2.51194442400248590E-004
   111.77980769230770       1.94341661185990020E-004
   112.27788461538462       1.49807199734895816E-004
   112.77596153846154       1.15066680356781356E-004
   113.27403846153847       8.80772109037110168E-005
   113.77211538461539       6.71949614927168457E-005
   114.27019230769231       5.11046056720807778E-005
   114.76826923076923       3.87595426783197275E-005
   115.26634615384616       2.93317494934722774E-005
   115.76442307692308       2.21701129441427802E-005
   116.26250000000000       1.67661427176281089E-005
   116.76057692307693       1.27260496694229391E-005
   117.25865384615385       9.74827764503369203E-006
   117.75673076923077       7.60569196221255121E-006
   118.25480769230769       6.13174716153237754E-006
   118.75288461538462       5.21007635110307350E-006
   119.25096153846154       4.76706196682886150E-006
   119.74903846153846       4.76706196682886150E-006
