  -10.249038461538461       8.22845717242941553E-005
  -9.7509615384615387       8.22845717242941553E-005
  -9.2528846153846160      -2.28929439526009301E-005
  -8.7548076923076916      -1.16402842176641550E-004
  -8.2567307692307690      -5.97398125793261917E-005
  -7.7586538461538463       1.11682525494121801E-004
  -7.2605769230769228       1.34416019217419480E-004
  -6.7624999999999993      -3.19187966752365314E-005
  -6.2644230769230766      -1.48677101527241366E-004
  -5.7663461538461540      -1.00969880366917687E-004
  -5.2682692307692305       4.74142734397209835E-005
  -4.7701923076923070       2.00140870154897455E-004
  -4.2721153846153843       1.25953296466666692E-004
  -3.7740384615384617      -1.67749955392788695E-004
  -3.2759615384615381      -2.19212744849539456E-004
  -2.7778846153846146       1.40520596034905801E-005
  -2.2798076923076920       1.28997946987190919E-004
  -1.7817307692307693       8.15774287554386999E-005
  -1.2836538461538467       6.08978882279051910E-005
 -0.78557692307692228       1.93733336491708923E-005
 -0.28749999999999964      -1.16090240930710070E-004
  0.21057692307692299      -1.85018686828147480E-004
  0.70865384615384741      -5.52104956050429075E-005
   1.2067307692307701       1.34295549328674766E-004
   1.7048076923076927       2.02841853157822863E-004
   2.2028846153846153       1.42561095697110751E-004
   2.7009615384615380      -3.92943898700674841E-005
   3.1990384615384624      -2.76840823417942486E-004
   3.6971153846153850      -2.67805481336064514E-004
   4.1951923076923077       5.09458484898912432E-005
   4.6932692307692321       2.62490405990761940E-004
   5.1913461538461547       1.90803218602388818E-004
   5.6894230769230774       2.96170055166004664E-005
   6.1875000000000000      -7.44841977149164879E-005
   6.6855769230769226      -6.35031739521553653E-005
   7.1836538461538453      -9.18686411455952960E-005
   7.6817307692307679      -1.93542302748518961E-004
   8.1798076923076941      -1.60653639437447837E-004
   8.6778846153846168       8.88507278357179831E-005
   9.1759615384615394       3.81115029548726163E-004
   9.6740384615384620       4.14076399040737395E-004
   10.172115384615385       6.36802113487782004E-005
   10.670192307692307      -3.72003181839436177E-004
   11.168269230769230      -5.31608691670892798E-004
   11.666346153846156      -3.20520285643502315E-004
   12.164423076923079       1.42724375772640270E-004
   12.662500000000001       4.30934156739857751E-004
   13.160576923076924       3.68595881288952612E-004
   13.658653846153847       1.67610101769559796E-004
   14.156730769230769      -5.21856160760150755E-005
   14.654807692307692      -2.08477507853198693E-004
   15.152884615384615      -1.97870791101303147E-004
   15.650961538461537      -1.43806183510003700E-004
   16.149038461538463      -1.95628827116232565E-004
   16.647115384615386      -2.00690960602523068E-004
   17.145192307692309       2.17635858411965736E-005
   17.643269230769231       3.32201243532515077E-004
   18.141346153846154       4.80122383381418065E-004
   18.639423076923077       4.10794885380808407E-004
   19.137499999999999       1.80123313275439955E-004
   19.635576923076925      -1.88994249001538789E-004
   20.133653846153848      -5.88112286781264219E-004
   20.631730769230771      -7.51360236965980003E-004
   21.129807692307693      -4.98198949589905016E-004
   21.627884615384616       2.51827355865324445E-005
   22.125961538461539       4.78647138206760015E-004
   22.624038461538461       6.62365412651990423E-004
   23.122115384615384       6.21040394113028674E-004
   23.620192307692307       4.56403889521731149E-004
   24.118269230769229       1.73313794982301640E-004
   24.616346153846152      -2.38352141140305007E-004
   25.114423076923075      -6.55876941724221831E-004
   25.612499999999997      -8.58325458700664860E-004
   26.110576923076927      -7.20462550045882486E-004
   26.608653846153850      -3.27774451282770020E-004
   27.106730769230772       1.17077972669802331E-004
   27.604807692307695       4.71124944126515097E-004
   28.102884615384617       7.10996062095320402E-004
   28.600961538461540       8.42455148566366658E-004
   29.099038461538463       8.06719358616831989E-004
   29.597115384615385       5.16054452092989512E-004
   30.095192307692308      -1.79422812716529536E-005
   30.593269230769231      -6.17013347545691576E-004
   31.091346153846153      -1.02346702501010761E-003
   31.589423076923076      -1.07486321738370317E-003
   32.087499999999999      -8.09847948243528661E-004
   32.585576923076921      -4.14444916398954690E-004
   33.083653846153844      -6.41405725624576433E-005
   33.581730769230774       1.97466745367034624E-004
   34.079807692307696       4.47430490070593011E-004
   34.577884615384619       7.65145018864891373E-004
   35.075961538461542       1.11893687403645330E-003
   35.574038461538464       1.35411765321783286E-003
   36.072115384615387       1.28801501364901377E-003
   36.570192307692309       8.33626867392425969E-004
   37.068269230769232       6.08992403885647406E-005
   37.566346153846155      -8.38261180905105216E-004
   38.064423076923077      -1.64263817177098055E-003
   38.562500000000000      -2.18213747351292831E-003
   39.060576923076923      -2.36189240985400532E-003
   39.558653846153845      -2.13921855692413791E-003
   40.056730769230768      -1.49813183810589955E-003
   40.554807692307691      -4.59002763147160720E-004
   41.052884615384613       8.78277779057280500E-004
   41.550961538461536       2.29694541585561979E-003
   42.049038461538466       3.47782519248369514E-003
   42.547115384615388       4.08220121589970494E-003
   43.045192307692311       3.87470573257445118E-003
   43.543269230769234       2.82744893881833187E-003
   44.041346153846156       1.15030062841262309E-003
   44.539423076923079      -7.72393694130886575E-004
   45.037500000000001      -2.51224062171192218E-003
   45.535576923076924      -3.73660105111731696E-003
   46.033653846153847      -4.29885535809289461E-003
   46.531730769230769      -4.24733076697624001E-003
   47.029807692307692      -3.76027935628088809E-003
   47.527884615384615      -3.04535395023594786E-003
   48.025961538461537      -2.25143919554117054E-003
   48.524038461538460      -1.42728758803373559E-003
   49.022115384615383      -5.34978658907802208E-004
   49.520192307692312       4.98976994181647314E-004
   50.018269230769235       1.72481432821336607E-003
   50.516346153846158       3.12974684557082005E-003
   51.014423076923080       4.62951347511475052E-003
   51.512500000000003       6.08656199965195484E-003
   52.010576923076925       7.33926137053731407E-003
   52.508653846153848       8.22569050276491208E-003
   53.006730769230771       8.59339232405672594E-003
   53.504807692307693       8.29768299174700984E-003
   54.002884615384616       7.19948435859871921E-003
   54.500961538461539       5.17512440088922863E-003
   54.999038461538461       2.14472994402676708E-003
   55.497115384615384      -1.88424888944634366E-003
   55.995192307692307      -6.77142039410467966E-003
   56.493269230769229      -1.22135337943989324E-002
   56.991346153846152      -1.77458783309417042E-002
   57.489423076923075      -2.27822386141937235E-002
   57.987499999999997      -2.66891395898453329E-002
   58.485576923076920      -2.88795360299479095E-002
   58.983653846153842      -2.89049598082670445E-002
   59.481730769230765      -2.65252312882601343E-002
   59.979807692307688      -2.17408245423492338E-002
   60.477884615384610      -1.47827010992416415E-002
   60.975961538461533      -6.06481997624704061E-003
   61.474038461538456       3.88735275798383732E-003
   61.972115384615392       1.45151267603557798E-002
   62.470192307692315       2.52953218234856017E-002
   62.968269230769238       3.57878742857014459E-002
   63.466346153846160       4.56575952383697567E-002
   63.964423076923083       5.46722261872189530E-002
   64.462500000000006       6.26840401235678191E-002
   64.960576923076928       6.96045530756723152E-002
   65.458653846153851       7.53813201197972155E-002
   65.956730769230774       7.99829490878491423E-002
   66.454807692307696       8.33945109791143224E-002
   66.952884615384619       8.56216963162019923E-002
   67.450961538461542       8.66993649804269489E-002
   67.949038461538464       8.66991154722933505E-002
   68.447115384615387       8.57311933035995732E-002
   68.945192307692309       8.39380604413384052E-002
   69.443269230769232       8.14795795629399827E-002
   69.941346153846155       7.85122843218065414E-002
   70.439423076923077       7.51669878487563614E-002
   70.937500000000000       7.15296537526323717E-002
   71.435576923076923       6.76299430854906819E-002
   71.933653846153845       6.34403563120165548E-002
   72.431730769230768       5.88868022343493822E-002
   72.929807692307691       5.38692196168993401E-002
   73.427884615384613       4.82889992262476170E-002
   73.925961538461536       4.20787392435889723E-002
   74.424038461538458       3.52294886268864349E-002
   74.922115384615381       2.78110917675584712E-002
   75.420192307692304       1.99823960152008470E-002
   75.918269230769226       1.19896724619189855E-002
   76.416346153846149       4.15333731042733661E-003
   76.914423076923072      -3.15533432777050007E-003
   77.412500000000009      -9.54456272606472172E-003
   77.910576923076931      -1.46357969368228064E-002
   78.408653846153854      -1.80969358974380455E-002
   78.906730769230776      -1.96714545361048355E-002
   79.404807692307699      -1.92005698476684396E-002
   79.902884615384622      -1.66365660046709843E-002
   80.400961538461544      -1.20464916922722251E-002
   80.899038461538467      -5.60650052674460837E-003
   81.397115384615390       2.41199217103147713E-003
   81.895192307692312       1.16624964377793974E-002
   82.393269230769235       2.17477472091968313E-002
   82.891346153846158       3.22457688688687072E-002
   83.389423076923080       4.27354856560407392E-002
   83.887500000000003       5.28199788363129669E-002
   84.385576923076925       6.21459392803388674E-002
   84.883653846153848       7.04183737080932015E-002
   85.381730769230771       7.74101344652283196E-002
   85.879807692307693       8.29663077138654420E-002
   86.377884615384616       8.70038789102439286E-002
   86.875961538461539       8.95073777672984183E-002
   87.374038461538461       9.05213815747395456E-002
   87.872115384615384       9.01408310751882075E-002
   88.370192307692307       8.85001006448834088E-002
   88.868269230769229       8.57616829651398488E-002
   89.366346153846152       8.21052185011047209E-002
   89.864423076923075       7.77174424140987252E-002
   90.362499999999997       7.27834543594168409E-002
   90.860576923076920       6.74795549771395609E-002
   91.358653846153842       6.19677479001515957E-002
   91.856730769230765       5.63918849771396016E-002
   92.354807692307688       5.08753387298123000E-002
   92.852884615384610       4.55200203972304859E-002
   93.350961538461533       4.04065225080398049E-002
   93.849038461538470       3.55951484129476345E-002
   94.347115384615392       3.11275933405167279E-002
   94.845192307692315       2.70290577098938958E-002
   95.343269230769238       2.33105991634508132E-002
   95.841346153846160       1.99715610292537475E-002
   96.339423076923083       1.70019482838854180E-002
   96.837500000000006       1.43846548848876408E-002
   97.335576923076928       1.20974766386249873E-002
   97.833653846153851       1.01148703044094072E-002
   98.331730769230774       8.40944173816481413E-003
   98.829807692307696       6.95316335305232701E-003
   99.327884615384619       5.71833418254905513E-003
   99.825961538461542       4.67830478239247404E-003
   100.32403846153846       3.80799465933086799E-003
   100.82211538461539       3.08423249277354258E-003
   101.32019230769231       2.48594975234584176E-003
   101.81826923076923       1.99425700392308206E-003
   102.31634615384615       1.59242976609392291E-003
   102.81442307692308       1.26582767328508867E-003
   103.31250000000000       1.00176727904628996E-003
   103.81057692307692       7.89365366884635941E-004
   104.30865384615385       6.19366323348373026E-004
   104.80673076923077       4.83964099259611520E-004
   105.30480769230769       3.76626615989388805E-004
   105.80288461538461       2.91928197573987607E-004
   106.30096153846154       2.25393727577549697E-004
   106.79903846153846       1.73356721000197722E-004
   107.29711538461538       1.32832331153798493E-004
   107.79519230769230       1.01405436503905689E-004
   108.29326923076923       7.71333274056929110E-005
   108.79134615384615       5.84620925360514638E-005
   109.28942307692309       4.41555477837652472E-005
   109.78750000000001       3.32354190081839059E-005
   110.28557692307693       2.49314521698529949E-005
   110.78365384615385       1.86401529390557487E-005
   111.28173076923078       1.38909311638019292E-005
   111.77980769230770       1.03185263468525031E-005
   112.27788461538462       7.64070544663917193E-006
   112.77596153846154       5.64034424973295447E-006
   113.27403846153847       4.15112148437118970E-006
   113.77211538461539       3.04616625519477590E-006
   114.27019230769231       2.22910154589293744E-006
   114.76826923076923       1.62701805460405742E-006
   115.26634615384616       1.18499305601204406E-006
   115.76442307692308       8.61838552528841032E-007
   116.26250000000000       6.26822351514858233E-007
   116.76057692307693       4.57155816028736402E-007
   117.25865384615385       3.36083947697738149E-007
   117.75673076923077       2.51448281170124135E-007
   118.25480769230769       1.94621894565262693E-007
   118.75288461538462       1.59739713037535197E-007
   119.25096153846154       1.43167178305205279E-007
   119.74903846153846       1.43167178305205279E-007
