  -10.000000000000000        0.0000000000000000     
  -9.5019230769230774      -7.47436957795977544E-005
  -9.0038461538461547      -2.05114779021375973E-004
  -8.5057692307692303      -4.88140867716552066E-004
  -8.0076923076923077      -1.13446182564945789E-003
  -7.5096153846153850      -2.27862957799506403E-003
  -7.0115384615384615      -3.72942437708630517E-003
  -6.5134615384615380      -5.20824523976988994E-003
  -6.0153846153846153      -6.56211240806415467E-003
  -5.5173076923076927      -7.69761533438192459E-003
  -5.0192307692307692      -8.55337757596368216E-003
  -4.5211538461538456      -9.08894490846315004E-003
  -4.0230769230769230      -9.28050863198932006E-003
  -3.5250000000000004      -9.11929615341801510E-003
  -3.0269230769230768      -8.61081666139849704E-003
  -2.5288461538461533      -7.77418016973106373E-003
  -2.0307692307692307      -6.64116527787186797E-003
  -1.5326923076923080      -5.25491951275072408E-003
  -1.0346153846153854      -3.66827617967353066E-003
 -0.53653846153846096      -1.94172349243675112E-003
 -3.84615384615383249E-002 -1.41091098401104737E-004
  0.45961538461538431       1.66496318297864199E-003
  0.95769230769230873       3.40757304977263274E-003
   1.4557692307692314       5.02029132797529500E-003
   1.9538461538461540       6.44162662313726639E-003
   2.4519230769230766       7.61739450214682281E-003
   2.9499999999999993       8.50279830886410855E-003
   3.4480769230769237       9.06417110685837045E-003
   3.9461538461538463       9.28033730999161879E-003
   4.4442307692307690       9.14359980602449940E-003
   4.9423076923076934       8.66044836993006689E-003
   5.4403846153846160       7.85227082107363764E-003
   5.9384615384615387       6.75675288978380088E-003
   6.4365384615384613       5.43156183399355445E-003
   6.9346153846153840       3.96398393966264622E-003
   7.4326923076923066       2.49495720608106271E-003
   7.9307692307692292       1.27694569560683779E-003
   8.4288461538461554       5.52395651100241226E-004
   8.9269230769230781       2.38961575581684004E-004
   9.4250000000000007       1.03372708475792598E-004
   9.9230769230769234       4.47181386028669168E-005
   10.421153846153846       1.93446795541155884E-005
   10.919230769230769       8.36834087337048324E-006
   11.417307692307691       3.62007180201774562E-006
   11.915384615384617       1.56601171606980617E-006
   12.413461538461540       6.77443108587236039E-007
   12.911538461538463       2.93056022929448222E-007
   13.409615384615385       1.26773498005354757E-007
   13.907692307692308       5.48411175305645327E-008
   14.405769230769231       2.37237925853726720E-008
   14.903846153846153       1.02627072528219076E-008
   15.401923076923076       4.43955829482602600E-009
   15.899999999999999       1.92051447708781276E-009
   16.398076923076925       8.30797933434594469E-010
   16.896153846153847       3.59395992289431408E-010
   17.394230769230770       1.55471594325858687E-010
   17.892307692307693       6.72556655076956790E-011
   18.390384615384615       2.90942185451732335E-011
   18.888461538461538       1.25859070215793904E-011
   19.386538461538461       5.44455439866492158E-012
   19.884615384615387       2.35526708954676902E-012
   20.382692307692309       1.01886814914777539E-012
   20.880769230769232       4.40753539144291611E-013
   21.378846153846155       1.90666164636424270E-013
   21.876923076923077       8.24805318812489290E-014
   22.375000000000000       3.56803639092769032E-014
   22.873076923076923       1.54350164779654231E-014
   23.371153846153845       6.67705447962434511E-015
   23.869230769230768       2.88843595259629309E-015
   24.367307692307691       1.24951238269966013E-015
   24.865384615384613       5.40528237476206526E-016
   25.363461538461536       2.33827835205505258E-016
   25.861538461538458       1.01151896841096428E-016
   26.359615384615388       4.37574347192644221E-017
   26.857692307692311       1.89290873726133555E-017
   27.355769230769234       8.18855929418281428E-018
   27.853846153846156       3.54229984755416389E-018
   28.351923076923079       1.53236824198077469E-018
   28.850000000000001       6.62889233008484224E-019
   29.348076923076924       2.86760142373199563E-019
   29.846153846153847       1.24049954591501427E-019
   30.344230769230769       5.36629362323533229E-020
   30.842307692307692       2.32141215574044718E-020
   31.340384615384615       1.00422279792631165E-020
   31.838461538461537       4.34418087017075237E-021
   32.336538461538460       1.87925502903612702E-021
   32.834615384615383       8.12949453464805013E-022
   33.332692307692305       3.51674894400945194E-022
   33.830769230769235       1.52131514234753396E-022
   34.328846153846158       6.58107757813739583E-023
   34.826923076923080       2.84691717605797495E-023
   35.325000000000003       1.23155171947202739E-023
   35.823076923076925       5.32758610081749885E-024
   36.321153846153848       2.30466761670324461E-024
   36.819230769230771       9.96979255326457194E-025
   37.317307692307693       4.31284593208775468E-025
   37.815384615384616       1.86569980614443059E-025
   38.313461538461539       8.07085581413841223E-026
   38.811538461538461       3.49138234125802266E-026
   39.309615384615384       1.51034176964164303E-026
   39.807692307692307       6.53360771797427092E-027
   40.305769230769229       2.82638212558350294E-027
   40.803846153846152       1.22266843444569613E-027
   41.301923076923075       5.28915777897960495E-028
   41.799999999999997       2.28804385741938160E-028
   42.298076923076927       9.89787961002089586E-029
   42.796153846153850       4.28173701552044033E-029
   43.294230769230772       1.85224235820334261E-029
   43.792307692307695       8.01264005959896804E-030
   44.290384615384617       3.46619870992291979E-030
   44.788461538461540       1.49944754878614173E-030
   45.286538461538463       6.48648026186232758E-031
   45.784615384615385       2.80599519613676311E-031
   46.282692307692308       1.21384922529341128E-031
   46.780769230769231       5.25100664382463294E-032
   47.278846153846153       2.27154000669444613E-032
   47.776923076923076       9.82648538082049600E-033
   48.274999999999999       4.25085249015680405E-033
   48.773076923076921       1.83888197995400746E-033
   49.271153846153844       7.95484422014097363E-034
   49.769230769230774       3.44119673021609175E-034
   50.267307692307696       1.48863190885214660E-034
   50.765384615384619       6.43969274001265689E-035
   51.263461538461542       2.78575531930845850E-035
   51.761538461538464       1.20509362983056229E-035
   52.259615384615387       5.21313069598197737E-036
   52.757692307692309       2.25515519961802649E-036
   53.255769230769232       9.75560612413582040E-037
   53.753846153846155       4.22019073744442669E-037
   54.251923076923077       1.82561797122466294E-037
   54.750000000000000       7.89746526688201182E-038
   55.248076923076923       3.41637509186923054E-038
   55.746153846153845       1.47789428302893345E-038
   56.244230769230768       6.39324270045114022E-039
   56.742307692307691       2.76566143439581793E-039
   57.240384615384613       1.19640118920631413E-039
   57.738461538461536       5.17552795050265808E-040
   58.236538461538458       2.23888857751838103E-040
   58.734615384615381       9.68523812542726729E-041
   59.232692307692304       4.18975015050563825E-041
   59.730769230769226       1.81244963689394207E-041
   60.228846153846149       7.84050019278724171E-042
   60.726923076923072       3.39173249406510030E-042
   61.224999999999994       1.46723410859422892E-042
   61.723076923076917       6.34712770888994964E-043
   62.221153846153854       2.74571248834700395E-043
   62.719230769230776       1.18777144787956075E-043
   63.217307692307699       5.13819643675529154E-044
   63.715384615384622       2.22273928791743718E-044
   64.213461538461544       9.61537769694851202E-045
   64.711538461538467       4.15952913405330978E-045
   65.209615384615390       1.79937628685444673E-045
   65.707692307692312       7.78394601251181074E-046
   66.205769230769235       3.36726764536936920E-046
   66.703846153846158       1.45665082688472379E-046
   67.201923076923080       6.30134534859998410E-047
   67.700000000000003       2.72590743570593300E-047
   68.198076923076925       1.17920395359505271E-047
   68.696153846153848       5.10113419832283264E-048
   69.194230769230771       2.20670648448611987E-048
   69.692307692307693       9.54602117755325385E-049
   70.190384615384616       4.12952610430725399E-049
   70.688461538461539       1.78639723597658102E-049
   71.186538461538461       7.72779976224441297E-050
   71.684615384615384       3.34297926366292789E-050
   72.182692307692307       1.44614388326679256E-050
   72.680769230769229       6.25589322028420100E-051
   73.178846153846152       2.70624523855748159E-051
   73.676923076923075       1.17069825735969429E-051
   74.174999999999997       5.06433929290002364E-052
   74.673076923076920       2.19078932699999395E-052
   75.171153846153842       9.47716493250334225E-053
   75.669230769230765       4.09973948891121859E-053
   76.167307692307688       1.77351180407264573E-053
   76.665384615384610       7.67205849955195736E-054
   77.163461538461533       3.31886607607469912E-054
   77.661538461538470       1.43571272710742904E-054
   78.159615384615392       6.21076894195189841E-055
   78.657692307692315       2.68672486647309555E-055
   79.155769230769238       1.16225391341901565E-055
   79.653846153846160       5.02780979219162550E-056
   80.151923076923083       2.17498698129523598E-056
   80.650000000000006       9.40880535327830126E-057
   81.148076923076928       4.07016772685049113E-057
   81.646153846153851       1.76071931586119226E-057
   82.144230769230774       7.61671930322536679E-058
   82.642307692307696       3.29492681891493176E-058
   83.140384615384619       1.42535681174538876E-058
   83.638461538461542       6.16597014879386592E-059
   84.136538461538464       2.66734529645678723E-059
   84.634615384615387       1.15387047923380994E-059
   85.132692307692309       4.99154378181134883E-060
   85.630769230769232       2.15929861922491243E-060
   86.128846153846155       9.34093885738621132E-061
   86.626923076923077       4.04080926837008803E-061
   87.125000000000000       1.74801910093163340E-061
   87.623076923076923       7.56177927312649409E-062
   88.121153846153845       3.27116023760897256E-062
   88.619230769230768       1.41507559446254047E-062
   89.117307692307691       6.12149449305845792E-063
   89.615384615384613       2.64810551289152340E-063
   90.113461538461536       1.14554751545694318E-063
   90.611538461538458       4.95553936118153400E-064
   91.109615384615381       2.14372341861558492E-064
   91.607692307692304       9.27356188817595900E-065
   92.105769230769226       4.01166257489353380E-065
   92.603846153846149       1.73541049370910885E-065
   93.101923076923072       7.50723553003612114E-066
   93.599999999999994       3.24756508663152129E-066
   94.098076923076931       1.40486853645542310E-066
   94.596153846153854       6.07733964392855892E-067
   95.094230769230776       2.62900450748600120E-067
   95.592307692307699       1.13728458591032826E-067
   96.090384615384622       4.91979464343354304E-068
   96.588461538461544       2.12826056322421954E-068
   97.086538461538467       9.20667091465086307E-069
   97.584615384615390       3.98272611894223760E-069
   98.082692307692312       1.72289283341960546E-069
   98.580769230769235       7.45308521550308507E-070
   99.078846153846158       3.22414012944135327E-070
   99.576923076923080       1.39473510280701034E-070
   100.07500000000000       6.03350328739942677E-071
   100.57307692307693       2.61004127922180806E-071
   101.07115384615385       1.12908125756206730E-071
   101.56923076923077       4.88430775530888311E-072
   102.06730769230769       2.11290924269541071E-072
   102.56538461538462       9.14026243128360495E-073
   103.06346153846154       3.95399838405543533E-073
   103.56153846153846       1.71046546405532827E-073
   104.05961538461538       7.39932549169446371E-074
   104.55769230769231       3.20088413841651896E-074
   105.05576923076923       1.38467476245867675E-074
   105.55384615384615       5.98998312615743414E-075
   106.05192307692307       2.59121483430095821E-075
   106.55000000000000       1.12093710050375646E-075
   107.04807692307692       4.84907683706102168E-076
   107.54615384615384       2.09766865251891280E-076
   108.04423076923077       9.07433295783252437E-077
   108.54230769230769       3.92547786471072021E-077
   109.04038461538461       1.69812773434031893E-077
   109.53846153846155       7.34595354124683952E-078
   110.03653846153847       3.17779589478996215E-078
   110.53461538461539       1.37468698818225757E-078
   111.03269230769232       5.94677687945714555E-079
   111.53076923076924       2.57252418608799635E-079
   112.02884615384616       1.11285168791450766E-079
   112.52692307692308       4.81410004204699282E-080
   113.02500000000001       2.08253799326867027E-080
   113.52307692307693       9.00887902254278827E-081
   114.02115384615385       3.89716302783370138E-081
   114.51923076923077       1.68587890890249019E-081
   115.01730769230770       7.29296451451545231E-082
   115.51538461538462       3.15486944368437736E-082
   116.01346153846154       1.36476028799892112E-082
   116.51153846153846       5.90362872837750425E-083
   117.00961538461539       2.55338222537849779E-083
   117.50769230769231       1.10346966905791313E-083
   118.00576923076923       4.74805435999981903E-084
   118.50384615384615       1.99511285623057946E-084
   119.00192307692308       7.27017863283864591E-085
   119.50000000000000        0.0000000000000000     
