  -10.000000000000000        0.0000000000000000     
  -9.5019230769230774      -2.02778720642941834E-004
  -9.0038461538461547      -6.79551118794360226E-005
  -8.5057692307692303       2.61064651623519120E-004
  -8.0076923076923077       3.80880428250915740E-004
  -7.5096153846153850       1.04226129026815939E-004
  -7.0115384615384615      -4.54927905309286673E-004
  -6.5134615384615380      -9.16943764830407265E-004
  -6.0153846153846153      -9.98756360522174563E-004
  -5.5173076923076927      -7.14965455741952555E-004
  -5.0192307692307692      -8.37385720101023467E-005
  -4.5211538461538456       9.86564470134265389E-004
  -4.0230769230769230       2.56447251046909401E-003
  -3.5250000000000004       4.53266630815682414E-003
  -3.0269230769230768       6.54831490351552928E-003
  -2.5288461538461533       8.13681926993402999E-003
  -2.0307692307692307       8.84881467273490423E-003
  -1.5326923076923080       8.40380935461872841E-003
  -1.0346153846153854       6.77460090841693237E-003
 -0.53653846153846096       4.20093815719881688E-003
 -3.84615384615383249E-002  1.14315756249632871E-003
  0.45961538461538431      -1.80458681674673985E-003
  0.95769230769230873      -4.02120003843144027E-003
   1.4557692307692314      -4.96704703590010541E-003
   1.9538461538461540      -4.27585827446287474E-003
   2.4519230769230766      -1.81124426088408652E-003
   2.9499999999999993       2.33038926633406373E-003
   3.4480769230769237       7.88105316984547520E-003
   3.9461538461538463       1.45170875787932301E-002
   4.4442307692307690       2.19883108155832924E-002
   4.9423076923076934       3.01881191276156952E-002
   5.4403846153846160       3.90939198697871568E-002
   5.9384615384615387       4.85796037284307522E-002
   6.4365384615384613       5.82443668739410642E-002
   6.9346153846153840       6.74972132911913492E-002
   7.4326923076923066       7.59250880504477033E-002
   7.9307692307692292       8.33700485147243486E-002
   8.4288461538461554       8.96075832492793656E-002
   8.9269230769230781       9.43702080045570602E-002
   9.4250000000000007       9.73524302343253684E-002
   9.9230769230769234       9.83927751049068350E-002
   10.421153846153846       9.76817388613018256E-002
   10.919230769230769       9.53873401563391232E-002
   11.417307692307691       9.14746068704995474E-002
   11.915384615384617       8.58399964952535482E-002
   12.413461538461540       7.85289834772331108E-002
   12.911538461538463       6.98459803488355180E-002
   13.409615384615385       6.03179910916110049E-002
   13.907692307692308       5.05706747469667345E-002
   14.405769230769231       4.11934193689561801E-002
   14.903846153846153       3.26435610407168966E-002
   15.401923076923076       2.52053237598270224E-002
   15.899999999999999       1.89951257553514011E-002
   16.398076923076925       1.39950959773677015E-002
   16.896153846153847       1.00970287627417388E-002
   17.394230769230770       7.14418877654013525E-003
   17.892307692307693       4.96435547430197112E-003
   18.390384615384615       3.39220904092586055E-003
   18.888461538461538       2.28203828555842946E-003
   19.386538461538461       1.51303563756076962E-003
   19.884615384615387       9.89656998067789005E-004
   20.382692307692309       6.39167596216648048E-004
   20.880769230769232       4.07934043706966419E-004
   21.378846153846155       2.57471901437137014E-004
   21.876923076923077       1.60814802015649214E-004
   22.375000000000000       9.94592160005947003E-005
   22.873076923076923       6.09439975818601383E-005
   23.371153846153845       3.70175469317590730E-005
   23.869230769230768       2.22987698224174101E-005
   24.367307692307691       1.33272404462933517E-005
   24.865384615384613       7.90606600591032052E-006
   25.363461538461536       4.65696621893961757E-006
   25.861538461538458       2.72469439381533340E-006
   26.359615384615388       1.58395683709146179E-006
   26.857692307692311       9.15184527330391160E-007
   27.355769230769234       5.25694934283373121E-007
   27.853846153846156       3.00282895226725897E-007
   28.351923076923079       1.70609629769380773E-007
   28.850000000000001       9.64384707110921173E-008
   29.348076923076924       5.42453350721814656E-008
   29.846153846153847       3.03686559762641334E-008
   30.344230769230769       1.69246774672790436E-008
   30.842307692307692       9.39123337727238166E-009
   31.340384615384615       5.18923792971156403E-009
   31.838461538461537       2.85581767549584623E-009
   32.336538461538460       1.56554932383337200E-009
   32.834615384615383       8.55012288655300551E-010
   33.332692307692305       4.65268848270046495E-010
   33.830769230769235       2.52298861737987154E-010
   34.328846153846158       1.36350639992337213E-010
   34.826923076923080       7.34476515162688659E-011
   35.325000000000003       3.94387670324126658E-011
   35.823076923076925       2.11123704475902697E-011
   36.321153846153848       1.12683511116726946E-011
   36.819230769230771       5.99698439042721353E-012
   37.317307692307693       3.18267472065372297E-012
   37.815384615384616       1.68451256148533971E-012
   38.313461538461539       8.89228059468741847E-013
   38.811538461538461       4.68211069321067635E-013
   39.309615384615384       2.45918429726219644E-013
   39.807692307692307       1.28852031232653958E-013
   40.305769230769229       6.73551621342625513E-014
   40.803846153846152       3.51283179179671473E-014
   41.301923076923075       1.82800325794996280E-014
   41.799999999999997       9.49193891214394287E-015
   42.298076923076927       4.91830506121134813E-015
   42.796153846153850       2.54320746615893156E-015
   43.294230769230772       1.31243029547148900E-015
   43.792307692307695       6.75958918534530572E-016
   44.290384615384617       3.47483836914035083E-016
   44.788461538461540       1.78294949305727689E-016
   45.286538461538463       9.13172321847685230E-017
   45.784615384615385       4.66868040197560367E-017
   46.282692307692308       2.38276400976175773E-017
   46.780769230769231       1.21403313828777683E-017
   47.278846153846153       6.17531638319580036E-018
   47.776923076923076       3.13605023470792619E-018
   48.274999999999999       1.59007405760591038E-018
   48.773076923076921       8.04965248062906276E-019
   49.271153846153844       4.06889745959882312E-019
   49.769230769230774       2.05366742334101575E-019
   50.267307692307696       1.03502467445549597E-019
   50.765384615384619       5.20896625085207215E-020
   51.263461538461542       2.61785296383071382E-020
   51.761538461538464       1.31384471755105100E-020
   52.259615384615387       6.58506016337829670E-021
   52.757692307692309       3.29612629922580449E-021
   53.255769230769232       1.64773532245222942E-021
   53.753846153846155       8.22661843661084858E-022
   54.251923076923077       4.10219230964998438E-022
   54.750000000000000       2.04306221115633099E-022
   55.248076923076923       1.01631406833339464E-022
   55.746153846153845       5.04968895675025021E-023
   56.244230769230768       2.50611480432034548E-023
   56.742307692307691       1.24235575348126003E-023
   57.240384615384613       6.15188844312347664E-024
   57.738461538461536       3.04296480163591785E-024
   58.236538461538458       1.50355636138822314E-024
   58.734615384615381       7.42138361693451998E-025
   59.232692307692304       3.65931921817704888E-025
   59.730769230769226       1.80249309754141734E-025
   60.228846153846149       8.86976824340538942E-026
   60.726923076923072       4.36037195522043477E-026
   61.224999999999994       2.14148222202680336E-026
   61.723076923076917       1.05073201481012097E-026
   62.221153846153854       5.15065810967813586E-027
   62.719230769230776       2.52251228292735658E-027
   63.217307692307699       1.23426962827538065E-027
   63.715384615384622       6.03391519594542587E-028
   64.213461538461544       2.94718118868205130E-028
   64.711538461538467       1.43826484818543544E-028
   65.209615384615390       7.01295527411206304E-029
   65.707692307692312       3.41663893091746516E-029
   66.205769230769235       1.66317680903133266E-029
   66.703846153846158       8.08955166166375911E-030
   67.201923076923080       3.93153760273035017E-030
   67.700000000000003       1.90922667836650988E-030
   68.198076923076925       9.26434346958950990E-031
   68.696153846153848       4.49199013859287795E-031
   69.194230769230771       2.17637998162454853E-031
   69.692307692307693       1.05367606696099020E-031
   70.190384615384616       5.09753894136712095E-032
   70.688461538461539       2.46433366695790954E-032
   71.186538461538461       1.19049717910120809E-032
   71.684615384615384       5.74713527073925964E-033
   72.182692307692307       2.77250826866748520E-033
   72.680769230769229       1.33658556885889067E-033
   73.178846153846152       6.43912995752497273E-034
   73.676923076923075       3.10004538229405927E-034
   74.174999999999997       1.49149981428336162E-034
   74.673076923076920       7.17127569145305883E-035
   75.171153846153842       3.44581051746148078E-035
   75.669230769230765       1.65467133743082496E-035
   76.167307692307688       7.94074081732204697E-036
   76.665384615384610       3.80840125112565109E-036
   77.163461538461533       1.82540898986212644E-036
   77.661538461538470       8.74413427598846647E-037
   78.159615384615392       4.18616046851728645E-037
   78.657692307692315       2.00290595367924031E-037
   79.155769230769238       9.57754105134726664E-038
   79.653846153846160       4.57719435565976003E-038
   80.151923076923083       2.18624878449242152E-038
   80.650000000000006       1.04365672396624298E-038
   81.148076923076928       4.97939469906298625E-039
   81.646153846153851       2.37442837505595248E-039
   82.144230769230774       1.13163936490185044E-039
   82.642307692307696       5.39046495743397495E-040
   83.140384615384619       2.56635257907763725E-040
   83.638461538461542       1.22118366683183099E-040
   84.136538461538464       5.80794949861219212E-041
   84.634615384615387       2.76086020452158443E-041
   85.132692307692309       1.31174150195026011E-041
   85.630769230769232       6.22926534327413684E-042
   86.128846153846155       2.95673606486132490E-042
   86.626923076923077       1.40274209242768862E-042
   87.125000000000000       6.65173572537730452E-043
   87.623076923076923       3.15272676515220861E-043
   88.121153846153845       1.49359941769045425E-043
   88.619230769230768       7.07262476729823179E-044
   89.117307692307691       3.34755689713959633E-044
   89.615384615384613       1.58371976155842856E-044
   90.113461538461536       7.48917257406518227E-045
   90.611538461538458       3.53994532331528930E-045
   91.109615384615381       1.67250925235096890E-045
   91.607692307692304       7.89863007442481810E-046
   92.105769230769226       3.72862124308842184E-046
   92.603846153846149       1.75938125629739967E-046
   93.101923076923072       8.29829297477609049E-047
   93.599999999999994       3.91233975410261816E-047
   94.098076923076931       1.84376349472520071E-047
   94.596153846153854       8.68553424304820927E-048
   95.094230769230776       4.08989664715407864E-048
   95.592307692307699       1.92510476804473092E-048
   96.090384615384622       9.05783460102021085E-049
   96.588461538461544       4.26014220302774302E-049
   97.086538461538467       2.00288118397968562E-049
   97.584615384615390       9.41281057292961792E-050
   98.082692307692312       4.42199379273222886E-050
   98.580769230769235       2.07660180327975645E-050
   99.078846153846158       9.74823971305906765E-051
   99.576923076923080       4.57444711795652315E-051
   100.07500000000000       2.14581363278130743E-051
   100.57307692307693       1.00620827129682752E-051
   101.07115384615385       4.71658596501920945E-052
   101.56923076923077       2.21010591266554192E-052
   102.06730769230769       1.03525021679447227E-052
   102.56538461538462       4.84759038213670755E-053
   103.06346153846154       2.26911366165262651E-053
   103.56153846153846       1.06178778600657664E-053
   104.05961538461538       4.96674322559979121E-054
   104.55769230769231       2.32252046026307838E-054
   105.05576923076923       1.08568184902147261E-054
   105.55384615384615       5.07343505462878191E-055
   106.05192307692307       2.37006046782685123E-055
   106.55000000000000       1.10681698619478801E-055
   107.04807692307692       5.16716738661054700E-056
   107.54615384615384       2.41151968333591756E-056
   108.04423076923077       1.12510195850139561E-056
   108.54230769230769       5.24755435356501796E-057
   109.04038461538461       2.44673647328703809E-057
   109.53846153846155       1.14046984246023126E-057
   110.03653846153847       5.31432282663180144E-058
   110.53461538461539       2.47560140117356214E-058
   111.03269230769232       1.15287784732847240E-058
   111.53076923076924       5.36731109772013162E-059
   112.02884615384616       2.49805640292669039E-059
   112.52692307692308       1.16230683609798033E-059
   113.02500000000001       5.40646621590870325E-060
   113.52307692307693       2.51409333835293047E-060
   114.02115384615385       1.16876052686815734E-060
   114.51923076923077       5.43183904263773585E-061
   115.01730769230770       2.52374968711885495E-061
   115.51538461538462       1.17225945007799511E-061
   116.01346153846154       5.44347009424582009E-062
   116.51153846153846       2.52687006088579126E-062
   117.00961538461539       1.17232972762281773E-062
   117.50769230769231       5.43036638551539224E-063
   118.00576923076923       2.49931008664726106E-063
   118.50384615384615       1.11663001404587351E-063
   119.00192307692308       4.26161896643489112E-064
   119.50000000000000        0.0000000000000000     
