  -10.000000000000000        0.0000000000000000     
  -9.5019230769230774       7.80712730125343514E-005
  -9.0038461538461547       3.84191506069706196E-005
  -8.5057692307692303      -4.97593785935060147E-005
  -8.0076923076923077      -7.63204865050406544E-005
  -7.5096153846153850       9.76142394369109966E-007
  -7.0115384615384615       9.44906112674520995E-005
  -6.5134615384615380       5.70283134685988939E-005
  -6.0153846153846153      -7.31901860468726461E-005
  -5.5173076923076927      -9.67558937512822022E-005
  -5.0192307692307692       1.48483525460729156E-005
  -4.5211538461538456       7.99946679020025375E-005
  -4.0230769230769230       5.05190078483242061E-005
  -3.5250000000000004      -5.43392161110281573E-006
  -3.0269230769230768      -6.92147462179838535E-005
  -2.5288461538461533      -7.11431166553076126E-005
  -2.0307692307692307       1.14896954505518535E-005
  -1.5326923076923080       7.75312620620384382E-005
  -1.0346153846153854       7.07582195577847567E-005
 -0.53653846153846096       4.46315858102500811E-006
 -3.84615384615383249E-002 -8.12142364518641635E-005
  0.45961538461538431      -9.23092609641423990E-005
  0.95769230769230873      -3.97045401965115711E-006
   1.4557692307692314       7.14982893525525237E-005
   1.9538461538461540       7.73139785985750008E-005
   2.4519230769230766       5.11311869119489740E-005
   2.9499999999999993      -1.86120447546918389E-005
   3.4480769230769237      -1.09945864452766970E-004
   3.9461538461538463      -1.17333890279552956E-004
   4.4442307692307690      -1.57608787119518597E-005
   4.9423076923076934       1.29545865760156742E-004
   5.4403846153846160       1.85000232411783338E-004
   5.9384615384615387       4.33994185759853374E-005
   6.4365384615384613      -1.46884605410595203E-004
   6.9346153846153840      -1.82570849004218581E-004
   7.4326923076923066      -5.58404955717213487E-005
   7.9307692307692292       8.83032056615345670E-005
   8.4288461538461554       1.12929613259056847E-004
   8.9269230769230781       6.08291179052429520E-005
   9.4250000000000007       2.91951937806623513E-005
   9.9230769230769234       1.69856712738704476E-005
   10.421153846153846      -3.36399656633526336E-005
   10.919230769230769      -1.44492397385399731E-004
   11.417307692307691      -1.83939623984565449E-004
   11.915384615384617      -4.65775825798188435E-005
   12.413461538461540       1.72530309707258106E-004
   12.911538461538463       3.11984954367102287E-004
   13.409615384615385       2.08415150230958061E-004
   13.907692307692308      -1.00028993950319672E-004
   14.405769230769231      -3.29017846682691593E-004
   14.903846153846153      -3.04761250213843858E-004
   15.401923076923076      -9.32009372966434457E-005
   15.899999999999999       1.65450140855435859E-004
   16.398076923076925       3.10437483492625272E-004
   16.896153846153847       2.32877707685373884E-004
   17.394230769230770       2.61800407061090531E-005
   17.892307692307693      -1.11904261211541998E-004
   18.390384615384615      -1.34766399202761753E-004
   18.888461538461538      -1.37665482576953310E-004
   19.386538461538461      -1.48713541428358497E-004
   19.884615384615387      -1.02607847092809880E-004
   20.382692307692309       1.54140135669249935E-005
   20.880769230769232       1.42132478946876463E-004
   21.378846153846155       2.31276342168489627E-004
   21.876923076923077       2.65854024257950405E-004
   22.375000000000000       1.95415406288660537E-004
   22.873076923076923      -2.63274002523495275E-005
   23.371153846153845      -3.20575585394345980E-004
   23.869230769230768      -4.86533514201734616E-004
   24.367307692307691      -3.80245066130746904E-004
   24.865384615384613      -6.12448606935832296E-005
   25.363461538461536       2.69361673798354322E-004
   25.861538461538458       4.50969153205701989E-004
   26.359615384615388       4.53966528707880031E-004
   26.857692307692311       3.20511048998142994E-004
   27.355769230769234       8.49263922987453614E-005
   27.853846153846156      -2.15473728074610274E-004
   28.351923076923079      -4.86109781057403518E-004
   28.850000000000001      -5.90864955082708531E-004
   29.348076923076924      -4.51315625878807966E-004
   29.846153846153847      -1.23917137157062698E-004
   30.344230769230769       2.34789634495854408E-004
   30.842307692307692       4.81585325501284324E-004
   31.340384615384615       5.65802644527315757E-004
   31.838461538461537       5.11054847633591290E-004
   32.336538461538460       3.46119627194224166E-004
   32.834615384615383       7.60747902755622520E-005
   33.332692307692305      -2.76264429969084611E-004
   33.830769230769235      -6.17754812822708427E-004
   34.328846153846158      -7.98749516269905155E-004
   34.826923076923080      -7.02523223819595706E-004
   35.325000000000003      -3.38353121561938634E-004
   35.823076923076925       1.45852682315188154E-004
   36.321153846153848       5.48718711899845077E-004
   36.819230769230771       7.34023483242370696E-004
   37.317307692307693       6.94265268607982002E-004
   37.815384615384616       5.20103317913866948E-004
   38.313461538461539       3.12256750897375217E-004
   38.811538461538461       1.10819682796640934E-004
   39.309615384615384      -1.07564242444048712E-004
   39.807692307692307      -3.74196668069660932E-004
   40.305769230769229      -6.68307418307201306E-004
   40.803846153846152      -9.03328958530598978E-004
   41.301923076923075      -9.68995503577396527E-004
   41.799999999999997      -7.95740394652351131E-004
   42.298076923076927      -3.95251643272952755E-004
   42.796153846153850       1.46341713019369594E-004
   43.294230769230772       7.10170044109496639E-004
   43.792307692307695       1.18763334682896226E-003
   44.290384615384617       1.49816684851438136E-003
   44.788461538461540       1.58106557788821383E-003
   45.286538461538463       1.38337316696731023E-003
   45.784615384615385       8.68098829367673261E-004
   46.282692307692308       4.81229922993915791E-005
   46.780769230769231      -9.74085243553525948E-004
   47.278846153846153      -1.99352000512318132E-003
   47.776923076923076      -2.73938364069897192E-003
   48.274999999999999      -2.95763081611357271E-003
   48.773076923076921      -2.50760599966689483E-003
   49.271153846153844      -1.42890979833851131E-003
   49.769230769230774       5.46346221609571043E-005
   50.267307692307696       1.59915054591280707E-003
   50.765384615384619       2.84786768175044475E-003
   51.263461538461542       3.53835146473256397E-003
   51.761538461538464       3.56938197628846278E-003
   52.259615384615387       3.00699737566602473E-003
   52.757692307692309       2.03579023050342103E-003
   53.255769230769232       8.82173914133984856E-004
   53.753846153846155      -2.57187225545303546E-004
   54.251923076923077      -1.25692007468159849E-003
   54.750000000000000      -2.06668570365592646E-003
   55.248076923076923      -2.68628565276732463E-003
   55.746153846153845      -3.13078058227532355E-003
   56.244230769230768      -3.40364463335580307E-003
   56.742307692307691      -3.48758047847879012E-003
   57.240384615384613      -3.35184437738304288E-003
   57.738461538461536      -2.96724568292967795E-003
   58.236538461538458      -2.31843400742399357E-003
   58.734615384615381      -1.40730490748268216E-003
   59.232692307692304      -2.48279661752826269E-004
   59.730769230769226       1.13810347638920988E-003
   60.228846153846149       2.72530955725905702E-003
   60.726923076923072       4.46990567849321185E-003
   61.224999999999994       6.29125109089714862E-003
   61.723076923076917       8.04978050420842792E-003
   62.221153846153854       9.53530528448979370E-003
   62.719230769230776       1.04755203995527697E-002
   63.217307692307699       1.05692476736565615E-002
   63.715384615384622       9.54084523551146022E-003
   64.213461538461544       7.20454510378156898E-003
   64.711538461538467       3.52292339504996742E-003
   65.209615384615390      -1.35618972256006283E-003
   65.707692307692312      -7.09532331968563360E-003
   66.205769230769235      -1.31986025922363678E-002
   66.703846153846158      -1.90730840476379324E-002
   67.201923076923080      -2.41077164771119519E-002
   67.700000000000003      -2.77539618850590648E-002
   68.198076923076925      -2.95927292112474899E-002
   68.696153846153848      -2.93764781936157598E-002
   69.194230769230771      -2.70417147009064246E-002
   69.692307692307693      -2.26937971901309474E-002
   70.190384615384616      -1.65713260641369535E-002
   70.688461538461539      -9.00028364069411536E-003
   71.186538461538461      -3.48201888445117194E-004
   71.684615384615384       9.01362280554189078E-003
   72.182692307692307       1.87355276718660022E-002
   72.680769230769229       2.85021054844071947E-002
   73.178846153846152       3.80348566289491694E-002
   73.676923076923075       4.70894490966206128E-002
   74.174999999999997       5.54523142464941193E-002
   74.673076923076920       6.29400799434887553E-002
   75.171153846153842       6.94032959340337013E-002
   75.669230769230765       7.47337184717811742E-002
   76.167307692307688       7.88727086318697646E-002
   76.665384615384610       8.18174735030134243E-002
   77.163461538461533       8.36220790711778017E-002
   77.661538461538470       8.43912565070719378E-002
   78.159615384615392       8.42666758873276828E-002
   78.657692307692315       8.34071399379380934E-002
   79.155769230769238       8.19656326618568160E-002
   79.653846153846160       8.00670235278825582E-002
   80.151923076923083       7.77903160819152090E-002
   80.650000000000006       7.51586535305625719E-002
   81.148076923076928       7.21390179705437284E-002
   81.646153846153851       6.86519515344059389E-002
   82.144230769230774       6.45899933108804586E-002
   82.642307692307696       5.98421501155487062E-002
   83.140384615384619       5.43208161248473903E-002
   83.638461538461542       4.79872405436579524E-002
   84.136538461538464       4.08719213832165820E-002
   84.634615384615387       3.30870896474367224E-002
   85.132692307692309       2.48295854486365805E-002
   85.630769230769232       1.63737239919955688E-002
   86.128846153846155       8.05501161551795165E-003
   86.626923076923077       2.46634131737472409E-004
   87.125000000000000      -6.66861687705640974E-003
   87.623076923076923      -1.23279504029532548E-002
   88.121153846153845      -1.64167050270433469E-002
   88.619230769230768      -1.86923474976226252E-002
   89.117307692307691      -1.90023005505437631E-002
   89.615384615384613      -1.72943272068744325E-002
   90.113461538461536      -1.36190161687441309E-002
   90.611538461538458      -8.12468494176983580E-003
   91.109615384615381      -1.04566830199357211E-003
   91.607692307692304       7.31456079440982385E-003
   92.105769230769226       1.66037066699706443E-002
   92.603846153846149       2.64425821397776678E-002
   93.101923076923072       3.64469192895695918E-002
   93.599999999999994       4.62475469315404425E-002
   94.098076923076931       5.55077412882386267E-002
   94.596153846153854       6.39369274395735210E-002
   95.094230769230776       7.13002901097862379E-002
   95.592307692307699       7.74242086498992677E-002
   96.090384615384622       8.21977365567631707E-002
   96.588461538461544       8.55705840802087475E-002
   97.086538461538467       8.75482260905839083E-002
   97.584615384615390       8.81848470466560924E-002
   98.082692307692312       8.75748574731794599E-002
   98.580769230769235       8.58436829516578681E-002
   99.078846153846158       8.31384507219992269E-002
   99.576923076923080       7.96190947135962945E-002
   100.07500000000000       7.54502805829094653E-002
   100.57307692307693       7.07944298436240516E-002
   101.07115384615385       6.58060058516298646E-002
   101.56923076923077       6.06271211195751197E-002
   102.06730769230769       5.53844395379096827E-002
   102.56538461538462       5.01872806495185231E-002
   103.06346153846154       4.51267863417229159E-002
   103.56153846153846       4.02759819025129209E-002
   104.05961538461538       3.56905510503239889E-002
   104.55769230769231       3.14101454142423769E-002
   105.05576923076923       2.74600599129990533E-002
   105.55384615384615       2.38531235140504172E-002
   106.05192307692307       2.05916771719754157E-002
   106.55000000000000       1.76695349703365825E-002
   107.04807692307692       1.50738487106675239E-002
   107.54615384615384       1.27868189737472722E-002
   108.04423076923077       1.07872160435049536E-002
   108.54230769230769       9.05169145666266835E-003
   109.04038461538461       7.55587508033670613E-003
   109.53846153846155       6.27526354583832907E-003
   110.03653846153847       5.18591379056191314E-003
   110.53461538461539       4.26496071679101276E-003
   111.03269230769232       3.49098097137579347E-003
   111.53076923076924       2.84422601276186149E-003
   112.02884615384616       2.30674738147397312E-003
   112.52692307692308       1.86243581343132811E-003
   113.02500000000001       1.49699387115075728E-003
   113.52307692307693       1.19785939964887228E-003
   114.02115384615385       9.54094568678008495E-004
   114.51923076923077       7.56252713682559782E-004
   115.01730769230770       5.96232758532927042E-004
   115.51538461538462       4.67128775634341345E-004
   116.01346153846154       3.63080260796415442E-004
   116.51153846153846       2.79126991527438534E-004
   117.00961538461539       2.11070898222487759E-004
   117.50769230769231       1.55346194036539874E-004
   118.00576923076923       1.08898058258706033E-004
   118.50384615384615       6.90694224156518133E-005
   119.00192307692308       3.34948397242490874E-005
   119.50000000000000        0.0000000000000000     
