  -10.000000000000000        0.0000000000000000     
  -9.5019230769230774       8.32676854999065547E-005
  -9.0038461538461547       5.20876910595673631E-005
  -8.5057692307692303      -5.93440863187487386E-005
  -8.0076923076923077      -7.55082293124256115E-005
  -7.5096153846153850       5.48937647061628751E-006
  -7.0115384615384615       7.10132416460922887E-005
  -6.5134615384615380       4.91557911192124571E-005
  -6.0153846153846153      -3.70415990224194427E-005
  -5.5173076923076927      -7.34470181492747568E-005
  -5.0192307692307692      -8.66774822416381665E-006
  -4.5211538461538456       4.98948856485829614E-005
  -4.0230769230769230       2.58601542366541896E-005
  -3.5250000000000004       1.60138212885066214E-005
  -3.0269230769230768       6.10997797213070574E-006
  -2.5288461538461533      -7.15171294353872535E-005
  -2.0307692307692307      -7.21658969284885504E-005
  -1.5326923076923080       5.96653484850827559E-005
  -1.0346153846153854       1.16938277049099480E-004
 -0.53653846153846096       1.44595553235340495E-005
 -3.84615384615383249E-002 -8.25558196273043390E-005
  0.45961538461538431      -7.25834014100284054E-005
  0.95769230769230873      -1.80408224047473334E-005
   1.4557692307692314       3.92117370083606664E-005
   1.9538461538461540       8.53548121436146709E-005
   2.4519230769230766       5.46635512873893027E-005
   2.9499999999999993      -3.58240622701206000E-005
   3.4480769230769237      -7.85366174954417234E-005
   3.9461538461538463      -7.22904589574692251E-005
   4.4442307692307690      -3.25646127785660436E-005
   4.9423076923076934       7.53260957368875645E-005
   5.4403846153846160       1.48977975689588104E-004
   5.9384615384615387       7.72634797520092191E-005
   6.4365384615384613      -9.10752125027371862E-005
   6.9346153846153840      -1.95963077081500641E-004
   7.4326923076923066      -9.96325109726689865E-005
   7.9307692307692292       9.21150008253266588E-005
   8.4288461538461554       1.77943803291191391E-004
   8.9269230769230781       9.18254114087935843E-005
   9.4250000000000007      -4.06543688856075670E-005
   9.9230769230769234      -8.83944904871690766E-005
   10.421153846153846      -6.26215321206606405E-005
   10.919230769230769      -3.88321000875217905E-005
   11.417307692307691      -5.50868613015637220E-005
   11.915384615384617      -9.10960624530215242E-006
   12.413461538461540       1.10463995249735153E-004
   12.911538461538463       1.87998518446449791E-004
   13.409615384615385       1.34060579873523304E-004
   13.907692307692308      -8.14618029881100712E-005
   14.405769230769231      -2.95402072044554352E-004
   14.903846153846153      -2.66624041560053061E-004
   15.401923076923076      -1.38501836059396540E-005
   15.899999999999999       2.39527889814195754E-004
   16.398076923076925       3.29268161402016175E-004
   16.896153846153847       2.00374801775855387E-004
   17.394230769230770      -7.76068073757666137E-005
   17.892307692307693      -2.88454986321044912E-004
   18.390384615384615      -2.63908082678027383E-004
   18.888461538461538      -8.19310817334687602E-005
   19.386538461538461       6.71583722682349521E-005
   19.884615384615387       1.24600605410132175E-004
   20.382692307692309       1.46872335202630802E-004
   20.880769230769232       1.47242919058359294E-004
   21.378846153846155       9.14076541756972692E-005
   21.876923076923077      -6.57725535492470687E-006
   22.375000000000000      -9.63646841788093111E-005
   22.873076923076923      -1.67566202173612637E-004
   23.371153846153845      -2.25139457851863831E-004
   23.869230769230768      -2.11602470062696013E-004
   24.367307692307691      -4.86661604566425454E-005
   24.865384615384613       2.24824125822483740E-004
   25.363461538461536       4.26361178449233898E-004
   25.861538461538458       3.88765160705043791E-004
   26.359615384615388       1.24589690318529752E-004
   26.857692307692311      -1.93699799709716854E-004
   27.355769230769234      -3.95959901558928676E-004
   27.853846153846156      -4.26613272778758677E-004
   28.351923076923079      -3.16259186926182211E-004
   28.850000000000001      -1.04133757799087953E-004
   29.348076923076924       1.71989423920754101E-004
   29.846153846153847       4.30432612617820745E-004
   30.344230769230769       5.45201501943660396E-004
   30.842307692307692       4.28640983289582287E-004
   31.340384615384615       1.17248175542412501E-004
   31.838461538461537      -2.38389682306805765E-004
   32.336538461538460      -4.78241386108285336E-004
   32.834615384615383      -5.32835040696001965E-004
   33.332692307692305      -4.32423582254114528E-004
   33.830769230769235      -2.39221580426063460E-004
   34.328846153846158       1.07518198847011796E-005
   34.826923076923080       2.96893818792883543E-004
   35.325000000000003       5.61905125006530214E-004
   35.823076923076925       6.95143732423478267E-004
   36.321153846153848       5.90630778794040082E-004
   36.819230769230771       2.37612575843283540E-004
   37.317307692307693      -2.39770307216481031E-004
   37.815384615384616      -6.38791401996405338E-004
   38.313461538461539      -7.94726260729917630E-004
   38.811538461538461      -6.72136055017977740E-004
   39.309615384615384      -3.67305332476552157E-004
   39.807692307692307      -2.90808228684809680E-005
   40.305769230769229       2.35989118316801621E-004
   40.803846153846152       4.06189579341816216E-004
   41.301923076923075       5.15821189569715035E-004
   41.799999999999997       5.91993166579736952E-004
   42.298076923076927       6.13762064939886811E-004
   42.796153846153850       5.24388386648204428E-004
   43.294230769230772       2.81986489589609543E-004
   43.792307692307695      -9.43808655068281818E-005
   44.290384615384617      -5.18563746598859113E-004
   44.788461538461540      -8.73794731737610828E-004
   45.286538461538463      -1.06394549013805119E-003
   45.784615384615385      -1.04543963835611060E-003
   46.282692307692308      -8.24856727517249248E-004
   46.780769230769231      -4.34554558392876453E-004
   47.278846153846153       8.70798013603702034E-005
   47.776923076923076       6.92263954899148505E-004
   48.274999999999999       1.30164921748706416E-003
   48.773076923076921       1.78729255331908110E-003
   49.271153846153844       1.98642489352932614E-003
   49.769230769230774       1.75357672509884269E-003
   50.267307692307696       1.03230965654522761E-003
   50.765384615384619      -8.98011253082232463E-005
   51.263461538461542      -1.37670282133375670E-003
   51.761538461538464      -2.50156198303797201E-003
   52.259615384615387      -3.14842931530678405E-003
   52.757692307692309      -3.11791693731203363E-003
   53.255769230769232      -2.39418068812263709E-003
   53.753846153846155      -1.14745955229433785E-003
   54.251923076923077       3.25952392785840541E-004
   54.750000000000000       1.69954298084467334E-003
   55.248076923076923       2.71015393126939133E-003
   55.746153846153845       3.21689753907924460E-003
   56.244230769230768       3.21109359983282397E-003
   56.742307692307691       2.78389880076877197E-003
   57.240384615384613       2.07291683522522162E-003
   57.738461538461536       1.21227865526306387E-003
   58.236538461538458       3.03246356144746144E-004
   58.734615384615381      -5.90421328770091491E-004
   59.232692307692304      -1.42966957894048556E-003
   59.730769230769226      -2.18273723634263526E-003
   60.228846153846149      -2.81419512723822714E-003
   60.726923076923072      -3.28480080859342360E-003
   61.224999999999994      -3.55911015383447629E-003
   61.723076923076917      -3.61346008854539430E-003
   62.221153846153854      -3.43749015035567547E-003
   62.719230769230776      -3.02699157276775351E-003
   63.217307692307699      -2.37185267432123625E-003
   63.715384615384622      -1.44704251778721843E-003
   64.213461538461544      -2.14786888900895612E-004
   64.711538461538467       1.35792308861515192E-003
   65.209615384615390       3.26896693146725391E-003
   65.707692307692312       5.44684321594486771E-003
   66.205769230769235       7.72517921741250682E-003
   66.703846153846158       9.83793264705559375E-003
   67.201923076923080       1.14421550855594335E-002
   67.700000000000003       1.21673877684816949E-002
   68.198076923076925       1.16827420891883801E-002
   68.696153846153848       9.76701049573141904E-003
   69.194230769230771       6.36547456911322213E-003
   69.692307692307693       1.61983924502380732E-003
   70.190384615384616      -4.13599411740262542E-003
   70.688461538461539      -1.04136662406484858E-002
   71.186538461538461      -1.66335593367218683E-002
   71.684615384615384      -2.22003984461727581E-002
   72.182692307692307      -2.65766250133478953E-002
   72.680769230769229      -2.93408201760419103E-002
   73.178846153846152      -3.02229865064835776E-002
   73.676923076923075      -2.91142429520768777E-002
   74.174999999999997      -2.60539236705771005E-002
   74.673076923076920      -2.12009639710733742E-002
   75.171153846153842      -1.47981341034355389E-002
   75.669230769230765      -7.13711864865698015E-003
   76.167307692307688       1.46983756182595716E-003
   76.665384615384610       1.07091263354501393E-002
   77.163461538461533       2.02762817484070691E-002
   77.661538461538470       2.98804897053620323E-002
   78.159615384615392       3.92467763892943716E-002
   78.657692307692315       4.81192411165177886E-002
   79.155769230769238       5.62673926082199460E-002
   79.653846153846160       6.34958455521435761E-002
   80.151923076923083       6.96558939505778629E-002
   80.650000000000006       7.46562698354808485E-002
   81.148076923076928       7.84700039524721810E-002
   81.646153846153851       8.11347830175013635E-002
   82.144230769230774       8.27453869735033098E-002
   82.642307692307696       8.34383786017354329E-002
   83.140384615384619       8.33708309250894702E-002
   83.638461538461542       8.26961624218409547E-002
   84.136538461538464       8.15408484474353934E-002
   84.634615384615387       7.99857692632888057E-002
   85.132692307692309       7.80552673670417002E-002
   85.630769230769232       7.57157722662345212E-002
   86.128846153846155       7.28843464595547025E-002
   86.626923076923077       6.94459812639700580E-002
   87.125000000000000       6.52771754221374567E-002
   87.623076923076923       6.02724536609468217E-002
   88.121153846153845       5.43701325162092505E-002
   88.619230769230768       4.75738309623626593E-002
   89.117307692307691       3.99668848850947139E-002
   89.615384615384613       3.17178262517668064E-002
   90.113461538461536       2.30762643499699965E-002
   90.611538461538458       1.43596860901916753E-002
   91.109615384615381       5.93272279061290032E-003
   91.607692307692304      -1.81880241160056137E-003
   92.105769230769226      -8.51629576766669248E-003
   92.603846153846149      -1.38164419279803042E-002
   93.101923076923072      -1.74362680928861272E-002
   93.599999999999994      -1.91730942213396809E-002
   94.098076923076931      -1.89178950889749668E-002
   94.596153846153854      -1.66613342410067457E-002
   95.094230769230776      -1.24924560193173419E-002
   95.592307692307699      -6.59066624911697034E-003
   96.090384615384622       7.87858773665661705E-004
   96.588461538461544       9.32785267579470077E-003
   97.086538461538467       1.86750791015909343E-002
   97.584615384615390       2.84572395634861176E-002
   98.082692307692312       3.83041550645750670E-002
   98.580769230769235       4.78659514394659813E-002
   99.078846153846158       5.68282898321972874E-002
   99.576923076923080       6.49240247805429049E-002
   100.07500000000000       7.19410091408491242E-002
   100.57307692307693       7.77260702735147746E-002
   101.07115384615385       8.21854360857326993E-002
   101.56923076923077       8.52820813647168913E-002
   102.06730769230769       8.70305904955232801E-002
   102.56538461538462       8.74901946049977397E-002
   103.06346153846154       8.67566466355911420E-002
   103.56153846153846       8.49535571856588484E-002
   104.05961538461538       8.22237390802790236E-002
   104.55769230769231       7.87210117013157767E-002
   105.05576923076923       7.46028084085393201E-002
   105.55384615384615       7.00238216430769111E-002
   106.05192307692307       6.51308182238223843E-002
   106.55000000000000       6.00586674583591940E-002
   107.04807692307692       5.49275504154839445E-002
   107.54615384615384       4.98412615844031626E-002
   108.04423076923077       4.48864741527809571E-002
   108.54230769230769       4.01328160587030303E-002
   109.04038461538461       3.56335937816233406E-002
   109.53846153846155       3.14270020361949176E-002
   110.03653846153847       2.75376674481397944E-002
   110.53461538461539       2.39783903105045687E-002
   111.03269230769232       2.07519682590003376E-002
   111.53076923076924       1.78530071224456376E-002
   112.02884615384616       1.52696456485930838E-002
   112.52692307692308       1.29851410332230757E-002
   113.02500000000001       1.09792803338452701E-002
   113.52307692307693       9.22959841486662574E-003
   114.02115384615385       7.71239582329889383E-003
   114.51923076923077       6.40355993566611888E-003
   115.01730769230770       5.27920001884847698E-003
   115.51538461538462       4.31611179506522988E-003
   116.01346153846154       3.49209004563020078E-003
   116.51153846153846       2.78610910941614427E-003
   117.00961538461539       2.17839120903159716E-003
   117.50769230769231       1.65038172749713591E-003
   118.00576923076923       1.18464918217472807E-003
   118.50384615384615       7.64725979342433491E-004
   119.00192307692308       3.74904314759858925E-004
   119.50000000000000        0.0000000000000000     
