  -10.000000000000000        0.0000000000000000     
  -9.5019230769230774       3.11067542832030731E-005
  -9.0038461538461547       2.44544584305380307E-005
  -8.5057692307692303      -1.62235390953020806E-005
  -8.0076923076923077      -3.16208538243354582E-005
  -7.5096153846153850      -3.42853733815481475E-006
  -7.0115384615384615       1.10523004005326912E-005
  -6.5134615384615380       1.62811599323217692E-005
  -6.0153846153846153       2.52461187291498317E-005
  -5.5173076923076927      -6.47319636456098829E-006
  -5.0192307692307692      -5.44540888328203830E-005
  -4.5211538461538456      -2.40381079136977964E-005
  -4.0230769230769230       4.73524862876421832E-005
  -3.5250000000000004       5.36011208157142010E-005
  -3.0269230769230768       7.80253618858081031E-006
  -2.5288461538461533      -5.67197928804991412E-005
  -2.0307692307692307      -7.40696276432170744E-005
  -1.5326923076923080       1.51946877586903753E-005
  -1.0346153846153854       9.30351559254949747E-005
 -0.53653846153846096       4.86810840024674341E-005
 -3.84615384615383249E-002 -3.62182298516521950E-005
  0.45961538461538431      -7.46802560065965064E-005
  0.95769230769230873      -5.54484712245632643E-005
   1.4557692307692314       2.55767314689177649E-005
   1.9538461538461540       9.20021852697674818E-005
   2.4519230769230766       5.37881183154365300E-005
   2.9499999999999993      -2.68295702201457156E-005
   3.4480769230769237      -6.73046392980447371E-005
   3.9461538461538463      -6.53724262993618966E-005
   4.4442307692307690      -1.45815210107085700E-005
   4.9423076923076934       5.05125632471242140E-005
   5.4403846153846160       9.01984069060255902E-005
   5.9384615384615387       8.03728290663268438E-005
   6.4365384615384613      -3.12971689240237308E-005
   6.9346153846153840      -1.52572556619799205E-004
   7.4326923076923066      -1.30925247181393623E-004
   7.9307692307692292       3.74137604367759424E-005
   8.4288461538461554       1.84434330840875505E-004
   8.9269230769230781       1.43575271217934565E-004
   9.4250000000000007      -3.49537767391606773E-005
   9.9230769230769234      -1.51934418631625295E-004
   10.421153846153846      -1.15679919501348992E-004
   10.919230769230769      -1.90755146964473711E-007
   11.417307692307691       6.27559884121302916E-005
   11.915384615384617       4.29457857912590840E-005
   12.413461538461540       4.83318985160627497E-005
   12.911538461538463       7.16121537436016355E-005
   13.409615384615385       4.64920250135752105E-005
   13.907692307692308      -4.65861071426181597E-005
   14.405769230769231      -1.80031301146153680E-004
   14.903846153846153      -1.98735011093615244E-004
   15.401923076923076      -2.80665136076838203E-006
   15.899999999999999       2.34735580755298799E-004
   16.398076923076925       2.87501918955138016E-004
   16.896153846153847       1.27991748591865703E-004
   17.394230769230770      -1.30713358010026349E-004
   17.892307692307693      -3.21401690475639360E-004
   18.390384615384615      -2.79947191418898048E-004
   18.888461538461538      -1.69935069568243979E-005
   19.386538461538461       2.34435338912186063E-004
   19.884615384615387       2.73576185734377135E-004
   20.382692307692309       1.40258049015132432E-004
   20.880769230769232      -8.85672934249889581E-006
   21.378846153846155      -1.04546081057436166E-004
   21.876923076923077      -1.56902041280933854E-004
   22.375000000000000      -1.55717825195175361E-004
   22.873076923076923      -8.78070338694159335E-005
   23.371153846153845       4.25589673211737313E-006
   23.869230769230768       6.85801069766726619E-005
   24.367307692307691       1.17059214167709153E-004
   24.865384615384613       1.79939683786292263E-004
   25.363461538461536       2.08707650091917018E-004
   25.861538461538458       1.04976300828285547E-004
   26.359615384615388      -1.34323097211511892E-004
   26.857692307692311      -3.56939147154500735E-004
   27.355769230769234      -3.83442103384763647E-004
   27.853846153846156      -1.80743419900890751E-004
   28.351923076923079       1.15437913664682485E-004
   28.850000000000001       3.34557762369879007E-004
   29.348076923076924       3.96974759955978651E-004
   29.846153846153847       3.16467595466282149E-004
   30.344230769230769       1.31633407047651558E-004
   30.842307692307692      -1.20500171268800684E-004
   31.340384615384615      -3.70183316264556918E-004
   31.838461538461537      -5.02037353364054588E-004
   32.336538461538460      -4.19580188536569404E-004
   32.834615384615383      -1.34942291162444344E-004
   33.332692307692305       2.16192331714149184E-004
   33.830769230769235       4.62630266979981045E-004
   34.328846153846158       5.10938144217098827E-004
   34.826923076923080       3.84360325538637645E-004
   35.325000000000003       1.67762092939646712E-004
   35.823076923076925      -7.06754103993473422E-005
   36.321153846153848      -3.02036824856292691E-004
   36.819230769230771      -4.96929389502996166E-004
   37.317307692307693      -5.87033469430255886E-004
   37.815384615384616      -4.87846770843646893E-004
   38.313461538461539      -1.73775773886583758E-004
   38.811538461538461       2.64484802919614528E-004
   39.309615384615384       6.43470583193180316E-004
   39.807692307692307       7.86837908068511636E-004
   40.305769230769229       6.31144036674450735E-004
   40.803846153846152       2.60255727194152098E-004
   41.301923076923075      -1.53445203288833513E-004
   41.799999999999997      -4.53857157806143046E-004
   42.298076923076927      -5.77084211930357872E-004
   42.796153846153850      -5.53980792548175666E-004
   43.294230769230772      -4.53311615306623440E-004
   43.792307692307695      -3.18979960294537733E-004
   44.290384615384617      -1.48907925011776990E-004
   44.788461538461540       7.67924700101460707E-005
   45.286538461538463       3.50007890800720024E-004
   45.784615384615385       6.12473176342106271E-004
   46.282692307692308       7.75731708805415393E-004
   46.780769230769231       7.67679693077934515E-004
   47.278846153846153       5.71550771658071955E-004
   47.776923076923076       2.31665227299381830E-004
   48.274999999999999      -1.73589469819309305E-004
   48.773076923076921      -5.68273909170353151E-004
   49.271153846153844      -8.98384339983229621E-004
   49.769230769230774      -1.12460624300402988E-003
   50.267307692307696      -1.20160831988367928E-003
   50.765384615384619      -1.06900251585128800E-003
   51.263461538461542      -6.71315415144272385E-004
   51.761538461538464      -2.36591411745083746E-006
   52.259615384615387       8.51669213685453223E-004
   52.757692307692309       1.70213446365332591E-003
   53.255769230769232       2.29838833351474767E-003
   53.753846153846155       2.41023401632027220E-003
   54.251923076923077       1.91965519119113165E-003
   54.750000000000000       8.80945140541941531E-004
   55.248076923076923      -4.79739815087166892E-004
   55.746153846153845      -1.82834809561911878E-003
   56.244230769230768      -2.82620909816591907E-003
   56.742307692307691      -3.23283947731046973E-003
   57.240384615384613      -2.97082980517264462E-003
   57.738461538461536      -2.13308191415590310E-003
   58.236538461538458      -9.36598249804538891E-004
   58.734615384615381       3.53684851790205153E-004
   59.232692307692304       1.50029241152123405E-003
   59.730769230769226       2.34309033736343876E-003
   60.228846153846149       2.81344661298397721E-003
   60.726923076923072       2.91804664495092783E-003
   61.224999999999994       2.70770497242559102E-003
   61.723076923076917       2.24785993203619611E-003
   62.221153846153854       1.60143152661811495E-003
   62.719230769230776       8.25606591557418606E-004
   63.217307692307699      -2.33061392736306702E-005
   63.715384615384622      -8.85406260196464350E-004
   64.213461538461544      -1.69901552805797268E-003
   64.711538461538467      -2.40912990720088156E-003
   65.209615384615390      -2.97763820350953595E-003
   65.707692307692312      -3.38829756198175342E-003
   66.205769230769235      -3.64143076110490021E-003
   66.703846153846158      -3.73837677924063368E-003
   67.201923076923080      -3.66143840990086188E-003
   67.700000000000003      -3.35872514359408488E-003
   68.198076923076925      -2.74309720354077961E-003
   68.696153846153848      -1.71020733422375809E-003
   69.194230769230771      -1.73866490551042446E-004
   69.692307692307693       1.88991228886779307E-003
   70.190384615384616       4.40330278316739161E-003
   70.688461538461539       7.16500738685728073E-003
   71.186538461538461       9.85617334081665374E-003
   71.684615384615384       1.20764649797889881E-002
   72.182692307692307       1.34048230912625493E-002
   72.680769230769229       1.34727478036263098E-002
   73.178846153846152       1.20344640883491040E-002
   73.676923076923075       9.01890805857269613E-003
   74.174999999999997       4.55276324487519524E-003
   74.673076923076920      -1.04954748508468212E-003
   75.171153846153842      -7.32579410762706530E-003
   75.669230769230765      -1.37267368530252509E-002
   76.167307692307688      -1.96853696161960225E-002
   76.665384615384610      -2.46819186830894780E-002
   77.163461538461533      -2.82944100682193458E-002
   77.661538461538470      -3.02289486966919908E-002
   78.159615384615392      -3.03287491519941867E-002
   78.657692307692315      -2.85652091960621538E-002
   79.155769230769238      -2.50170520762683993E-002
   79.653846153846160      -1.98444119425478585E-002
   80.151923076923083      -1.32638423450900794E-002
   80.650000000000006      -5.52813135198658955E-003
   81.148076923076928       3.08774987137445944E-003
   81.646153846153851       1.22955251845209418E-002
   82.144230769230774       2.17997535071389192E-002
   82.642307692307696       3.13040768516108514E-002
   83.140384615384619       4.05198235341230339E-002
   83.638461538461542       4.91779071002046431E-002
   84.136538461538464       5.70433884384704964E-002
   84.634615384615387       6.39306851132984827E-002
   85.132692307692309       6.97165791793471212E-002
   85.630769230769232       7.43480863588109470E-002
   86.128846153846155       7.78429070766165770E-002
   86.626923076923077       8.02814139147375455E-002
   87.125000000000000       8.17906550377806574E-002
   87.623076923076923       8.25223401201997664E-002
   88.121153846153845       8.26279242285084675E-002
   88.619230769230768       8.22345021994609071E-002
   89.117307692307691       8.14251769829196503E-002
   89.615384615384613       8.02269014118567048E-002
   90.113461538461536       7.86076525058658215E-002
   90.611538461538458       7.64833911367817226E-002
   91.109615384615381       7.37338261537317241E-002
   91.607692307692304       7.02247643351433803E-002
   92.105769230769226       6.58339593340593471E-002
   92.603846153846149       6.04769756494174179E-002
   93.101923076923072       5.41296796402861435E-002
   93.599999999999994       4.68445072904077331E-002
   94.098076923076931       3.87585294197911809E-002
   94.596153846153854       3.00923966053627152E-002
   95.094230769230776       2.11403455995590323E-002
   95.592307692307699       1.22524462524189436E-002
   96.090384615384622       3.81105207022349769E-003
   96.588461538461544      -3.79608224046098369E-003
   97.086538461538467      -1.02033640066210088E-002
   97.584615384615390      -1.50930636351902046E-002
   98.082692307692312      -1.82169717889925399E-002
   98.580769230769235      -1.94123756989094086E-002
   99.078846153846158      -1.86113662003847616E-002
   99.576923076923080      -1.58431600265853158E-002
   100.07500000000000      -1.12297486612179809E-002
   100.57307692307693      -4.97571046850111588E-003
   101.07115384615385       2.64658950090433144E-003
   101.56923076923077       1.13149545550971474E-002
   102.06730769230769       2.06769292856496256E-002
   102.56538461538462       3.03695117896815789E-002
   103.06346153846154       4.00376967446210152E-002
   103.56153846153846       4.93507906753410733E-002
   104.05961538461538       5.80157363523664676E-002
   104.55769230769231       6.57869926766147251E-002
   105.05576923076923       7.24728121442369533E-002
   105.55384615384615       7.79380187267309649E-002
   106.05192307692307       8.21036003395003572E-002
   106.55000000000000       8.49435844288515818E-002
   107.04807692307692       8.64797611283946582E-002
   107.54615384615384       8.67748594664083106E-002
   108.04423076923077       8.59247754552920490E-002
   108.54230769230769       8.40504060627217248E-002
   109.04038461538461       8.12895705697276039E-002
   109.53846153846155       7.77894111233295993E-002
   110.03653846153847       7.36995669636327233E-002
   110.53461538461539       6.91663199701398890E-002
   111.03269230769232       6.43278191899443463E-002
   111.53076923076924       5.93104133861001720E-002
   112.02884615384616       5.42260561066985336E-002
   112.52692307692308       4.91706984810350717E-002
   113.02500000000001       4.42235507639654815E-002
   113.52307692307693       3.94470734600809655E-002
   114.02115384615385       3.48875508870144443E-002
   114.51923076923077       3.05761021238769998E-002
   115.01730769230770       2.65299941420959265E-002
   115.51538461538462       2.27541372925916460E-002
   116.01346153846154       1.92426621791471492E-002
   116.51153846153846       1.59804975168682598E-002
   117.00961538461539       1.29448894130919749E-002
   117.50769230769231       1.01068225006321986E-002
   118.00576923076923       7.43232169133009081E-003
   118.50384615384615       4.88362945946523887E-003
   119.00192307692308       2.42026718303905508E-003
   119.50000000000000        0.0000000000000000     
