  -10.000000000000000        0.0000000000000000     
  -9.5019230769230774      -3.67472138462936451E-005
  -9.0038461538461547      -3.20562656229527385E-006
  -8.5057692307692303       3.76243069109146488E-005
  -8.0076923076923077       8.48129674187844383E-006
  -7.5096153846153850      -3.69658748234176553E-005
  -7.0115384615384615      -2.17245249837112517E-005
  -6.5134615384615380       4.11829831879430199E-005
  -6.0153846153846153       3.31750870088505571E-005
  -5.5173076923076927      -4.22692275489682185E-005
  -5.0192307692307692      -3.91709217822185270E-005
  -4.5211538461538456       3.32418473325609299E-005
  -4.0230769230769230       3.84077598108650635E-005
  -3.5250000000000004      -1.42526603088178827E-005
  -3.0269230769230768      -2.45165400148988327E-005
  -2.5288461538461533      -1.71787298493771394E-005
  -2.0307692307692307       3.88309292450308367E-006
  -1.5326923076923080       4.79357233660241585E-005
  -1.0346153846153854       1.65149908126810716E-005
 -0.53653846153846096      -5.84838317401150705E-005
 -3.84615384615383249E-002 -3.20957243145512659E-005
  0.45961538461538431       4.03131578089463153E-005
  0.95769230769230873       3.36452509420129720E-005
   1.4557692307692314       7.32855675723533473E-008
   1.9538461538461540      -1.36653389453891731E-005
   2.4519230769230766      -4.13914616913345950E-005
   2.9499999999999993      -2.13205733664982068E-005
   3.4480769230769237       5.24304276594059193E-005
   3.9461538461538463       5.27688280647890134E-005
   4.4442307692307690      -1.60054315667807658E-005
   4.9423076923076934      -6.20885676524964930E-005
   5.4403846153846160      -4.09133065945763459E-005
   5.9384615384615387       3.20858730830952705E-005
   6.4365384615384613       6.87632388515121691E-005
   6.9346153846153840       3.23435415366945275E-005
   7.4326923076923066      -4.66544809559452404E-005
   7.9307692307692292      -7.69654537575014004E-005
   8.4288461538461554      -1.49963477790975228E-005
   8.9269230769230781       6.19730919108988927E-005
   9.4250000000000007       6.08707030302381967E-005
   9.9230769230769234      -1.40149227052411028E-006
   10.421153846153846      -4.39427570786183773E-005
   10.919230769230769      -3.75225406736435832E-005
   11.417307692307691      -1.47006769408932381E-005
   11.915384615384617      -1.38387559312141146E-006
   12.413461538461540       4.27231237629238501E-005
   12.911538461538463       6.93998495981559919E-005
   13.409615384615385       2.41019578097399057E-005
   13.907692307692308      -7.01090947131742363E-005
   14.405769230769231      -1.27360951751512806E-004
   14.903846153846153      -3.31950859134966909E-005
   15.401923076923076       1.29241909713281855E-004
   15.899999999999999       1.48218089002834382E-004
   16.398076923076925       9.31503365159777228E-006
   16.896153846153847      -1.34348464804778415E-004
   17.394230769230770      -1.51694896050002685E-004
   17.892307692307693      -1.33431193893712165E-005
   18.390384615384615       1.41033060121059162E-004
   18.888461538461538       1.28981136284392372E-004
   19.386538461538461      -1.10232085482384312E-005
   19.884615384615387      -8.87447525500759555E-005
   20.382692307692309      -5.60202000605197683E-005
   20.880769230769232      -1.10842706858742017E-005
   21.378846153846155       1.21903835555923741E-006
   21.876923076923077       9.20910118903061222E-006
   22.375000000000000       2.38407472914975378E-005
   22.873076923076923       4.31244507195354001E-005
   23.371153846153845       6.18410263618122215E-005
   23.869230769230768       3.25588532095764585E-005
   24.367307692307691      -7.74211563251315263E-005
   24.865384615384613      -1.74195451118458597E-004
   25.363461538461536      -1.09586123319035353E-004
   25.861538461538458       1.01345588433611515E-004
   26.359615384615388       2.49780047213677369E-004
   26.857692307692311       1.72625864927461611E-004
   27.355769230769234      -5.80958962611529187E-005
   27.853846153846156      -2.32312729635764901E-004
   28.351923076923079      -2.22796849434716453E-004
   28.850000000000001      -6.32805445076644387E-005
   29.348076923076924       1.29770389106011273E-004
   29.846153846153847       2.41245579906511712E-004
   30.344230769230769       1.97573181462195327E-004
   30.842307692307692       1.14688350791711973E-005
   31.340384615384615      -1.92481498111805779E-004
   31.838461538461537      -2.54145723755352200E-004
   32.336538461538460      -1.24454775592352493E-004
   32.834615384615383       7.82342047098401539E-005
   33.332692307692305       1.84763638640068867E-004
   33.830769230769235       1.40358106368615346E-004
   34.328846153846158       3.33589030108890405E-005
   34.826923076923080      -2.88639354032770167E-005
   35.325000000000003      -3.53130611944513402E-005
   35.823076923076925      -4.84642144878974160E-005
   36.321153846153848      -9.54223182044031842E-005
   36.819230769230771      -1.21438131008099848E-004
   37.317307692307693      -5.99436851867101366E-005
   37.815384615384616       7.48934324505588046E-005
   38.313461538461539       1.87317481455561341E-004
   38.811538461538461       1.89663394681673265E-004
   39.309615384615384       8.04525556232067675E-005
   39.807692307692307      -6.59166304475298175E-005
   40.305769230769229      -1.70620221196421114E-004
   40.803846153846152      -2.00421961791989229E-004
   41.301923076923075      -1.58595342960692867E-004
   41.799999999999997      -5.46600233178781139E-005
   42.298076923076927       9.55406415298722312E-005
   42.796153846153850       2.42885272918791275E-004
   43.294230769230772       3.02462503308027232E-004
   43.792307692307695       2.05746066625012234E-004
   44.290384615384617      -2.93283518621551226E-005
   44.788461538461540      -2.82395977442810131E-004
   45.286538461538463      -4.00253106592653911E-004
   45.784615384615385      -3.04314589244806242E-004
   46.282692307692308      -4.87603433828534701E-005
   46.780769230769231       2.18485629159204776E-004
   47.278846153846153       3.58504515705332870E-004
   47.776923076923076       3.25304163500004552E-004
   48.274999999999999       1.72014841987630588E-004
   48.773076923076921      -1.00422927144649000E-005
   49.271153846153844      -1.57694646247772362E-004
   49.769230769230774      -2.54373002931730283E-004
   50.267307692307696      -3.00098462045415273E-004
   50.765384615384619      -2.77423774194767380E-004
   51.263461538461542      -1.55719157276294653E-004
   51.761538461538464       6.66583372645369746E-005
   52.259615384615387       3.24498797996794074E-004
   52.757692307692309       4.96671447246325873E-004
   53.255769230769232       4.71183137469210350E-004
   53.753846153846155       2.22650586580297699E-004
   54.251923076923077      -1.55103804391682138E-004
   54.750000000000000      -4.89845470606851377E-004
   55.248076923076923      -6.22732799831742369E-004
   55.746153846153845      -4.93854414694745725E-004
   56.244230769230768      -1.69614167750533468E-004
   56.742307692307691       2.00396050747060265E-004
   57.240384615384613       4.65208253742118349E-004
   57.738461538461536       5.41994841028648161E-004
   58.236538461538458       4.37574192478984284E-004
   58.734615384615381       2.21086645301618920E-004
   59.232692307692304      -2.41073108457853010E-005
   59.730769230769226      -2.36063944209885415E-004
   60.228846153846149      -3.81626143063732879E-004
   60.726923076923072      -4.43652273581475454E-004
   61.224999999999994      -4.08763022851216988E-004
   61.723076923076917      -2.70368997141479193E-004
   62.221153846153854      -4.45891899861086216E-005
   62.719230769230776       2.17244999701972797E-004
   63.217307692307699       4.35766075403556529E-004
   63.715384615384622       5.33007096677632968E-004
   64.213461538461544       4.69617450807089548E-004
   64.711538461538467       2.67385319054954632E-004
   65.209615384615390       1.61979906025642452E-006
   65.707692307692312      -2.34327692116735934E-004
   66.205769230769235      -3.73077333651871410E-004
   66.703846153846158      -4.00952219202995212E-004
   67.201923076923080      -3.54165892711114376E-004
   67.700000000000003      -2.86981590725435590E-004
   68.198076923076925      -2.32028143440479473E-004
   68.696153846153848      -1.77628038127129696E-004
   69.194230769230771      -7.69665974074278971E-005
   69.692307692307693       1.14968152387240455E-004
   70.190384615384616       3.97740087988575895E-004
   70.688461538461539       7.01694871354079704E-004
   71.186538461538461       9.01506496667161226E-004
   71.684615384615384       8.65408385111495664E-004
   72.182692307692307       5.19346206901121410E-004
   72.680769230769229      -1.04125533259540309E-004
   73.178846153846152      -8.57325861418051184E-004
   73.676923076923075      -1.51730059891807645E-003
   74.174999999999997      -1.86089481422257444E-003
   74.673076923076920      -1.74638092257380323E-003
   75.171153846153842      -1.16979642095360950E-003
   75.669230769230765      -2.74218781342810448E-004
   76.167307692307688       6.91297854273732379E-004
   76.665384615384610       1.44751396032232176E-003
   77.163461538461533       1.76817996569424520E-003
   77.661538461538470       1.54261905627797432E-003
   78.159615384615392       7.99334478101178399E-004
   78.657692307692315      -3.12697427767686742E-004
   79.155769230769238      -1.57415980758361706E-003
   79.653846153846160      -2.75772408739433398E-003
   80.151923076923083      -3.68294579705760131E-003
   80.650000000000006      -4.25034838549539270E-003
   81.148076923076928      -4.45064449487201155E-003
   81.646153846153851      -4.35340404823466361E-003
   82.144230769230774      -4.08403678531602237E-003
   82.642307692307696      -3.79799749190352833E-003
   83.140384615384619      -3.65792283740574596E-003
   83.638461538461542      -3.81531297063772857E-003
   84.136538461538464      -4.39557273187563251E-003
   84.634615384615387      -5.48482297270873505E-003
   85.132692307692309      -7.11855996801767209E-003
   85.630769230769232      -9.27459170357773470E-003
   86.128846153846155      -1.18740443288883231E-002
   86.626923076923077      -1.47934905574035828E-002
   87.125000000000000      -1.78883516264918309E-002
   87.623076923076923      -2.10236936517586744E-002
   88.121153846153845      -2.41050312154038777E-002
   88.619230769230768      -2.71003395935120392E-002
   89.117307692307691      -3.00460004205714074E-002
   89.615384615384613      -3.30336148006694780E-002
   90.113461538461536      -3.61802486405963381E-002
   90.611538461538458      -3.95898966185297407E-002
   91.109615384615381      -4.33170114204872794E-002
   91.607692307692304      -4.73427728023088149E-002
   92.105769230769226      -5.15713322109102520E-002
   92.603846153846149      -5.58475651535476209E-002
   93.101923076923072      -5.99915981518022862E-002
   93.599999999999994      -6.38404097965579037E-002
   94.098076923076931      -6.72845845314254537E-002
   94.596153846153854      -7.02894442970802003E-002
   95.094230769230776      -7.28939421738205029E-002
   95.592307692307699      -7.51866866986729415E-002
   96.090384615384622      -7.72646285342822314E-002
   96.588461538461544      -7.91846512236629718E-002
   97.086538461538467      -8.09203866758053947E-002
   97.584615384615390      -8.23355809464606653E-002
   98.082692307692312      -8.31816239376092226E-002
   98.580769230769235      -8.31214356701195228E-002
   99.078846153846158      -8.17761276730430142E-002
   99.576923076923080      -7.87860728475510141E-002
   100.07500000000000      -7.38752266087637222E-002
   100.57307692307693      -6.69072089123468050E-002
   101.07115384615385      -5.79236477458939941E-002
   101.56923076923077      -4.71589659221398200E-002
   102.06730769230769      -3.50302318947258579E-002
   102.56538461538462      -2.21049069994131014E-002
   103.06346153846154      -9.05249589928063328E-003
   103.56153846153846       3.41223479390790219E-003
   104.05961538461538       1.45867510159621867E-002
   104.55769230769231       2.38325263183368739E-002
   105.05576923076923       3.06167857542877508E-002
   105.55384615384615       3.45422661914894652E-002
   106.05192307692307       3.53650995300276300E-002
   106.55000000000000       3.30023139719883354E-002
   107.04807692307692       2.75310232855228848E-002
   107.54615384615384       1.91812138265385970E-002
   108.04423076923077       8.32339144427696534E-003
   108.54230769230769      -4.54845339329455495E-003
   109.04038461538461      -1.88387410257906673E-002
   109.53846153846155      -3.38774714251699124E-002
   110.03653846153847      -4.89528088734619352E-002
   110.53461538461539      -6.33484956667053623E-002
   111.03269230769232      -7.63844902133601761E-002
   111.53076923076924      -8.74581661397692278E-002
   112.02884615384616      -9.60825741743519812E-002
   112.52692307692308      -0.10191788133463475     
   113.02500000000001      -0.10479229936454187     
   113.52307692307693      -0.10470962209278091     
   114.02115384615385      -0.10184182184343415     
   114.51923076923077      -9.65068266795789387E-002
   115.01730769230770      -8.91333720220024439E-002
   115.51538461538462      -8.02164334976103732E-002
   116.01346153846154      -7.02679684308835234E-002
   116.51153846153846      -5.97683458463426562E-002
   117.00961538461539      -4.91238358694890617E-002
   117.50769230769231      -3.86348570400097888E-002
   118.00576923076923      -2.84784296553551725E-002
   118.50384615384615      -1.87066122953680330E-002
   119.00192307692308      -9.26081356168325862E-003
   119.50000000000000        0.0000000000000000     
