  -10.000000000000000        0.0000000000000000     
  -9.5019230769230774      -4.20056027215087583E-005
  -9.0038461538461547      -9.72861012012171079E-006
  -8.5057692307692303       4.34180726451340184E-005
  -8.0076923076923077       1.23452236016091128E-005
  -7.5096153846153850      -3.48988866907384216E-005
  -7.0115384615384615      -1.72368972809100805E-005
  -6.5134615384615380       2.07395228175572582E-005
  -6.0153846153846153       2.49867373631406194E-005
  -5.5173076923076927      -8.01993438180744026E-006
  -5.0192307692307692      -2.57658902963036135E-005
  -4.5211538461538456      -5.98725095289076039E-006
  -4.0230769230769230       1.76510943347045420E-005
  -3.5250000000000004       1.81377217465069364E-005
  -3.0269230769230768       1.96183852016003880E-006
  -2.5288461538461533      -2.56137152815490450E-005
  -2.0307692307692307      -3.20299329020493607E-005
  -1.5326923076923080       3.06007783125948596E-005
  -1.0346153846153854       5.58194483270276718E-005
 -0.53653846153846096      -2.62290323028977452E-005
 -3.84615384615383249E-002 -5.81784173032462638E-005
  0.45961538461538431       5.79941721081156288E-006
  0.95769230769230873       3.77846145252366559E-005
   1.4557692307692314       2.16270504809936035E-005
   1.9538461538461540      -4.39162906307193310E-006
   2.4519230769230766      -3.23706137838205660E-005
   2.9499999999999993      -2.93761201052094977E-005
   3.4480769230769237       9.72898141056160196E-006
   3.9461538461538463       5.11029489872995971E-005
   4.4442307692307690       3.20103734799180467E-005
   4.9423076923076934      -4.26201911899451913E-005
   5.4403846153846160      -5.92192321965864110E-005
   5.9384615384615387      -5.10039300062034356E-006
   6.4365384615384613       5.28091090400490665E-005
   6.9346153846153840       5.71940577341863908E-005
   7.4326923076923066      -7.00793627718816715E-006
   7.9307692307692292      -6.81258325198903764E-005
   8.4288461538461554      -5.45808542378143174E-005
   8.9269230769230781       2.81973600028193993E-005
   9.4250000000000007       7.84668691036193575E-005
   9.9230769230769234       3.23329260101424347E-005
   10.421153846153846      -4.10005806590111558E-005
   10.919230769230769      -5.93229081111541578E-005
   11.417307692307691      -1.45604898240660729E-005
   11.915384615384617       2.02731243864097353E-005
   12.413461538461540       2.47099696676651834E-005
   12.911538461538463       3.85236519066153702E-005
   13.409615384615385       2.50044022784099375E-005
   13.907692307692308      -2.43804570831386593E-005
   14.405769230769231      -7.90289253007109873E-005
   14.903846153846153      -7.21526169138377596E-005
   15.401923076923076       4.84227999606591346E-005
   15.899999999999999       1.45592980724835785E-004
   16.398076923076925       7.09882109769934086E-005
   16.896153846153847      -8.63715124293530770E-005
   17.394230769230770      -1.56467056922354205E-004
   17.892307692307693      -7.48468658837112162E-005
   18.390384615384615       9.43460367154327987E-005
   18.888461538461538       1.73993743297491292E-004
   19.386538461538461       5.85871858915281227E-005
   19.884615384615387      -1.07338697792173430E-004
   20.382692307692309      -1.26818461741900687E-004
   20.880769230769232      -2.52012365030164555E-005
   21.378846153846155       4.99343382121700621E-005
   21.876923076923077       5.48317356257446695E-005
   22.375000000000000       3.25747477238311990E-005
   22.873076923076923       8.10362295986005837E-006
   23.371153846153845      -6.15286745549932951E-006
   23.869230769230768      -5.04271015082703428E-006
   24.367307692307691      -2.23384660144651442E-005
   24.865384615384613      -7.30158919970529536E-005
   25.363461538461536      -7.94614760794105576E-005
   25.861538461538458       3.10954645319519126E-005
   26.359615384615388       1.71612682172439898E-004
   26.857692307692311       1.63327945908123696E-004
   27.355769230769234      -2.56980491761479597E-005
   27.853846153846156      -2.14297963587341739E-004
   28.351923076923079      -2.15333462582993997E-004
   28.850000000000001      -3.57780251368977127E-005
   29.348076923076924       1.62070486570941577E-004
   29.846153846153847       2.34013888891507747E-004
   30.344230769230769       1.47538493636918840E-004
   30.842307692307692      -3.72115356231693460E-005
   31.340384615384615      -2.08184995706343261E-004
   31.838461538461537      -2.45224765515795822E-004
   32.336538461538460      -1.02161368705825094E-004
   32.834615384615383       1.25570315124815652E-004
   33.332692307692305       2.56426019410275010E-004
   33.830769230769235       1.86066576379270731E-004
   34.328846153846158      -1.04609063316011370E-005
   34.826923076923080      -1.59019294565415723E-004
   35.325000000000003      -1.60922712367861506E-004
   35.823076923076925      -6.76062247042957820E-005
   36.321153846153848       1.02190459810837256E-005
   36.819230769230771       3.13707161431469060E-005
   37.317307692307693       4.10087641300482559E-005
   37.815384615384616       7.97049331723448791E-005
   38.313461538461539       1.15210843754570786E-004
   38.811538461538461       8.13244878039498444E-005
   39.309615384615384      -3.20844539544702054E-005
   39.807692307692307      -1.51335463097666985E-004
   40.305769230769229      -1.85388503613018700E-004
   40.803846153846152      -1.09304351506106268E-004
   41.301923076923075       2.22515905170890993E-005
   41.799999999999997       1.32459924770025964E-004
   42.298076923076927       1.79654417914612243E-004
   42.796153846153850       1.61648138304385598E-004
   43.294230769230772       8.61238883248891679E-005
   43.792307692307695      -3.96387521483072082E-005
   44.290384615384617      -1.84664688025819876E-004
   44.788461538461540      -2.77100037949900560E-004
   45.286538461538463      -2.37487746193137673E-004
   45.784615384615385      -4.87380530770751988E-005
   46.282692307692308       2.03095680385399665E-004
   46.780769230769231       3.68944486906221190E-004
   47.278846153846153       3.37938967964487294E-004
   47.776923076923076       1.20225386925995077E-004
   48.274999999999999      -1.57369610472306228E-004
   48.773076923076921      -3.39575169960777657E-004
   49.271153846153844      -3.43875157373882911E-004
   49.769230769230774      -1.98933104078719155E-004
   50.267307692307696      -1.95101658943702704E-006
   50.765384615384619       1.57963672644620184E-004
   51.263461538461542       2.45570873840991505E-004
   51.761538461538464       2.68034720328539278E-004
   52.259615384615387       2.34226619379023903E-004
   52.757692307692309       1.33941542357437902E-004
   53.255769230769232      -4.06513388342669331E-005
   53.753846153846155      -2.55119662496621467E-004
   54.251923076923077      -4.20384805353884051E-004
   54.750000000000000      -4.32426850734677118E-004
   55.248076923076923      -2.42864794998647775E-004
   55.746153846153845       9.17004997077452955E-005
   56.244230769230768       4.23574295376562585E-004
   56.742307692307691       5.89355467914833790E-004
   57.240384615384613       5.01145977068717966E-004
   57.738461538461536       1.96122546207752927E-004
   58.236538461538458      -1.85260516931846095E-004
   58.734615384615381      -4.76102956732241665E-004
   59.232692307692304      -5.66423123205400344E-004
   59.730769230769226      -4.46064227833470382E-004
   60.228846153846149      -1.90468802461599346E-004
   60.726923076923072       9.14823113217348466E-005
   61.224999999999994       3.10587855564323787E-004
   61.723076923076917       4.22935729272946165E-004
   62.221153846153854       4.23955775250253861E-004
   62.719230769230776       3.28012721916335227E-004
   63.217307692307699       1.54840274590682821E-004
   63.715384615384622      -6.83281183977688166E-005
   64.213461538461544      -2.97175541156724358E-004
   64.711538461538467      -4.69524842929200208E-004
   65.209615384615390      -5.22986560950614325E-004
   65.707692307692312      -4.25078146747501912E-004
   66.205769230769235      -1.97429001070173569E-004
   66.703846153846158       8.40870406036914667E-005
   67.201923076923080       3.18090600020892711E-004
   67.700000000000003       4.22208188534264352E-004
   68.198076923076925       3.69517191792990865E-004
   68.696153846153848       1.96615343028070630E-004
   69.194230769230771      -2.10889812493368151E-005
   69.692307692307693      -2.12510223891999243E-004
   70.190384615384616      -3.47642778351369038E-004
   70.688461538461539      -4.47116039848553229E-004
   71.186538461538461      -5.59720886470014786E-004
   71.684615384615384      -7.21845914411217357E-004
   72.182692307692307      -9.23629103814623703E-004
   72.680769230769229      -1.10352584798841251E-003
   73.178846153846152      -1.17761717817070860E-003
   73.676923076923075      -1.09063732803749234E-003
   74.174999999999997      -8.62677235025730493E-004
   74.673076923076920      -6.05673029194618660E-004
   75.171153846153842      -4.97155638517541676E-004
   75.669230769230765      -7.18781304967186421E-004
   76.167307692307688      -1.38423664937023408E-003
   76.665384615384610      -2.48722547872977807E-003
   77.163461538461533      -3.89273306370439137E-003
   77.661538461538470      -5.37722178248214739E-003
   78.159615384615392      -6.70369513998925973E-003
   78.657692307692315      -7.70403892787018246E-003
   79.155769230769238      -8.33892711349517972E-003
   79.653846153846160      -8.71498776134415482E-003
   80.151923076923083      -9.05530402216384034E-003
   80.650000000000006      -9.63578179182100931E-003
   81.148076923076928      -1.07102586104032265E-002
   81.646153846153851      -1.24483560147734835E-002
   82.144230769230774      -1.49028002818013157E-002
   82.642307692307696      -1.80111154348578488E-002
   83.140384615384619      -2.16251851106575958E-002
   83.638461538461542      -2.55551480225008204E-002
   84.136538461538464      -2.96130371271280529E-002
   84.634615384615387      -3.36455367869379698E-002
   85.132692307692309      -3.75515517407800370E-002
   85.630769230769232      -4.12859782695227384E-002
   86.128846153846155      -4.48541187629816623E-002
   86.626923076923077      -4.83011680429226917E-002
   87.125000000000000      -5.16991718335976513E-002
   87.623076923076923      -5.51315866272218610E-002
   88.121153846153845      -5.86746084491038891E-002
   88.619230769230768      -6.23754057938956941E-002
   89.117307692307691      -6.62297687247811462E-002
   89.615384615384613      -7.01641382796709401E-002
   90.113461538461536      -7.40280309865870567E-002
   90.611538461538458      -7.76016001789308490E-002
   91.109615384615381      -8.06195436663176002E-002
   91.607692307692304      -8.28078332474995182E-002
   92.105769230769226      -8.39254535724876377E-002
   92.603846153846149      -8.38011031216789742E-002
   93.101923076923072      -8.23555839435587134E-002
   93.599999999999994      -7.96043294480695690E-002
   94.098076923076931      -7.56401218164850370E-002
   94.596153846153854      -7.06018118606792922E-002
   95.094230769230776      -6.46389740425546006E-002
   95.592307692307699      -5.78836112172045961E-002
   96.090384615384622      -5.04378781154284708E-002
   96.588461538461544      -4.23819408796239708E-002
   97.086538461538467      -3.37999515361883940E-002
   97.584615384615390      -2.48164645940280176E-002
   98.082692307692312      -1.56320582132002048E-002
   98.580769230769235      -6.54642253604748210E-003
   99.078846153846158       2.04014753077410866E-003
   99.576923076923080       9.65081538041990573E-003
   100.07500000000000       1.57796091247933805E-002
   100.57307692307693       1.99542905691216313E-002
   101.07115384615385       2.18030136025078175E-002
   101.56923076923077       2.11120165035753038E-002
   102.06730769230769       1.78633488444516486E-002
   102.56538461538462       1.22456765933610899E-002
   103.06346153846154       4.63649821589924571E-003
   103.56153846153846      -4.44059675741961552E-003
   104.05961538461538      -1.43758112573653882E-002
   104.55769230769231      -2.45400450784449414E-002
   105.05576923076923      -3.43485400699565929E-002
   105.55384615384615      -4.33127459078519461E-002
   106.05192307692307      -5.10749535018645631E-002
   106.55000000000000      -5.74238105959703482E-002
   107.04807692307692      -6.22921063272094191E-002
   107.54615384615384      -6.57405807132604020E-002
   108.04423076923077      -6.79326698719667499E-002
   108.54230769230769      -6.91050483975932800E-002
   109.04038461538461      -6.95378562948974488E-002
   109.53846153846155      -6.95270416640270950E-002
   110.03653846153847      -6.93597885049945795E-002
   110.53461538461539      -6.92929237538451731E-002
   111.03269230769232      -6.95337341810669113E-002
   111.53076923076924      -7.02227975439084495E-002
   112.02884615384616      -7.14190870671849581E-002
   112.52692307692308      -7.30884640506703764E-002
   113.02500000000001      -7.50974073813513304E-002
   113.52307692307693      -7.72141580026035612E-002
   114.02115384615385      -7.91192043923214655E-002
   114.51923076923077      -8.04261695037915281E-002
   115.01730769230770      -8.07127963121532510E-002
   115.51538461538462      -7.95601045510394983E-002
   116.01346153846154      -7.65962114975496794E-002
   116.51153846153846      -7.15400880065939770E-002
   117.00961538461539      -6.42399165995237581E-002
   117.50769230769231      -5.47008876665385432E-002
   118.00576923076923      -4.30982379051022824E-002
   118.50384615384615      -2.97729914442854786E-002
   119.00192307692308      -1.52099812703342802E-002
   119.50000000000000        0.0000000000000000     
