  -10.000000000000000        0.0000000000000000     
  -9.5019230769230774      -3.31553495254420877E-005
  -9.0038461538461547       2.07829184379846347E-006
  -8.5057692307692303       2.90973765459166898E-005
  -8.0076923076923077       1.56254834413757372E-006
  -7.5096153846153850      -2.96060387999010709E-005
  -7.0115384615384615      -1.55472476868321061E-006
  -6.5134615384615380       2.68344188818919014E-005
  -6.0153846153846153       5.84304825354946288E-009
  -5.5173076923076927      -1.52138382207335391E-005
  -5.0192307692307692      -6.33101208142191656E-006
  -4.5211538461538456       2.65756137121043044E-006
  -4.0230769230769230       1.72192228882108573E-005
  -3.5250000000000004       8.75490261816415900E-006
  -3.0269230769230768      -2.96087943901617701E-005
  -2.5288461538461533      -1.62771616572499068E-005
  -2.0307692307692307       3.88651204419358451E-005
  -1.5326923076923080       1.46397152589643274E-005
  -1.0346153846153854      -3.16880992091725668E-005
 -0.53653846153846096      -1.12285293626581663E-005
 -3.84615384615383249E-002  5.35573155040000847E-006
  0.45961538461538431       1.54780953412871552E-005
  0.95769230769230873       2.74221086703219944E-005
   1.4557692307692314      -2.58001118481905099E-005
   1.9538461538461540      -4.88631085703521948E-005
   2.4519230769230766       2.89650971889151541E-005
   2.9499999999999993       5.00752494190557392E-005
   3.4480769230769237      -1.28470897259396476E-005
   3.9461538461538463      -3.81773242212058426E-005
   4.4442307692307690      -1.27846057817328157E-005
   4.9423076923076934       1.90424426780282384E-005
   5.4403846153846160       2.51034355288652410E-005
   5.9384615384615387       1.17626024968975369E-005
   6.4365384615384613      -2.02568367935251957E-005
   6.9346153846153840      -3.92273890268929028E-005
   7.4326923076923066      -1.09003689563202830E-006
   7.9307692307692292       4.30946102585337947E-005
   8.4288461538461554       3.27710295849438512E-005
   8.9269230769230781      -2.06437806555013548E-005
   9.4250000000000007      -4.97625090366429244E-005
   9.9230769230769234      -2.04108814251225356E-005
   10.421153846153846       3.32440961075877310E-005
   10.919230769230769       5.75541222410578775E-005
   11.417307692307691       9.84696168994408276E-006
   11.915384615384617      -5.71380308252056158E-005
   12.413461538461540      -5.79569338620978595E-005
   12.911538461538463       1.38844444132248937E-005
   13.409615384615385       7.96649429268318315E-005
   13.907692307692308       3.61847648339881531E-005
   14.405769230769231      -4.76967045777366207E-005
   14.903846153846153      -5.95600602450808210E-005
   15.401923076923076      -1.14908801188332818E-005
   15.899999999999999       4.20454559036379766E-005
   16.398076923076925       3.91929699765229168E-005
   16.896153846153847      -4.47270869201886443E-006
   17.394230769230770      -9.30114079107547491E-006
   17.892307692307693      -5.33631810186671076E-006
   18.390384615384615      -3.89097035177566811E-005
   18.888461538461538      -3.48474659008488795E-005
   19.386538461538461       3.56794097360713675E-005
   19.884615384615387       7.98708140498553625E-005
   20.382692307692309       3.99291252123071941E-005
   20.880769230769232      -5.32373183850441985E-005
   21.378846153846155      -1.17720550279082478E-004
   21.876923076923077      -5.81196695385083659E-005
   22.375000000000000       9.82710042411234113E-005
   22.873076923076923       1.60423695932217241E-004
   23.371153846153845       2.67485634224514979E-005
   23.869230769230768      -1.40108106777154590E-004
   24.367307692307691      -1.39289843866298414E-004
   24.865384615384613       3.30169801525757444E-006
   25.363461538461536       1.17417480389577270E-004
   25.861538461538458       1.09995582331171883E-004
   26.359615384615388       1.29927288112328203E-005
   26.857692307692311      -8.64499451808047563E-005
   27.355769230769234      -1.02678562875339663E-004
   27.853846153846156      -1.92771249303649205E-005
   28.351923076923079       7.11791039545909518E-005
   28.850000000000001       6.60972502878082071E-005
   29.348076923076924      -7.26488261368055373E-006
   29.846153846153847      -3.32756421055622657E-005
   30.344230769230769       1.36995054851412107E-005
   30.842307692307692       3.33876469017716090E-005
   31.340384615384615      -3.31399772409286030E-005
   31.838461538461537      -9.76979118962856925E-005
   32.336538461538460      -4.86304052975490352E-005
   32.834615384615383       8.17183702481414238E-005
   33.332692307692305       1.48504491990369438E-004
   33.830769230769235       7.21359324148242783E-005
   34.328846153846158      -7.66337315189264166E-005
   34.826923076923080      -1.66252541781454640E-004
   35.325000000000003      -1.29886233829357362E-004
   35.823076923076925       1.69385036458256802E-006
   36.321153846153848       1.40509682989479025E-004
   36.819230769230771       1.89537602948371825E-004
   37.317307692307693       9.41293548520400652E-005
   37.815384615384616      -1.00892332753489594E-004
   38.313461538461539      -2.50670062276529132E-004
   38.811538461538461      -2.17716139240087790E-004
   39.309615384615384      -1.11173119362791299E-005
   39.807692307692307       1.96927696686678651E-004
   40.305769230769229       2.22161671606007288E-004
   40.803846153846152       4.25990427936141281E-005
   41.301923076923075      -1.85703414631009222E-004
   41.799999999999997      -2.84429183029669217E-004
   42.298076923076927      -2.13160106775399393E-004
   42.796153846153850      -7.79025513753765634E-005
   43.294230769230772      -5.97205971798565947E-006
   43.792307692307695      -3.52047346779797992E-005
   44.290384615384617      -1.19442778754427995E-004
   44.788461538461540      -2.09798604829535684E-004
   45.286538461538463      -3.03259203683559824E-004
   45.784615384615385      -4.15416418636062985E-004
   46.282692307692308      -5.33362773627066061E-004
   46.780769230769231      -6.18887830063731765E-004
   47.278846153846153      -6.58905638289073716E-004
   47.776923076923076      -6.98053736920087146E-004
   48.274999999999999      -8.09920195883692727E-004
   48.773076923076921      -1.03579050292318614E-003
   49.271153846153844      -1.35566480177080916E-003
   49.769230769230774      -1.71802684036971142E-003
   50.267307692307696      -2.09126879813312369E-003
   50.765384615384619      -2.48275952161605999E-003
   51.263461538461542      -2.91487222655304910E-003
   51.761538461538464      -3.39694862581092728E-003
   52.259615384615387      -3.93194570716289167E-003
   52.757692307692309      -4.54966719397391795E-003
   53.255769230769232      -5.32047467578362823E-003
   53.753846153846155      -6.31888444492202835E-003
   54.251923076923077      -7.56116152441228383E-003
   54.750000000000000      -8.97736922626135754E-003
   55.248076923076923      -1.04556487603150016E-002
   55.746153846153845      -1.19326388500162108E-002
   56.244230769230768      -1.34580683694673128E-002
   56.742307692307691      -1.51774042744863800E-002
   57.240384615384613      -1.72416615773816201E-002
   57.738461538461536      -1.97119174428556747E-002
   58.236538461538458      -2.25287484658357531E-002
   58.734615384615381      -2.55638333219443993E-002
   59.232692307692304      -2.87084078940576110E-002
   59.730769230769226      -3.19314327908016699E-002
   60.228846153846149      -3.52721397903764666E-002
   60.726923076923072      -3.87857845955831004E-002
   61.224999999999994      -4.24925321202137204E-002
   61.723076923076917      -4.63661254505098874E-002
   62.221153846153854      -5.03584900987266784E-002
   62.719230769230776      -5.44258707991389853E-002
   63.217307692307699      -5.85260959494496649E-002
   63.715384615384622      -6.25882979163432385E-002
   64.213461538461544      -6.64861903730569193E-002
   64.711538461538467      -7.00475280871958039E-002
   65.209615384615390      -7.31041251623571059E-002
   65.707692307692312      -7.55519978955546123E-002
   66.205769230769235      -7.73781985351830598E-002
   66.703846153846158      -7.86308210107886235E-002
   67.201923076923080      -7.93473844724993937E-002
   67.700000000000003      -7.94864258228451248E-002
   68.198076923076925      -7.89068129655384892E-002
   68.696153846153848      -7.74097136961125337E-002
   69.194230769230771      -7.48198372991500937E-002
   69.692307692307693      -7.10605822199338599E-002
   70.190384615384616      -6.61846554075283811E-002
   70.688461538461539      -6.03505797214464249E-002
   71.186538461538461      -5.37662574423939665E-002
   71.684615384615384      -4.66346734254164466E-002
   72.182692307692307      -3.91281633073503748E-002
   72.680769230769229      -3.13955253001977075E-002
   73.178846153846152      -2.35865800631760228E-002
   73.676923076923075      -1.58731916842453150E-002
   74.174999999999997      -8.45474092377670322E-003
   74.673076923076920      -1.55042248491992201E-003
   75.171153846153842       4.61068879261243049E-003
   75.669230769230765       9.79341625730786869E-003
   76.167307692307688       1.37558853317933036E-002
   76.665384615384610       1.62551416860588285E-002
   77.163461538461533       1.70694299961707679E-002
   77.661538461538470       1.60376594041115317E-002
   78.159615384615392       1.31032906818798929E-002
   78.657692307692315       8.34242575935952718E-003
   79.155769230769238       1.96008633361824738E-003
   79.653846153846160      -5.74691168767597991E-003
   80.151923076923083      -1.44453892233853774E-002
   80.650000000000006      -2.38151250046636231E-002
   81.148076923076928      -3.35712952513253088E-002
   81.646153846153851      -4.34541108093697281E-002
   82.144230769230774      -5.31977189670841885E-002
   82.642307692307696      -6.25017733178380858E-002
   83.140384615384619      -7.10276702836268176E-002
   83.638461538461542      -7.84281460546241149E-002
   84.136538461538464      -8.44008672043576047E-002
   84.634615384615387      -8.87433250105395532E-002
   85.132692307692309      -9.13845756142439847E-002
   85.630769230769232      -9.23798832246715135E-002
   86.128846153846155      -9.18716168569795738E-002
   86.626923076923077      -9.00350974307869839E-002
   87.125000000000000      -8.70340112516538728E-002
   87.623076923076923      -8.30038804418084947E-002
   88.121153846153845      -7.80672121978095712E-002
   88.619230769230768      -7.23677105125731801E-002
   89.117307692307691      -6.61010981511117729E-002
   89.615384615384613      -5.95211862081439294E-002
   90.113461538461536      -5.29111876706035017E-002
   90.611538461538458      -4.65266107823588820E-002
   91.109615384615381      -4.05300527276353795E-002
   91.607692307692304      -3.49437826397194160E-002
   92.105769230769226      -2.96409019019573498E-002
   92.603846153846149      -2.43823753741152158E-002
   93.101923076923072      -1.88909065660288859E-002
   93.599999999999994      -1.29398452401283445E-002
   94.098076923076931      -6.43063060593554101E-003
   94.596153846153854       5.63171086429437723E-004
   95.094230769230776       7.79575985605809527E-003
   95.592307692307699       1.48897939634810642E-002
   96.090384615384622       2.14037124446322703E-002
   96.588461538461544       2.69063848849605686E-002
   97.086538461538467       3.10412700819480275E-002
   97.584615384615390       3.35686663559774529E-002
   98.082692307692312       3.43828554740994996E-002
   98.580769230769235       3.35078753212870104E-002
   99.078846153846158       3.10793450839500773E-002
   99.576923076923080       2.73199038418984359E-002
   100.07500000000000       2.25135230648101821E-002
   100.57307692307693       1.69809985107135658E-002
   101.07115384615385       1.10568851183862771E-002
   101.56923076923077       5.06772752772551970E-003
   102.06730769230769      -6.87634891754274058E-004
   102.56538461538462      -5.95364241477995635E-003
   103.06346153846154      -1.05269283576483273E-002
   103.56153846153846      -1.42569648951249173E-002
   104.05961538461538      -1.70390729486398912E-002
   104.55769230769231      -1.88031210125142491E-002
   105.05576923076923      -1.95031887147454688E-002
   105.55384615384615      -1.91136622926866111E-002
   106.05192307692307      -1.76352773292600962E-002
   106.55000000000000      -1.51109779012568411E-002
   107.04807692307692      -1.16472743839418150E-002
   107.54615384615384      -7.43351393192421325E-003
   108.04423076923077      -2.75037617994962217E-003
   108.54230769230769       2.03943758359500463E-003
   109.04038461538461       6.52122837265377547E-003
   109.53846153846155       1.02764399032394382E-002
   110.03653846153847       1.29409960871812117E-002
   110.53461538461539       1.42623213246028200E-002
   111.03269230769232       1.41427330685252092E-002
   111.53076923076924       1.26591870997063843E-002
   112.02884615384616       1.00541761871184940E-002
   112.52692307692308       6.69871094644001758E-003
   113.02500000000001       3.03422265098363337E-003
   113.52307692307693      -4.95487125803618141E-004
   114.02115384615385      -3.50940057887972430E-003
   114.51923076923077      -5.73978724539054696E-003
   115.01730769230770      -7.05979522218425082E-003
   115.51538461538462      -7.48482136091139626E-003
   116.01346153846154      -7.14959378469417605E-003
   116.51153846153846      -6.26732287489325211E-003
   117.00961538461539      -5.08007779105575357E-003
   117.50769230769231      -3.81035793784388014E-003
   118.00576923076923      -2.62272861948755235E-003
   118.50384615384615      -1.60180173213860140E-003
   119.00192307692308      -7.49388579226905509E-004
   119.50000000000000        0.0000000000000000     
