  -10.000000000000000        0.0000000000000000     
  -9.5019230769230774       3.37334832788611406E-005
  -9.0038461538461547      -5.45504590299267702E-006
  -8.5057692307692303      -3.07674813793982690E-005
  -8.0076923076923077       6.46058365772869475E-006
  -7.5096153846153850       3.09101685633614642E-005
  -7.0115384615384615      -8.17871230296581586E-006
  -6.5134615384615380      -3.15025890833182083E-005
  -6.0153846153846153       1.27679056972123960E-005
  -5.5173076923076927       2.44116780896669775E-005
  -5.0192307692307692      -9.98196969026180799E-006
  -4.5211538461538456      -1.54791070473881473E-005
  -4.0230769230769230      -1.25614656587433532E-006
  -3.5250000000000004       9.91104546255387613E-006
  -3.0269230769230768       1.63890814140036160E-005
  -2.5288461538461533      -7.66811505147126454E-006
  -2.0307692307692307      -3.29734158976256216E-005
  -1.5326923076923080       1.27384531938877117E-005
  -1.0346153846153854       3.83069156320031153E-005
 -0.53653846153846096      -1.66970411272924248E-005
 -3.84615384615383249E-002 -2.59647932515286631E-005
  0.45961538461538431       5.31563787218717113E-006
  0.95769230769230873       6.18074973190226632E-006
   1.4557692307692314       2.15805385991484826E-005
   1.9538461538461540       6.73733079540891094E-006
   2.4519230769230766      -4.60494301718383892E-005
   2.9499999999999993      -1.19422993703758218E-005
   3.4480769230769237       5.02088876759920627E-005
   3.9461538461538463       2.10426744278365177E-005
   4.4442307692307690      -3.75194439181801467E-005
   4.9423076923076934      -3.17093901331887254E-005
   5.4403846153846160       1.78781934620201335E-005
   5.9384615384615387       2.82918665794116132E-005
   6.4365384615384613       9.51002007104738902E-006
   6.9346153846153840      -1.31365550935615339E-005
   7.4326923076923066      -2.98143674536220575E-005
   7.9307692307692292      -1.07162829856219727E-005
   8.4288461538461554       2.96386538975448654E-005
   8.9269230769230781       3.52750967620595773E-005
   9.4250000000000007      -8.51149995872958146E-006
   9.9230769230769234      -4.39615988702732043E-005
   10.421153846153846      -2.28744779881531794E-005
   10.919230769230769       2.43274421341169896E-005
   11.417307692307691       4.64151319777423218E-005
   11.915384615384617       1.65224283734946544E-005
   12.413461538461540      -4.24084236382684586E-005
   12.911538461538463      -5.18155613536603170E-005
   13.409615384615385      -1.21174673588631367E-006
   13.907692307692308       6.50980022292491127E-005
   14.405769230769231       5.24508670561651141E-005
   14.903846153846153      -3.94904658033782803E-005
   15.401923076923076      -7.28627953206195645E-005
   15.899999999999999      -1.64737255650736832E-005
   16.398076923076925       5.12987054992017179E-005
   16.896153846153847       5.93902419217049780E-005
   17.394230769230770      -7.95261171610135134E-006
   17.892307692307693      -5.37311113077397902E-005
   18.390384615384615      -1.83234006441489812E-005
   18.888461538461538       1.15168750551341722E-005
   19.386538461538461       1.33919274377236897E-006
   19.884615384615387       1.43852262711361242E-005
   20.382692307692309       3.66071030805411294E-005
   20.880769230769232       1.13282634818855717E-005
   21.378846153846155      -3.93953583904204272E-005
   21.876923076923077      -6.28635855286014457E-005
   22.375000000000000      -2.78663207722606489E-005
   22.873076923076923       6.18729821400192212E-005
   23.371153846153845       1.12919516769305347E-004
   23.869230769230768       2.21920003593836589E-005
   24.367307692307691      -1.28161536640808161E-004
   24.865384615384613      -1.36197848474304173E-004
   25.363461538461536       2.16045617523779367E-005
   25.861538461538458       1.46760926031290695E-004
   26.359615384615388       9.88432551633732344E-005
   26.857692307692311      -4.70378821493364790E-005
   27.355769230769234      -1.37923168131427482E-004
   27.853846153846156      -1.06500063771192550E-004
   28.351923076923079       7.23562093909768710E-006
   28.850000000000001       9.92440511136706425E-005
   29.348076923076924       7.44632345708029757E-005
   29.846153846153847      -5.08169982608190418E-005
   30.344230769230769      -1.43351846993512169E-004
   30.842307692307692      -1.10448110394066959E-004
   31.340384615384615      -2.34139882974634736E-005
   31.838461538461537      -1.40328649986918610E-005
   32.336538461538460      -8.89554336844403337E-005
   32.834615384615383      -1.38814580807143038E-004
   33.332692307692305      -1.17461311226944978E-004
   33.830769230769235      -1.11676272237433327E-004
   34.328846153846158      -2.04116456048404642E-004
   34.826923076923080      -3.45053029484780724E-004
   35.325000000000003      -4.17982434289125072E-004
   35.823076923076925      -3.94800066600866533E-004
   36.321153846153848      -3.69692291090646837E-004
   36.819230769230771      -4.49956151289476172E-004
   37.317307692307693      -6.56258036378914804E-004
   37.815384615384616      -9.27531668827644845E-004
   38.313461538461539      -1.18208872154612990E-003
   38.811538461538461      -1.36546130072876188E-003
   39.309615384615384      -1.48296623005830450E-003
   39.807692307692307      -1.62139596690133209E-003
   40.305769230769229      -1.91581414579191311E-003
   40.803846153846152      -2.44328121705012771E-003
   41.301923076923075      -3.13214852003726972E-003
   41.799999999999997      -3.80632502809107997E-003
   42.298076923076927      -4.35313882267986813E-003
   42.796153846153850      -4.85042777899345138E-003
   43.294230769230772      -5.51108584162130714E-003
   43.792307692307695      -6.49405443138238291E-003
   44.290384615384617      -7.77376855234596618E-003
   44.788461538461540      -9.19290331316154063E-003
   45.286538461538463      -1.06284192436162904E-002
   45.784615384615385      -1.20975751717018031E-002
   46.282692307692308      -1.37170884104095420E-002
   46.780769230769231      -1.55875548171349378E-002
   47.278846153846153      -1.77300402945457097E-002
   47.776923076923076      -2.01162150637993545E-002
   48.274999999999999      -2.27268085036364774E-002
   48.773076923076921      -2.55635608066026726E-002
   49.271153846153844      -2.86159807835379074E-002
   49.769230769230774      -3.18418743823400754E-002
   50.267307692307696      -3.51953546119243635E-002
   50.765384615384619      -3.86695769429916611E-002
   51.263461538461542      -4.22985795871558545E-002
   51.761538461538464      -4.61085532451739125E-002
   52.259615384615387      -5.00667117752867791E-002
   52.757692307692309      -5.40789380634957018E-002
   53.255769230769232      -5.80346918182060786E-002
   53.753846153846155      -6.18499733211461539E-002
   54.251923076923077      -6.54673990875195011E-002
   54.750000000000000      -6.88234142095332929E-002
   55.248076923076923      -7.18279671554080124E-002
   55.746153846153845      -7.43838968276205187E-002
   56.244230769230768      -7.64239765699457341E-002
   56.742307692307691      -7.79185867578836011E-002
   57.240384615384613      -7.88351753394102572E-002
   57.738461538461536      -7.90841488514181234E-002
   58.236538461538458      -7.85091510178308749E-002
   58.734615384615381      -7.69460487664859472E-002
   59.232692307692304      -7.43131272308158453E-002
   59.730769230769226      -7.06619662353255434E-002
   60.228846153846149      -6.61459234457294765E-002
   60.726923076923072      -6.09286665594222579E-002
   61.224999999999994      -5.51031153265163012E-002
   61.723076923076917      -4.86818824643296330E-002
   62.221153846153854      -4.16632719736824836E-002
   62.719230769230776      -3.41199776738046259E-002
   63.217307692307699      -2.62452920254054832E-002
   63.715384615384622      -1.83293064029990127E-002
   64.213461538461544      -1.06909253089330393E-002
   64.711538461538467      -3.61778272582996639E-003
   65.209615384615390       2.65108241560513269E-003
   65.707692307692312       7.90585691713336335E-003
   66.205769230769235       1.19445780738936577E-002
   66.703846153846158       1.45792102612140716E-002
   67.201923076923080       1.56680991473457445E-002
   67.700000000000003       1.51464799252395785E-002
   68.198076923076925       1.30262699850755507E-002
   68.696153846153848       9.36241782704602156E-003
   69.194230769230771       4.21319591569082035E-003
   69.692307692307693      -2.36937631390558585E-003
   70.190384615384616      -1.03034044186032792E-002
   70.688461538461539      -1.94147206452636584E-002
   71.186538461538461      -2.93909779986571279E-002
   71.684615384615384      -3.97891833587291077E-002
   72.182692307692307      -5.01022110054815464E-002
   72.680769230769229      -5.98541189766561843E-002
   73.178846153846152      -6.86775553548986117E-002
   73.676923076923075      -7.63389315567417071E-002
   74.174999999999997      -8.27088453562682957E-002
   74.673076923076920      -8.77054270518349555E-002
   75.171153846153842      -9.12488336381343385E-002
   75.669230769230765      -9.32520889298694561E-002
   76.167307692307688      -9.36478295308443287E-002
   76.665384615384610      -9.24293983309706774E-002
   77.163461538461533      -8.96799201257714590E-002
   77.661538461538470      -8.55743959363688272E-002
   78.159615384615392      -8.03573798806021672E-002
   78.657692307692315      -7.43103776762755880E-002
   79.155769230769238      -6.77227515248958606E-002
   79.653846153846160      -6.08707087656021259E-002
   80.151923076923083      -5.39995926532730111E-002
   80.650000000000006      -4.73027428679897305E-002
   81.148076923076928      -4.08968220951740000E-002
   81.646153846153851      -3.48031038079120725E-002
   82.144230769230774      -2.89487030036739389E-002
   82.642307692307696      -2.31963631153135064E-002
   83.140384615384619      -1.73981814490862460E-002
   83.638461538461542      -1.14551636430178516E-002
   84.136538461538464      -5.35918259448895946E-003
   84.634615384615387       7.99256823715272131E-004
   85.132692307692309       6.85814841588446283E-003
   85.630769230769232       1.26301729313908415E-002
   86.128846153846155       1.79439043326466013E-002
   86.626923076923077       2.26605755310249277E-002
   87.125000000000000       2.66617719132078643E-002
   87.623076923076923       2.98204375181543857E-002
   88.121153846153845       3.19776444200035662E-002
   88.619230769230768       3.29453550169681308E-002
   89.117307692307691       3.25420862629363164E-002
   89.615384615384613       3.06508885763391789E-002
   90.113461538461536       2.72763292992030948E-002
   90.611538461538458       2.25756042374910676E-002
   91.109615384615381       1.68492063963328886E-002
   91.607692307692304       1.04936596191632179E-002
   92.105769230769226       3.93447261469479816E-003
   92.603846153846149      -2.43554995644500519E-003
   93.101923076923072      -8.29206575347812315E-003
   93.599999999999994      -1.33819379304824272E-002
   94.098076923076931      -1.75016786509466261E-002
   94.596153846153854      -2.04710632292381817E-002
   95.094230769230776      -2.21223902517006278E-002
   95.592307692307699      -2.23170391683297914E-002
   96.090384615384622      -2.09866463421770101E-002
   96.588461538461544      -1.81829526075642858E-002
   97.086538461538467      -1.41139995924215566E-002
   97.584615384615390      -9.14750288245121806E-003
   98.082692307692312      -3.77343040842983025E-003
   98.580769230769235       1.46764723747094903E-003
   99.078846153846158       6.07179360198249404E-003
   99.576923076923080       9.65076468090595059E-003
   100.07500000000000       1.19824534602325540E-002
   100.57307692307693       1.30222710547481160E-002
   101.07115384615385       1.28775524320271922E-002
   101.56923076923077       1.17575432024928563E-002
   102.06730769230769       9.91656680773504544E-003
   102.56538461538462       7.60658626880905860E-003
   103.06346153846154       5.04897916721021647E-003
   103.56153846153846       2.42692850860432019E-003
   104.05961538461538      -1.07357690228280546E-004
   104.55769230769231      -2.42006418866887694E-003
   105.05576923076923      -4.38681314354904053E-003
   105.55384615384615      -5.89265188256270396E-003
   106.05192307692307      -6.84136827133052013E-003
   106.55000000000000      -7.17035986275335168E-003
   107.04807692307692      -6.86525867551644221E-003
   107.54615384615384      -5.96893324799976401E-003
   108.04423076923077      -4.58170248631619564E-003
   108.54230769230769      -2.85243003902128011E-003
   109.04038461538461      -9.62490626057700780E-004
   109.53846153846155       8.94246411881887988E-004
   110.03653846153847       2.53230838370181949E-003
   110.53461538461539       3.79402935766686225E-003
   111.03269230769232       4.56594186772493315E-003
   111.53076923076924       4.79102833135429916E-003
   112.02884615384616       4.47564453586374051E-003
   112.52692307692308       3.68969401777215515E-003
   113.02500000000001       2.55873730869658885E-003
   113.52307692307693       1.24757147778578668E-003
   114.02115384615385      -6.35268518786033043E-005
   114.51923076923077      -1.20661817075458800E-003
   115.01730769230770      -2.05290335176112849E-003
   115.51538461538462      -2.53271047531388382E-003
   116.01346153846154      -2.64372103399835830E-003
   116.51153846153846      -2.44495778512600782E-003
   117.00961538461539      -2.03757393440408361E-003
   117.50769230769231      -1.53706052730367818E-003
   118.00576923076923      -1.04401078772004821E-003
   118.50384615384615      -6.21182572943200116E-004
   119.00192307692308      -2.82978172029582718E-004
   119.50000000000000        0.0000000000000000     
