  -10.000000000000000        0.0000000000000000     
  -9.5019230769230774       6.29833602405632741E-006
  -9.0038461538461547       1.83609524748675204E-006
  -8.5057692307692303      -6.21880250487869869E-006
  -8.0076923076923077      -1.33207839599390253E-006
  -7.5096153846153850      -1.84788655663229703E-007
  -7.0115384615384615       8.42048543096097241E-006
  -6.5134615384615380       2.37427283638109665E-006
  -6.0153846153846153      -1.57883346094382156E-005
  -5.5173076923076927      -1.78760463034688848E-006
  -5.0192307692307692       1.89169998600553869E-005
  -4.5211538461538456       5.78630626243411289E-006
  -4.0230769230769230      -2.45229693616268601E-005
  -3.5250000000000004      -8.98437277266050171E-006
  -3.0269230769230768       2.87368479341364633E-005
  -2.5288461538461533       1.18065357297017455E-005
  -2.0307692307692307      -2.90870752261426381E-005
  -1.5326923076923080      -1.58673533564809086E-005
  -1.0346153846153854       2.65125832836750688E-005
 -0.53653846153846096       1.76767183174184977E-005
 -3.84615384615383249E-002 -1.71825523932678318E-005
  0.45961538461538431      -1.79515852747629344E-005
  0.95769230769230873       1.46716441009231344E-006
   1.4557692307692314       1.61476161086609252E-005
   1.9538461538461540       1.73599413658861968E-005
   2.4519230769230766      -9.05279440436355373E-006
   2.9499999999999993      -3.85554687498234410E-005
   3.4480769230769237       9.17072505490623268E-007
   3.9461538461538463       5.32148390461976013E-005
   4.4442307692307690       4.76899312497750105E-006
   4.9423076923076934      -4.73295356064003979E-005
   5.4403846153846160      -1.58941291661425685E-005
   5.9384615384615387       2.71350774135367798E-005
   6.4365384615384613       2.60617121263427578E-005
   6.9346153846153840      -2.60382321485948358E-006
   7.4326923076923066      -2.11704426795103976E-005
   7.9307692307692292      -2.35265266529514413E-005
   8.4288461538461554       4.56068010406183685E-006
   8.9269230769230781       3.50510723011175673E-005
   9.4250000000000007       2.04771109420636182E-005
   9.9230769230769234      -2.50252216238629096E-005
   10.421153846153846      -4.06821289447947503E-005
   10.919230769230769      -1.75429702717627920E-006
   11.417307692307691       3.60316134867722754E-005
   11.915384615384617       3.66108374064202992E-005
   12.413461538461540      -9.31960749637693366E-006
   12.911538461538463      -5.02039834385826310E-005
   13.409615384615385      -3.16327612460970403E-005
   13.907692307692308       2.53914824888298186E-005
   14.405769230769231       6.75495012169281502E-005
   14.903846153846153       1.87852632172564801E-005
   15.401923076923076      -6.53976814276853398E-005
   15.899999999999999      -5.80795988643737580E-005
   16.398076923076925       1.70392151925116955E-005
   16.896153846153847       6.73041809935424239E-005
   17.394230769230770       3.83074305869175594E-005
   17.892307692307693      -4.32488938530095163E-005
   18.390384615384615      -6.10538277319033908E-005
   18.888461538461538       1.21176684562223876E-006
   19.386538461538461       2.93771036758891629E-005
   19.884615384615387       8.21228445197803988E-006
   20.382692307692309       6.54766804162775350E-006
   20.880769230769232       8.44371136810154558E-006
   21.378846153846155      -2.07071195107267680E-005
   21.876923076923077      -4.74743117591272350E-005
   22.375000000000000      -4.05443872345116106E-005
   22.873076923076923       1.75758074448281422E-006
   23.371153846153845       5.72851029305856090E-005
   23.869230769230768       4.81243859130477290E-005
   24.367307692307691      -6.77693691118904745E-005
   24.865384615384613      -1.66965194676981416E-004
   25.363461538461536      -1.01827356916609873E-004
   25.861538461538458       5.34068124951767666E-005
   26.359615384615388       8.64002416542217113E-005
   26.857692307692311      -5.44367144311924065E-005
   27.355769230769234      -2.12319529246464726E-004
   27.853846153846156      -2.45378583986136448E-004
   28.351923076923079      -1.65744338886946883E-004
   28.850000000000001      -8.19597333219150115E-005
   29.348076923076924      -9.87549418393954791E-005
   29.846153846153847      -2.44969681755272941E-004
   30.344230769230769      -4.33428305806405397E-004
   30.842307692307692      -5.29800286111345854E-004
   31.340384615384615      -5.12700883464182067E-004
   31.838461538461537      -5.16211107719736703E-004
   32.336538461538460      -6.61685132695896878E-004
   32.834615384615383      -9.04646249125578617E-004
   33.332692307692305      -1.11899448284332121E-003
   33.830769230769235      -1.28694022732591794E-003
   34.328846153846158      -1.51285448799158627E-003
   34.826923076923080      -1.85875686200194339E-003
   35.325000000000003      -2.25968521830258087E-003
   35.823076923076925      -2.63523198123295256E-003
   36.321153846153848      -3.02046011080775228E-003
   36.819230769230771      -3.53256396311512743E-003
   37.317307692307693      -4.23521827870738249E-003
   37.815384615384616      -5.08299846262751358E-003
   38.313461538461539      -5.99154988391957088E-003
   38.811538461538461      -6.92503463615509133E-003
   39.309615384615384      -7.91723579179490905E-003
   39.807692307692307      -9.04764053740520456E-003
   40.305769230769229      -1.04101303482013567E-002
   40.803846153846152      -1.20652268854965737E-002
   41.301923076923075      -1.39817792716868360E-002
   41.799999999999997      -1.60363713641286654E-002
   42.298076923076927      -1.81166604095174683E-002
   42.796153846153850      -2.02502049401444041E-002
   43.294230769230772      -2.26124015037150114E-002
   43.792307692307695      -2.53757590398046504E-002
   44.290384615384617      -2.85418636178964985E-002
   44.788461538461540      -3.19317871819531293E-002
   45.286538461538463      -3.53477157200087350E-002
   45.784615384615385      -3.87396565082548799E-002
   46.282692307692308      -4.22146591766790480E-002
   46.780769230769231      -4.58976136992769040E-002
   47.278846153846153      -4.97958928703926273E-002
   47.776923076923076      -5.37902166255597169E-002
   48.274999999999999      -5.77286568075494610E-002
   48.773076923076921      -6.15088221937616572E-002
   49.271153846153844      -6.50776364181100825E-002
   49.769230769230774      -6.83823617445261933E-002
   50.267307692307696      -7.13466708055756488E-002
   50.765384615384619      -7.38930362378513450E-002
   51.263461538461542      -7.59673754481406671E-002
   51.761538461538464      -7.75234461742948244E-002
   52.259615384615387      -7.84821709328264311E-002
   52.757692307692309      -7.87188570402770488E-002
   53.255769230769232      -7.81034182823130835E-002
   53.753846153846155      -7.65595310470042340E-002
   54.251923076923077      -7.40869468867123293E-002
   54.750000000000000      -7.07302714627170981E-002
   55.248076923076923      -6.65324822551524447E-002
   55.746153846153845      -6.15226767008140302E-002
   56.244230769230768      -5.57459770417057729E-002
   56.742307692307691      -4.92970056913795002E-002
   57.240384615384613      -4.23171431985687047E-002
   57.738461538461536      -3.49591831641083498E-002
   58.236538461538458      -2.73624719100434254E-002
   58.734615384615381      -1.96735111310700379E-002
   59.232692307692304      -1.20980324239927627E-002
   59.730769230769226      -4.93050646950453971E-003
   60.228846153846149       1.48164344087246477E-003
   60.726923076923072       6.82631657556170401E-003
   61.224999999999994       1.09051441079119783E-002
   61.723076923076917       1.36422911434154644E-002
   62.221153846153854       1.50183889236701132E-002
   62.719230769230776       1.49846591989083837E-002
   63.217307692307699       1.34278679853017599E-002
   63.715384615384622       1.02157220764422779E-002
   64.213461538461544       5.28970353313768567E-003
   64.711538461538467      -1.26151027359291176E-003
   65.209615384615390      -9.19603834583264737E-003
   65.707692307692312      -1.81760148877697023E-002
   66.205769230769235      -2.78416012378305960E-002
   66.703846153846158      -3.78537059224286834E-002
   67.201923076923080      -4.78917483917172607E-002
   67.700000000000003      -5.76312763191868110E-002
   68.198076923076925      -6.67377656410310938E-002
   68.696153846153848      -7.48919285047462135E-002
   69.194230769230771      -8.18297514447357821E-002
   69.692307692307693      -8.73656618398876011E-002
   70.190384615384616      -9.13814227365286474E-002
   70.688461538461539      -9.37934610184093659E-002
   71.186538461538461      -9.45314883198807854E-002
   71.684615384615384      -9.35542375967083756E-002
   72.182692307692307      -9.08986322348246667E-002
   72.680769230769229      -8.67291498039141073E-002
   73.178846153846152      -8.13471954983344125E-002
   73.676923076923075      -7.51420157270626665E-002
   74.174999999999997      -6.85005519795167800E-002
   74.673076923076920      -6.17194856544275167E-002
   75.171153846153842      -5.49617576561334947E-002
   75.669230769230765      -4.82735630869463653E-002
   76.167307692307688      -4.16438780891104088E-002
   76.665384615384610      -3.50681435516311119E-002
   77.163461538461533      -2.85816970416649350E-002
   77.661538461538470      -2.22516945122187386E-002
   78.159615384615392      -1.61423346150520834E-002
   78.657692307692315      -1.02813200248924475E-002
   79.155769230769238      -4.64993684511928566E-003
   79.653846153846160       7.98583796884856124E-004
   80.151923076923083       6.10477491359663962E-003
   80.650000000000006       1.12712110310157366E-002
   81.148076923076928       1.62456513845828689E-002
   81.646153846153851       2.09195762447302383E-002
   82.144230769230774       2.51345631971591384E-002
   82.642307692307696       2.86896707417988173E-002
   83.140384615384619       3.13504288387775332E-002
   83.638461538461542       3.28670576927116015E-002
   84.136538461538464       3.30094538156966433E-002
   84.634615384615387       3.16178998788779614E-002
   85.132692307692309       2.86563534078584890E-002
   85.630769230769232       2.42476645031043138E-002
   86.128846153846155       1.86730941302328327E-002
   86.626923076923077       1.23318378613564757E-002
   87.125000000000000       5.67339247836484359E-003
   87.623076923076923      -8.72599033575395880E-004
   88.121153846153845      -6.94443012023633188E-003
   88.619230769230768      -1.22617794283813569E-002
   89.117307692307691      -1.66096791076072378E-002
   89.615384615384613      -1.98122614448068730E-002
   90.113461538461536      -2.17187939642821994E-002
   90.611538461538458      -2.22155126939164935E-002
   91.109615384615381      -2.12605443589876340E-002
   91.607692307692304      -1.89244318399942046E-002
   92.105769230769226      -1.54131566450980313E-002
   92.603846153846149      -1.10569463802793651E-002
   93.101923076923072      -6.26328518662731988E-003
   93.599999999999994      -1.44884099349276967E-003
   94.098076923076931       3.02548606171618075E-003
   94.596153846153854       6.89397236573716186E-003
   95.094230769230776       9.98951352800287948E-003
   95.592307692307699       1.22170308572661021E-002
   96.090384615384622       1.35157682800983552E-002
   96.588461538461544       1.38331494904409824E-002
   97.086538461538467       1.31258972952320307E-002
   97.584615384615390       1.13898796951274976E-002
   98.082692307692312       8.70521063629520198E-003
   98.580769230769235       5.27414748796125460E-003
   99.078846153846158       1.43012960407363056E-003
   99.576923076923080      -2.39357062932159682E-003
   100.07500000000000      -5.73198342679180801E-003
   100.57307692307693      -8.17578850807997373E-003
   101.07115384615385      -9.45284961685714104E-003
   101.56923076923077      -9.48049703350677467E-003
   102.06730769230769      -8.37463269646916350E-003
   102.56538461538462      -6.41522375318402151E-003
   103.06346153846154      -3.98020544669471475E-003
   103.56153846153846      -1.46715817875204451E-003
   104.05961538461538       7.77386059891708916E-004
   104.55769230769231       2.50660288785981575E-003
   105.05576923076923       3.59414930901640148E-003
   105.55384615384615       4.02945357083492675E-003
   106.05192307692307       3.89526152195291114E-003
   106.55000000000000       3.33662005744308782E-003
   107.04807692307692       2.52872041483213905E-003
   107.54615384615384       1.64783329037653252E-003
   108.04423076923077       8.46825125443409835E-004
   108.54230769230769       2.35608524774116737E-004
   109.04038461538461      -1.32613108636688796E-004
   109.53846153846155      -2.67226085208258492E-004
   110.03653846153847      -2.35520051829276759E-004
   110.53461538461539      -1.45748183681608133E-004
   111.03269230769232      -1.19038084783973917E-004
   111.53076923076924      -2.55033817775060555E-004
   112.02884615384616      -5.99448292332661588E-004
   112.52692307692308      -1.12299809994535456E-003
   113.02500000000001      -1.71952990857863835E-003
   113.52307692307693      -2.22659298276343606E-003
   114.02115384615385      -2.46540594268496258E-003
   114.51923076923077      -2.29098743399175396E-003
   115.01730769230770      -1.63917940507072452E-003
   115.51538461538462      -5.56854511640234918E-004
   116.01346153846154       7.94817451711696656E-004
   116.51153846153846       2.16737229571946442E-003
   117.00961538461539       3.27746071244710332E-003
   117.50769230769231       3.87252215307645102E-003
   118.00576923076923       3.79332829507763713E-003
   118.50384615384615       3.01707589725322065E-003
   119.00192307692308       1.66921497034965547E-003
   119.50000000000000        0.0000000000000000     
