  -10.000000000000000        0.0000000000000000     
  -9.5019230769230774      -2.81825454379464182E-005
  -9.0038461538461547       6.98754819750207946E-006
  -8.5057692307692303       2.63099744266822519E-005
  -8.0076923076923077      -1.19411702148752178E-005
  -7.5096153846153850      -2.46343355819374842E-005
  -7.0115384615384615       1.49610956498940750E-005
  -6.5134615384615380       2.58331632516239042E-005
  -6.0153846153846153      -2.19105167878482448E-005
  -5.5173076923076927      -2.10313782837410039E-005
  -5.0192307692307692       2.41219253026116534E-005
  -4.5211538461538456       1.29445053291802610E-005
  -4.0230769230769230      -1.61207208852205241E-005
  -3.5250000000000004      -1.05382044189960412E-005
  -3.0269230769230768       3.66785958650481364E-006
  -2.5288461538461533       1.35418690104135926E-005
  -2.0307692307692307       1.14877076111444131E-005
  -1.5326923076923080      -2.47921337614263593E-005
  -1.0346153846153854      -1.95969648901419984E-005
 -0.53653846153846096       3.67455200161028253E-005
 -3.84615384615383249E-002  1.41220203860722567E-005
  0.45961538461538431      -3.24349016976858796E-005
  0.95769230769230873      -6.18286220391729595E-006
   1.4557692307692314       8.59659924310052322E-006
   1.9538461538461540       9.84204992897997881E-006
   2.4519230769230766       1.83888563580456404E-005
   2.9499999999999993      -2.02523990233089712E-005
   3.4480769230769237      -3.48043279400011646E-005
   3.9461538461538463       2.05040989744703250E-005
   4.4442307692307690       4.50807723795096973E-005
   4.9423076923076934      -1.07554648768030387E-005
   5.4403846153846160      -4.85741712442511463E-005
   5.9384615384615387      -1.03140070982814656E-006
   6.4365384615384613       3.51070799382775155E-005
   6.9346153846153840       1.67644625233599618E-005
   7.4326923076923066      -1.30620332022410507E-005
   7.9307692307692292      -2.44852219590247413E-005
   8.4288461538461554      -1.29393631109804241E-005
   8.9269230769230781       1.69837320834616822E-005
   9.4250000000000007       3.23100990432088293E-005
   9.9230769230769234       3.67049395462682189E-006
   10.421153846153846      -3.56204020964701350E-005
   10.919230769230769      -2.89306973730418370E-005
   11.417307692307691       1.64192759144399567E-005
   11.915384615384617       3.79985949154293832E-005
   12.413461538461540       1.86505321015409591E-005
   12.911538461538463      -3.09382672428752979E-005
   13.409615384615385      -4.60925863499233592E-005
   13.907692307692308      -9.63784521999837073E-006
   14.405769230769231       4.06355465815212406E-005
   14.903846153846153       5.20274386658871113E-005
   15.401923076923076      -1.99326603476939301E-005
   15.899999999999999      -7.91512804249728494E-005
   16.398076923076925      -3.61546793342201365E-005
   16.896153846153847       3.82374622706949151E-005
   17.394230769230770       5.60473008495215313E-005
   17.892307692307693      -7.17968256618932004E-006
   18.390384615384615      -8.51587346326685947E-005
   18.888461538461538      -6.79795384085417028E-005
   19.386538461538461       5.31277300876721841E-006
   19.884615384615387       9.22819939368909754E-006
   20.382692307692309      -3.82609515369602716E-005
   20.880769230769232      -5.96627664700471522E-005
   21.378846153846155      -7.34637930096124420E-005
   21.876923076923077      -1.03891640379305083E-004
   22.375000000000000      -1.23857538578902725E-004
   22.873076923076923      -1.26603033597517489E-004
   23.371153846153845      -1.24638063039473159E-004
   23.869230769230768      -1.37688006089080697E-004
   24.367307692307691      -2.18477819200310494E-004
   24.865384615384613      -3.66320206654577839E-004
   25.363461538461536      -4.56785224934899670E-004
   25.861538461538458      -4.16417295979417117E-004
   26.359615384615388      -3.85679505609602842E-004
   26.857692307692311      -5.39630068997240032E-004
   27.355769230769234      -8.31850666420942057E-004
   27.853846153846156      -1.07098651294711068E-003
   28.351923076923079      -1.18173706439492275E-003
   28.850000000000001      -1.26666083177888337E-003
   29.348076923076924      -1.46371960246048714E-003
   29.846153846153847      -1.83013404105449007E-003
   30.344230769230769      -2.31952237078127208E-003
   30.842307692307692      -2.81606300894429598E-003
   31.340384615384615      -3.24077165131420736E-003
   31.838461538461537      -3.66352974237322323E-003
   32.336538461538460      -4.25325533630543755E-003
   32.834615384615383      -5.08256825982804361E-003
   33.332692307692305      -6.04744351801234526E-003
   33.830769230769235      -7.02665647833563070E-003
   34.328846153846158      -8.05458690211819511E-003
   34.826923076923080      -9.26445114538909653E-003
   35.325000000000003      -1.07046738011742498E-002
   35.823076923076925      -1.23023032755094630E-002
   36.321153846153848      -1.40057162622737735E-002
   36.819230769230771      -1.58795752632878880E-002
   37.317307692307693      -1.80215998953767546E-002
   37.815384615384616      -2.04357629097335416E-002
   38.313461538461539      -2.30357458801419834E-002
   38.811538461538461      -2.57539519528518675E-002
   39.309615384615384      -2.86073292896291582E-002
   39.807692307692307      -3.16623035998086014E-002
   40.305769230769229      -3.49687402077565948E-002
   40.803846153846152      -3.85265569707776215E-002
   41.301923076923075      -4.22763176802691959E-002
   41.799999999999997      -4.61023011352231851E-002
   42.298076923076927      -4.98770238210287653E-002
   42.796153846153850      -5.35465107240247276E-002
   43.294230769230772      -5.71723561220630477E-002
   43.792307692307695      -6.08503481321882658E-002
   44.290384615384617      -6.45574364675609025E-002
   44.788461538461540      -6.80869522402006988E-002
   45.286538461538463      -7.11613410980680011E-002
   45.784615384615385      -7.36219913498647877E-002
   46.282692307692308      -7.55043239815866157E-002
   46.780769230769231      -7.69240225121942262E-002
   47.278846153846153      -7.78963916736133688E-002
   47.776923076923076      -7.82698402043932456E-002
   48.274999999999999      -7.78239181657818385E-002
   48.773076923076921      -7.64174760591413010E-002
   49.271153846153844      -7.40461345084885425E-002
   49.769230769230774      -7.07840729998840817E-002
   50.267307692307696      -6.66995110941660391E-002
   50.765384615384619      -6.18312165620521076E-002
   51.263461538461542      -5.62243603661329375E-002
   51.761538461538464      -4.99625566012817657E-002
   52.259615384615387      -4.31587950047387647E-002
   52.757692307692309      -3.59317694575192956E-002
   53.255769230769232      -2.84124172825977600E-002
   53.753846153846155      -2.07813562705953490E-002
   54.251923076923077      -1.32912207065911496E-002
   54.750000000000000      -6.23719543339714549E-003
   55.248076923076923       1.06353875182894908E-004
   55.746153846153845       5.52836298023861618E-003
   56.244230769230768       9.86987295326106559E-003
   56.742307692307691       1.29821110801809948E-002
   57.240384615384613       1.47057577018738731E-002
   57.738461538461536       1.48964675633374843E-002
   58.236538461538458       1.34705516318649361E-002
   58.734615384615381       1.04245712035274229E-002
   59.232692307692304       5.81338847790702044E-003
   59.730769230769226      -2.81639591951118526E-004
   60.228846153846149      -7.75025793406648386E-003
   60.726923076923072      -1.64093628736646929E-002
   61.224999999999994      -2.59593481015022234E-002
   61.723076923076917      -3.59937231441213659E-002
   62.221153846153854      -4.60737547360464822E-002
   62.719230769230776      -5.58223722254434784E-002
   63.217307692307699      -6.49704532853232486E-002
   63.715384615384622      -7.33245601508672462E-002
   64.213461538461544      -8.06884934988134628E-002
   64.711538461538467      -8.68083460850376937E-002
   65.209615384615390      -9.13914952195903074E-002
   65.707692307692312      -9.41911559735871123E-002
   66.205769230769235      -9.50979113079791216E-002
   66.703846153846158      -9.41764751073408540E-002
   67.201923076923080      -9.16285666428496987E-002
   67.700000000000003      -8.77146307596457508E-002
   68.198076923076925      -8.26883837589696968E-002
   68.696153846153848      -7.67769969986954320E-002
   69.194230769230771      -7.01983479996197840E-002
   69.692307692307693      -6.31800633851743593E-002
   70.190384615384616      -5.59518406173377392E-002
   70.688461538461539      -4.87125942234996265E-002
   71.186538461538461      -4.15995451937329133E-002
   71.684615384615384      -3.46861090600183858E-002
   72.182692307692307      -2.80110116589802997E-002
   72.680769230769229      -2.16140721837799338E-002
   73.178846153846152      -1.55474822905755702E-002
   73.676923076923075      -9.85107366816217328E-003
   74.174999999999997      -4.51078924621731072E-003
   74.673076923076920       5.62626632061897711E-004
   75.171153846153842       5.50716652136007141E-003
   75.669230769230765       1.04387319211471201E-002
   76.167307692307688       1.53705251312508256E-002
   76.665384615384610       2.01673071101544019E-002
   77.163461538461533       2.45613909059200809E-002
   77.661538461538470       2.82234007807361173E-002
   78.159615384615392       3.08524083186554436E-002
   78.657692307692315       3.22437352202298716E-002
   79.155769230769238       3.23101834190048370E-002
   79.653846153846160       3.10607993853664471E-002
   80.151923076923083       2.85625494134637350E-002
   80.650000000000006       2.49131404313149597E-002
   81.148076923076928       2.02390375696697468E-002
   81.646153846153851       1.47129616719432442E-002
   82.144230769230774       8.57278396007304239E-003
   82.642307692307696       2.12498547304298090E-003
   83.140384615384619      -4.27267990127441419E-003
   83.638461538461542      -1.02423076866957584E-002
   84.136538461538464      -1.54187356337472884E-002
   84.634615384615387      -1.94764393868795856E-002
   85.132692307692309      -2.21512251466777985E-002
   85.630769230769232      -2.32628438620853077E-002
   86.128846153846155      -2.27421966749402453E-002
   86.626923076923077      -2.06581623785703737E-002
   87.125000000000000      -1.72307990196833398E-002
   87.623076923076923      -1.28166833991806423E-002
   88.121153846153845      -7.86097062662887390E-003
   88.619230769230768      -2.82554208549823816E-003
   89.117307692307691       1.88473692205793058E-003
   89.615384615384613       5.97268834131511796E-003
   90.113461538461536       9.26073776622795761E-003
   90.611538461538458       1.16656893133836176E-002
   91.109615384615381       1.31545788124247959E-002
   91.607692307692304       1.37072365197964553E-002
   92.105769230769226       1.33056689785112127E-002
   92.603846153846149       1.19548761920438042E-002
   93.101923076923072       9.72226376532290409E-003
   93.599999999999994       6.77221570287069117E-003
   94.098076923076931       3.37380121431110581E-003
   94.596153846153854      -1.28000504838179149E-004
   95.094230769230776      -3.37015425998264066E-003
   95.592307692307699      -6.03786833179997123E-003
   96.090384615384622      -7.91546069269635430E-003
   96.588461538461544      -8.90574311964294728E-003
   97.086538461538467      -9.01650445148530384E-003
   97.584615384615390      -8.32680283976228695E-003
   98.082692307692312      -6.95272771930834088E-003
   98.580769230769235      -5.02915717834542548E-003
   99.078846153846158      -2.71285930193784428E-003
   99.576923076923080      -1.98861512310301216E-004
   100.07500000000000       2.26699168241825504E-003
   100.57307692307693       4.39653971952197638E-003
   101.07115384615385       5.89722681405692277E-003
   101.56923076923077       6.53380848359430121E-003
   102.06730769230769       6.19533995444895586E-003
   102.56538461538462       4.94294428931638889E-003
   103.06346153846154       3.01755566040808271E-003
   103.56153846153846       7.99045174337310502E-004
   104.05961538461538      -1.27570642310825713E-003
   104.55769230769231      -2.81413770281628995E-003
   105.05576923076923      -3.56014370906687161E-003
   105.55384615384615      -3.45091549806612365E-003
   106.05192307692307      -2.62313569662166310E-003
   106.55000000000000      -1.36829246418604627E-003
   107.04807692307692      -5.12570194024973775E-005
   107.54615384615384       9.84455307483081930E-004
   108.04423076923077       1.49946001438574063E-003
   108.54230769230769       1.40932971047552928E-003
   109.04038461538461       7.93563016521213168E-004
   109.53846153846155      -1.35775471234831843E-004
   110.03653846153847      -1.09465320932532889E-003
   110.53461538461539      -1.80025213050317946E-003
   111.03269230769232      -2.03915764688320867E-003
   111.53076923076924      -1.71602199754489725E-003
   112.02884615384616      -8.73744880493092257E-004
   112.52692307692308       3.17283381702380550E-004
   113.02500000000001       1.59722108131417871E-003
   113.52307692307693       2.67358810465305463E-003
   114.02115384615385       3.28521588974985427E-003
   114.51923076923077       3.26053297633928504E-003
   115.01730769230770       2.55830876437284239E-003
   115.51538461538462       1.28199289290308461E-003
   116.01346153846154      -3.36353258091110180E-004
   116.51153846153846      -1.98047411271356621E-003
   117.00961538461539      -3.31444093763979403E-003
   117.50769230769231      -4.05409239804518321E-003
   118.00576923076923      -4.02985721328892599E-003
   118.50384615384615      -3.22653271257686584E-003
   119.00192307692308      -1.79023354759383336E-003
   119.50000000000000        0.0000000000000000     
