  -10.000000000000000        0.0000000000000000     
  -9.5019230769230774       2.04215707615957991E-005
  -9.0038461538461547      -6.70372183123726237E-006
  -8.5057692307692303      -1.96414172760331309E-005
  -8.0076923076923077       1.39583123557590769E-005
  -7.5096153846153850       1.59743055400725787E-005
  -7.0115384615384615      -1.73394286404401836E-005
  -6.5134615384615380      -1.59776871585653324E-005
  -6.0153846153846153       2.44594935259120735E-005
  -5.5173076923076927       1.18821144507144027E-005
  -5.0192307692307692      -3.00892218337635025E-005
  -4.5211538461538456      -2.69513900899747434E-006
  -4.0230769230769230       2.51730510938178001E-005
  -3.5250000000000004      -3.45351046150003382E-007
  -3.0269230769230768      -1.60794376827162687E-005
  -2.5288461538461533      -4.42178569635925669E-006
  -2.0307692307692307       5.77461363697247733E-006
  -1.5326923076923080       1.75024333953484918E-005
  -1.0346153846153854      -1.86702002899719780E-006
 -0.53653846153846096      -3.42896776382657550E-005
 -3.84615384615383249E-002  8.49268927756396637E-006
  0.45961538461538431       3.70810881696592698E-005
  0.95769230769230873      -1.57877167030070513E-005
   1.4557692307692314      -2.51136514646698869E-005
   1.9538461538461540       5.12632297594521292E-006
   2.4519230769230766       8.08447222804321806E-006
   2.9499999999999993       1.17474908071534620E-005
   3.4480769230769237      -1.32641477995331616E-006
   3.9461538461538463      -3.03042058455796969E-005
   4.4442307692307690      -1.61971477487537978E-005
   4.9423076923076934       3.39738299277432906E-005
   5.4403846153846160       2.02296375975870889E-005
   5.9384615384615387      -4.68381704895792290E-005
   6.4365384615384613      -3.84866429935419390E-005
   6.9346153846153840       1.66517707874202456E-005
   7.4326923076923066       2.05627577479652152E-005
   7.9307692307692292      -2.31335827532077775E-005
   8.4288461538461554      -4.71585166245774531E-005
   8.9269230769230781      -3.95823594089992134E-005
   9.4250000000000007      -2.14072279246772603E-005
   9.9230769230769234      -1.29265660831187175E-005
   10.421153846153846      -3.79232509128991506E-005
   10.919230769230769      -8.43864436144503241E-005
   11.417307692307691      -1.08810925719028326E-004
   11.915384615384617      -8.74412499773565553E-005
   12.413461538461540      -8.19596522173907105E-005
   12.911538461538463      -1.21458451291695123E-004
   13.409615384615385      -1.94706071924633569E-004
   13.907692307692308      -2.55630650575725850E-004
   14.405769230769231      -2.72627425699476108E-004
   14.903846153846153      -2.92469716130849778E-004
   15.401923076923076      -3.46250733657962276E-004
   15.899999999999999      -4.67856737831387839E-004
   16.398076923076925      -6.32145129284465376E-004
   16.896153846153847      -7.35470215761555328E-004
   17.394230769230770      -7.99739882550728077E-004
   17.892307692307693      -9.34926301730393261E-004
   18.390384615384615      -1.17686624524323191E-003
   18.888461538461538      -1.48700049192994430E-003
   19.386538461538461      -1.77118478270297261E-003
   19.884615384615387      -2.00382486835501113E-003
   20.382692307692309      -2.32214971906430411E-003
   20.880769230769232      -2.80908166814308703E-003
   21.378846153846155      -3.36875685085142066E-003
   21.876923076923077      -3.93922204797815360E-003
   22.375000000000000      -4.57797605607923076E-003
   22.873076923076923      -5.32524715069296762E-003
   23.371153846153845      -6.18444366913417816E-003
   23.869230769230768      -7.17253187566521243E-003
   24.367307692307691      -8.29349491323969068E-003
   24.865384615384613      -9.55383821462689985E-003
   25.363461538461536      -1.09885305598007160E-002
   25.861538461538458      -1.25829761504522436E-002
   26.359615384615388      -1.42730051748147357E-002
   26.857692307692311      -1.61016737785507624E-002
   27.355769230769234      -1.82207375985537698E-002
   27.853846153846156      -2.06577449969189732E-002
   28.351923076923079      -2.32468211753326381E-002
   28.850000000000001      -2.58702000086792581E-002
   29.348076923076924      -2.86234462137392176E-002
   29.846153846153847      -3.16661752164797416E-002
   30.344230769230769      -3.50177188047994734E-002
   30.842307692307692      -3.85565049201362156E-002
   31.340384615384615      -4.21421749275250890E-002
   31.838461538461537      -4.57059174154293701E-002
   32.336538461538460      -4.92830602965680098E-002
   32.834615384615383      -5.29671118867581781E-002
   33.332692307692305      -5.67698447678096144E-002
   33.830769230769235      -6.05263626560524348E-002
   34.328846153846158      -6.40064149345482974E-002
   34.826923076923080      -6.71222008253704316E-002
   35.325000000000003      -6.99504374468518791E-002
   35.823076923076925      -7.25321050321644789E-002
   36.321153846153848      -7.47311625239190647E-002
   36.819230769230771      -7.63392267644778383E-002
   37.317307692307693      -7.72575512264803560E-002
   37.815384615384616      -7.75038870984937345E-002
   38.313461538461539      -7.70697087863781993E-002
   38.811538461538461      -7.58540245318271994E-002
   39.309615384615384      -7.37560289535401509E-002
   39.807692307692307      -7.07772266503264025E-002
   40.305769230769229      -6.69970845574093393E-002
   40.803846153846152      -6.24782025651303904E-002
   41.301923076923075      -5.72337284471311492E-002
   41.799999999999997      -5.12796145587182881E-002
   42.298076923076927      -4.46910799193624766E-002
   42.796153846153850      -3.76140559202851679E-002
   43.294230769230772      -3.02539890737837935E-002
   43.792307692307695      -2.28588123335569451E-002
   44.290384615384617      -1.56746857365778515E-002
   44.788461538461540      -8.88220163075907967E-003
   45.286538461538463      -2.58436882116614385E-003
   45.784615384615385       3.10675364893684986E-003
   46.282692307692308       7.95810648354092903E-003
   46.780769230769231       1.16164119068668144E-002
   47.278846153846153       1.37584167592427632E-002
   47.776923076923076       1.42577618521072379E-002
   48.274999999999999       1.31994806887424983E-002
   48.773076923076921       1.07260355826153779E-002
   49.271153846153844       6.87475306004620926E-003
   49.769230769230774       1.57113946317923026E-003
   50.267307692307696      -5.22377315874524625E-003
   50.765384615384619      -1.33659105393036642E-002
   51.263461538461542      -2.25175104442970619E-002
   51.761538461538464      -3.22627985022124336E-002
   52.259615384615387      -4.22276976128826004E-002
   52.757692307692309      -5.21086633351315262E-002
   53.255769230769232      -6.16261583727842899E-002
   53.753846153846155      -7.04833587750782059E-002
   54.251923076923077      -7.83767683571107987E-002
   54.750000000000000      -8.50340551644638842E-002
   55.248076923076923      -9.02325877844648572E-002
   55.746153846153845      -9.37924078090180274E-002
   56.244230769230768      -9.55780902393056075E-002
   56.742307692307691      -9.55323179278445150E-002
   57.240384615384613      -9.37169129122462641E-002
   57.738461538461536      -9.03146792133983495E-002
   58.236538461538458      -8.55774814672726342E-002
   58.734615384615381      -7.97583483893079259E-002
   59.232692307692304      -7.30804772332358937E-002
   59.730769230769226      -6.57572824845381182E-002
   60.228846153846149      -5.80263182962868079E-002
   60.726923076923072      -5.01492256031244171E-002
   61.224999999999994      -4.23688902548964713E-002
   61.723076923076917      -3.48613309767244334E-002
   62.221153846153854      -2.77254941804595083E-002
   62.719230769230776      -2.10147838140800278E-002
   63.217307692307699      -1.47717132152487274E-002
   63.715384615384622      -9.02571817901843404E-003
   64.213461538461544      -3.75583773603550743E-003
   64.711538461538467       1.13702192810775319E-003
   65.209615384615390       5.80312258243540369E-003
   65.707692307692312       1.03628529600009456E-002
   66.205769230769235       1.48236115618865603E-002
   66.703846153846158       1.90564926588551314E-002
   67.201923076923080       2.28521264513681654E-002
   67.700000000000003       2.60149391477726075E-002
   68.198076923076925       2.84272872810477119E-002
   68.696153846153848       3.00416127493596183E-002
   69.194230769230771       3.08170806294662813E-002
   69.692307692307693       3.06598428076308577E-002
   70.190384615384616       2.94208074299826747E-002
   70.688461538461539       2.69587874819290051E-002
   71.186538461538461       2.32281364863703849E-002
   71.684615384615384       1.83350968765403424E-002
   72.182692307692307       1.25333770662618901E-002
   72.680769230769229       6.17245643513775893E-003
   73.178846153846152      -3.62128404336482454E-004
   73.676923076923075      -6.68504110891096019E-003
   74.174999999999997      -1.24221220499981834E-002
   74.673076923076920      -1.72186265090484569E-002
   75.171153846153842      -2.07668071007301135E-002
   75.669230769230765      -2.28524030696144083E-002
   76.167307692307688      -2.33958811309787074E-002
   76.665384615384610      -2.24602395355102645E-002
   77.163461538461533      -2.02169967024413665E-002
   77.661538461538470      -1.68904194135088385E-002
   78.159615384615392      -1.27149646604307366E-002
   78.657692307692315      -7.93042005058693100E-003
   79.155769230769238      -2.81046119405684199E-003
   79.653846153846160       2.30612291904383222E-003
   80.151923076923083       7.01751971948552395E-003
   80.650000000000006       1.09102975664266254E-002
   81.148076923076928       1.36442015744158342E-002
   81.646153846153851       1.50315126742728046E-002
   82.144230769230774       1.50727024049993469E-002
   82.642307692307696       1.39330793322903039E-002
   83.140384615384619       1.18756079639772468E-002
   83.638461538461542       9.18475214784361844E-003
   84.136538461538464       6.11485815777021349E-003
   84.634615384615387       2.87755670740120432E-003
   85.132692307692309      -3.40820794158063021E-004
   85.630769230769232      -3.35478196030898276E-003
   86.128846153846155      -5.96937488981023369E-003
   86.626923076923077      -7.99186668296392871E-003
   87.125000000000000      -9.25847184360182977E-003
   87.623076923076923      -9.66220496434265150E-003
   88.121153846153845      -9.17109836312812732E-003
   88.619230769230768      -7.83468186464351089E-003
   89.117307692307691      -5.78325298943452911E-003
   89.615384615384613      -3.22430241459823776E-003
   90.113461538461536      -4.34582616473550790E-004
   90.611538461538458       2.25955462261898934E-003
   91.109615384615381       4.52077203600261684E-003
   91.607692307692304       6.05753013912894208E-003
   92.105769230769226       6.68630991914559349E-003
   92.603846153846149       6.37801458670877487E-003
   93.101923076923072       5.26840390635632469E-003
   93.599999999999994       3.62423768276152070E-003
   94.098076923076931       1.77425944175558419E-003
   94.596153846153854       2.86565892374263803E-005
   95.094230769230776      -1.38519662970237900E-003
   95.592307692307699      -2.35121336027139215E-003
   96.090384615384622      -2.85431663454343079E-003
   96.588461538461544      -2.94487132695938139E-003
   97.086538461538467      -2.69964632256125634E-003
   97.584615384615390      -2.19790798474818212E-003
   98.082692307692312      -1.51902476649189459E-003
   98.580769230769235      -7.53806201833586505E-004
   99.078846153846158      -1.34150772596359916E-005
   99.576923076923080       5.78584615943735728E-004
   100.07500000000000       9.14805775828602731E-004
   100.57307692307693       9.43267314505257686E-004
   101.07115384615385       6.97998232671099422E-004
   101.56923076923077       3.02142531542422634E-004
   102.06730769230769      -6.47923571528853496E-005
   102.56538461538462      -2.27899267678233252E-004
   103.06346153846154      -8.43425696535232455E-005
   103.56153846153846       3.49781234896179511E-004
   104.05961538461538       9.34195547586624776E-004
   104.55769230769231       1.44638243126723456E-003
   105.05576923076923       1.65782832840871827E-003
   105.55384615384615       1.41778965199058828E-003
   106.05192307692307       7.14063926681162168E-004
   106.55000000000000      -3.11867414932786061E-004
   107.04807692307692      -1.40166397543877710E-003
   107.54615384615384      -2.25688193148024371E-003
   108.04423076923077      -2.62999789608643359E-003
   108.54230769230769      -2.39985744957366652E-003
   109.04038461538461      -1.60791293997166059E-003
   109.53846153846155      -4.45370126311913023E-004
   110.03653846153847       8.02589741072112350E-004
   110.53461538461539       1.83655377548581694E-003
   111.03269230769232       2.42194864689518688E-003
   111.53076923076924       2.44526868773133239E-003
   112.02884615384616       1.93413947661174733E-003
   112.52692307692308       1.03954819034605701E-003
   113.02500000000001      -1.08945702786168719E-005
   113.52307692307693      -9.73313500770403616E-004
   114.02115384615385      -1.64494064654657269E-003
   114.51923076923077      -1.90524331755555611E-003
   115.01730769230770      -1.73367063482855201E-003
   115.51538461538462      -1.20355159913181466E-003
   116.01346153846154      -4.57060558258290200E-004
   116.51153846153846       3.30744857534186784E-004
   117.00961538461539       9.90131076797471591E-004
   117.50769230769231       1.38966529096546916E-003
   118.00576923076923       1.45876858996163233E-003
   118.50384615384615       1.19725318509781090E-003
   119.00192307692308       6.71643224874525014E-004
   119.50000000000000        0.0000000000000000     
