  -10.000000000000000        0.0000000000000000     
  -9.5019230769230774      -7.68308068174417273E-004
  -9.0038461538461547      -1.54378737790943706E-003
  -8.5057692307692303      -2.34839477027700295E-003
  -8.0076923076923077      -3.20462019677718703E-003
  -7.5096153846153850      -4.09581568917734718E-003
  -7.0115384615384615      -5.05076751621097875E-003
  -6.5134615384615380      -6.11075671561915612E-003
  -6.0153846153846153      -7.25261662473135598E-003
  -5.5173076923076927      -8.47468259305880940E-003
  -5.0192307692307692      -9.82899455615670117E-003
  -4.5211538461538456      -1.13468800933841079E-002
  -4.0230769230769230      -1.29676815773787750E-002
  -3.5250000000000004      -1.47106033715938278E-002
  -3.0269230769230768      -1.66699583506032083E-002
  -2.5288461538461533      -1.87931849316761816E-002
  -2.0307692307692307      -2.10393607307029738E-002
  -1.5326923076923080      -2.34720660773111503E-002
  -1.0346153846153854      -2.61032369897344803E-002
 -0.53653846153846096      -2.88977230565006862E-002
 -3.84615384615383249E-002 -3.18419485847536987E-002
  0.45961538461538431      -3.49177905705428462E-002
  0.95769230769230873      -3.81386874324114167E-002
   1.4557692307692314      -4.15096007410728565E-002
   1.9538461538461540      -4.49403963844244234E-002
   2.4519230769230766      -4.83747030774610773E-002
   2.9499999999999993      -5.18552558792622700E-002
   3.4480769230769237      -5.53587617768910370E-002
   3.9461538461538463      -5.87348440413560727E-002
   4.4442307692307690      -6.19345044537671155E-002
   4.9423076923076934      -6.49865204617049441E-002
   5.4403846153846160      -6.77843883816727916E-002
   5.9384615384615387      -7.02461662275526699E-002
   6.4365384615384613      -7.23204365970581547E-002
   6.9346153846153840      -7.39050727519491718E-002
   7.4326923076923066      -7.49539629982407113E-002
   7.9307692307692292      -7.54706698255678959E-002
   8.4288461538461554      -7.53551368277635275E-002
   8.9269230769230781      -7.44743602606491029E-002
   9.4250000000000007      -7.28544504857930458E-002
   9.9230769230769234      -7.05629725057800722E-002
   10.421153846153846      -6.75398828823752378E-002
   10.919230769230769      -6.37214139657649170E-002
   11.417307692307691      -5.91684126200921132E-002
   11.915384615384617      -5.39997457452900329E-002
   12.413461538461540      -4.82944691108063914E-002
   12.911538461538463      -4.21129110588670807E-002
   13.409615384615385      -3.55669104472413067E-002
   13.907692307692308      -2.87868624055010423E-002
   14.405769230769231      -2.19795734864948744E-002
   14.903846153846153      -1.53460067381654720E-002
   15.401923076923076      -9.04612798907084188E-003
   15.899999999999999      -3.24337217444411758E-003
   16.398076923076925       1.89445086883329589E-003
   16.896153846153847       6.12532299672604794E-003
   17.394230769230770       9.24455908527853018E-003
   17.892307692307693       1.11508045968328022E-002
   18.390384615384615       1.17356252688293472E-002
   18.888461538461538       1.09308981841714416E-002
   19.386538461538461       8.70244010202162951E-003
   19.884615384615387       4.98547785753555243E-003
   20.382692307692309      -1.83532786941056729E-004
   20.880769230769232      -6.63356200264641777E-003
   21.378846153846155      -1.41730917640420888E-002
   21.876923076923077      -2.26028536954534232E-002
   22.375000000000000      -3.17339306647242692E-002
   22.873076923076923      -4.13664303928448704E-002
   23.371153846153845      -5.11387353580645479E-002
   23.869230769230768      -6.05917040343075183E-002
   24.367307692307691      -6.94305886096838049E-002
   24.865384615384613      -7.74921323899399189E-002
   25.363461538461536      -8.45120915311004806E-002
   25.861538461538458      -9.01475207839115139E-002
   26.359615384615388      -9.41486074687195029E-002
   26.857692307692311      -9.63937994305509721E-002
   27.355769230769234      -9.68587336312994873E-002
   27.853846153846156      -9.55863023256655481E-002
   28.351923076923079      -9.26174635115650929E-002
   28.850000000000001      -8.80038830797684329E-002
   29.348076923076924      -8.19309955323238165E-002
   29.846153846153847      -7.47099613425663278E-002
   30.344230769230769      -6.66132343488390344E-002
   30.842307692307692      -5.78548039390129054E-002
   31.340384615384615      -4.87380816322202579E-002
   31.838461538461537      -3.96447116965557012E-002
   32.336538461538460      -3.08361313245840221E-002
   32.834615384615383      -2.24106153420741382E-002
   33.332692307692305      -1.44863628545420856E-002
   33.830769230769235      -7.28683580363115313E-003
   34.328846153846158      -9.89883552414399376E-004
   34.826923076923080       4.41364944878414305E-003
   35.325000000000003       9.06431363020067209E-003
   35.823076923076925       1.30936510506025235E-002
   36.321153846153848       1.65553718148710866E-002
   36.819230769230771       1.94395110011411042E-002
   37.317307692307693       2.17376345716220921E-002
   37.815384615384616       2.35284593819920437E-002
   38.313461538461539       2.49827662862688697E-002
   38.811538461538461       2.62167538742066365E-002
   39.309615384615384       2.71349376956209545E-002
   39.807692307692307       2.74864820967164469E-002
   40.305769230769229       2.71022236663372058E-002
   40.803846153846152       2.60174876550100867E-002
   41.301923076923075       2.43268553776170397E-002
   41.799999999999997       2.19826969063348122E-002
   42.298076923076927       1.88174641265789790E-002
   42.796153846153850       1.47552727098342502E-002
   43.294230769230772       9.93838533616809433E-003
   43.792307692307695       4.63988070957590572E-003
   44.290384615384617      -8.83238437468875960E-004
   44.788461538461540      -6.41253520662192836E-003
   45.286538461538463      -1.16906787539773314E-002
   45.784615384615385      -1.63918628287915008E-002
   46.282692307692308      -2.01881456916139373E-002
   46.780769230769231      -2.28248747360234559E-002
   47.278846153846153      -2.41343852245073619E-002
   47.776923076923076      -2.40191806425565195E-002
   48.274999999999999      -2.24603527091998788E-002
   48.773076923076921      -1.95436314730139497E-002
   49.271153846153844      -1.54628248617017343E-002
   49.769230769230774      -1.05008312219643796E-002
   50.267307692307696      -5.01797349615555697E-003
   50.765384615384619       5.59012147276727496E-004
   51.263461538461542       5.78900737807456784E-003
   51.761538461538464       1.03077533847210894E-002
   52.259615384615387       1.38834046075243210E-002
   52.757692307692309       1.63755074494735600E-002
   53.255769230769232       1.76469617055918133E-002
   53.753846153846155       1.75510439819137887E-002
   54.251923076923077       1.60411708347835066E-002
   54.750000000000000       1.33001133380461541E-002
   55.248076923076923       9.73646264118617315E-003
   55.746153846153845       5.82023839880598231E-003
   56.244230769230768       1.89667071019130988E-003
   56.742307692307691      -1.85762353553586184E-003
   57.240384615384613      -5.31766148876651294E-003
   57.738461538461536      -8.27368122891698407E-003
   58.236538461538458      -1.04248348732688297E-002
   58.734615384615381      -1.15114875135866775E-002
   59.232692307692304      -1.14585715364798352E-002
   59.730769230769226      -1.04038729610379261E-002
   60.228846153846149      -8.60370071526276453E-003
   60.726923076923072      -6.31297075715271053E-003
   61.224999999999994      -3.73274296616551027E-003
   61.723076923076917      -1.03366737208964669E-003
   62.221153846153854       1.60293849203610450E-003
   62.719230769230776       3.97676995788102429E-003
   63.217307692307699       5.89216060231646972E-003
   63.715384615384622       7.18405690040068833E-003
   64.213461538461544       7.73299312761907640E-003
   64.711538461538467       7.48209828454375527E-003
   65.209615384615390       6.46576102375912704E-003
   65.707692307692312       4.83115523881427929E-003
   66.205769230769235       2.82055534848114735E-003
   66.703846153846158       7.08323531243488288E-004
   67.201923076923080      -1.27138928219205178E-003
   67.700000000000003      -2.95753162904120520E-003
   68.198076923076925      -4.24118189044780068E-003
   68.696153846153848      -5.02577737884312651E-003
   69.194230769230771      -5.21937428851305778E-003
   69.692307692307693      -4.77563074945346142E-003
   70.190384615384616      -3.74922279712011424E-003
   70.688461538461539      -2.31283181167277110E-003
   71.186538461538461      -7.13893840841697000E-004
   71.684615384615384       8.00401565625252429E-004
   72.182692307692307       2.03903315330160404E-003
   72.680769230769229       2.87740440134050994E-003
   73.178846153846152       3.24010505884129172E-003
   73.676923076923075       3.09566273428624108E-003
   74.174999999999997       2.48117699318896800E-003
   74.673076923076920       1.53282313499322298E-003
   75.171153846153842       4.78240534440483407E-004
   75.669230769230765      -4.29370824917748467E-004
   76.167307692307688      -1.00699028527539611E-003
   76.665384615384610      -1.20817094256340791E-003
   77.163461538461533      -1.11649335327775458E-003
   77.661538461538470      -8.73510077462542976E-004
   78.159615384615392      -5.94297339165624763E-004
   78.657692307692315      -3.27870705511824868E-004
   79.155769230769238      -8.03297403670737153E-005
   79.653846153846160       1.31625002908736146E-004
   80.151923076923083       2.50400173085647934E-004
   80.650000000000006       2.01215221485745140E-004
   81.148076923076928      -4.62072619987443007E-005
   81.646153846153851      -4.27128620599315895E-004
   82.144230769230774      -7.86081892010891256E-004
   82.642307692307696      -9.41063301264801421E-004
   83.140384615384619      -7.71143230295957176E-004
   83.638461538461542      -2.76302327533622428E-004
   84.136538461538464       4.21534095406521652E-004
   84.634615384615387       1.12976821427391346E-003
   85.132692307692309       1.65483837084450577E-003
   85.630769230769232       1.85569250514760185E-003
   86.128846153846155       1.66711875805532921E-003
   86.626923076923077       1.10168369290363855E-003
   87.125000000000000       2.46092421807383890E-004
   87.623076923076923      -7.42905451098570366E-004
   88.121153846153845      -1.65331837383072200E-003
   88.619230769230768      -2.25743617999727688E-003
   89.117307692307691      -2.37636758713441216E-003
   89.615384615384613      -1.94806813772126111E-003
   90.113461538461536      -1.06474055386637833E-003
   90.611538461538458       4.59707598887417693E-005
   91.109615384615381       1.09466622821599059E-003
   91.607692307692304       1.82815946206180938E-003
   92.105769230769226       2.10784774846946689E-003
   92.603846153846149       1.93569502987278575E-003
   93.101923076923072       1.42352601659928362E-003
   93.599999999999994       7.29819140849235527E-004
   94.098076923076931       2.74000666779326135E-007
   94.596153846153854      -6.61187569659364639E-004
   95.094230769230776      -1.18745161919889177E-003
   95.592307692307699      -1.52689306841624194E-003
   96.090384615384622      -1.62994707314321292E-003
   96.588461538461544      -1.45765822644043663E-003
   97.086538461538467      -1.00775630341340535E-003
   97.584615384615390      -3.39592271840275656E-004
   98.082692307692312       4.21889438818765015E-004
   98.580769230769235       1.11127597950611522E-003
   99.078846153846158       1.56858521304379067E-003
   99.576923076923080       1.68656745899852553E-003
   100.07500000000000       1.44025837550096044E-003
   100.57307692307693       8.89636013288966029E-004
   101.07115384615385       1.59020860150422140E-004
   101.56923076923077      -5.95109624609700683E-004
   102.06730769230769      -1.21631092662570365E-003
   102.56538461538462      -1.57470071348679097E-003
   103.06346153846154      -1.58823162495853550E-003
   103.56153846153846      -1.24053971009441114E-003
   104.05961538461538      -5.93366833116086003E-004
   104.55769230769231       2.13724511489708378E-004
   105.05576923076923       9.84897102391090818E-004
   105.55384615384615       1.51350432236739899E-003
   106.05192307692307       1.64272097164531181E-003
   106.55000000000000       1.32157619057982046E-003
   107.04807692307692       6.32918765607401587E-004
   107.54615384615384      -2.22799902399299632E-004
   108.04423076923077      -9.87535191928793927E-004
   108.54230769230769      -1.43043471368201969E-003
   109.04038461538461      -1.42639516722846719E-003
   109.53846153846155      -9.98112285280875096E-004
   110.03653846153847      -3.05061457906855471E-004
   110.53461538461539       4.16205221678098028E-004
   111.03269230769232       9.36948543395633017E-004
   111.53076923076924       1.11368140099541314E-003
   112.02884615384616       9.29886773492643193E-004
   112.52692307692308       4.89175585910334360E-004
   113.02500000000001      -3.34608480527672468E-005
   113.52307692307693      -4.60312632541894995E-004
   114.02115384615385      -6.72177403458258378E-004
   114.51923076923077      -6.40602546669765977E-004
   115.01730769230770      -4.23080332598341549E-004
   115.51538461538462      -1.28117463966980903E-004
   116.01346153846154       1.32457058923823661E-004
   116.51153846153846       2.84164247767836791E-004
   117.00961538461539       3.09236053742464206E-004
   117.50769230769231       2.40607166351616776E-004
   118.00576923076923       1.36911845702346075E-004
   118.50384615384615       5.14898992585991117E-005
   119.00192307692308       9.18409369424108514E-006
   119.50000000000000        0.0000000000000000     
