  -10.000000000000000        0.0000000000000000     
  -9.5019230769230774      -2.44695687346968256E-004
  -9.0038461538461547      -3.28694938314285246E-004
  -8.5057692307692303      -1.72113219557504769E-004
  -8.0076923076923077       1.12672864411697272E-004
  -7.5096153846153850       3.76167098364700125E-004
  -7.0115384615384615       5.58056774555654124E-004
  -6.5134615384615380       4.76361216665661447E-004
  -6.0153846153846153       2.87575651041411845E-005
  -5.5173076923076927      -5.52097840317218786E-004
  -5.0192307692307692      -9.49895362729149097E-004
  -4.5211538461538456      -9.24210199713897942E-004
  -4.0230769230769230      -4.33851564588637144E-004
  -3.5250000000000004       2.33834970554679578E-004
  -3.0269230769230768       7.23738164100050417E-004
  -2.5288461538461533       9.60295121450607716E-004
  -2.0307692307692307       1.06799670782823991E-003
  -1.5326923076923080       1.05509385215151971E-003
  -1.0346153846153854       7.50399010765193434E-004
 -0.53653846153846096       4.18928152895365908E-005
 -3.84615384615383249E-002 -9.16424372805308969E-004
  0.45961538461538431      -1.75637092235263041E-003
  0.95769230769230873      -2.13788884157613008E-003
   1.4557692307692314      -1.96818622278849102E-003
   1.9538461538461540      -1.41740104948495605E-003
   2.4519230769230766      -7.06342976000724570E-004
   2.9499999999999993       1.26094871538263856E-004
   3.4480769230769237       1.18377318002035881E-003
   3.9461538461538463       2.42222296370263801E-003
   4.4442307692307690       3.53131409289157358E-003
   4.9423076923076934       4.20070602289988534E-003
   5.4403846153846160       4.31607531889094658E-003
   5.9384615384615387       3.78777422486772149E-003
   6.4365384615384613       2.52440830287870791E-003
   6.9346153846153840       6.30007670610450987E-004
   7.4326923076923066      -1.74387841890703355E-003
   7.9307692307692292      -4.45820549136459205E-003
   8.4288461538461554      -7.22071241917833853E-003
   8.9269230769230781      -9.72309496944523746E-003
   9.4250000000000007      -1.16112980108914673E-002
   9.9230769230769234      -1.25448558118475967E-002
   10.421153846153846      -1.23752890775746596E-002
   10.919230769230769      -1.09662987422214052E-002
   11.417307692307691      -8.28635405140541043E-003
   11.915384615384617      -4.50783356204106488E-003
   12.413461538461540       2.86679241611279348E-004
   12.911538461538463       6.17855132174522943E-003
   13.409615384615385       1.31831167673769414E-002
   13.907692307692308       2.12051847303401375E-002
   14.405769230769231       3.01907523197664299E-002
   14.903846153846153       4.01111107343377071E-002
   15.401923076923076       5.07454039108642119E-002
   15.899999999999999       6.15669467228174977E-002
   16.398076923076925       7.18866061970158260E-002
   16.896153846153847       8.10818668621467176E-002
   17.394230769230770       8.86894488724554592E-002
   17.892307692307693       9.43493783981367851E-002
   18.390384615384615       9.77538569111792294E-002
   18.888461538461538       9.87081051071397458E-002
   19.386538461538461       9.72544187051337938E-002
   19.884615384615387       9.37293795857543216E-002
   20.382692307692309       8.86822285837618740E-002
   20.880769230769232       8.27005292109967705E-002
   21.378846153846155       7.62548234405575481E-002
   21.876923076923077       6.96444654643325611E-002
   22.375000000000000       6.30441233207720414E-002
   22.873076923076923       5.65857449889392225E-002
   23.371153846153845       5.04048216276012651E-002
   23.869230769230768       4.46229212504625702E-002
   24.367307692307691       3.92910776255667171E-002
   24.865384615384613       3.43448320485450556E-002
   25.363461538461536       2.96106978339372613E-002
   25.861538461538458       2.48695154786603458E-002
   26.359615384615388       1.99487393133436774E-002
   26.857692307692311       1.48013964557462407E-002
   27.355769230769234       9.53840402482863947E-003
   27.853846153846156       4.40459177045422236E-003
   28.351923076923079      -2.86619347181753074E-004
   28.850000000000001      -4.23057243044083764E-003
   29.348076923076924      -7.19151663023108890E-003
   29.846153846153847      -9.02790170765537664E-003
   30.344230769230769      -9.68142642174289747E-003
   30.842307692307692      -9.14214526368893610E-003
   31.340384615384615      -7.40856279518095975E-003
   31.838461538461537      -4.46028126598110256E-003
   32.336538461538460      -2.53529914634596093E-004
   32.834615384615383       5.25958749401737261E-003
   33.332692307692305       1.20955186935606963E-002
   33.830769230769235       2.01994144226388117E-002
   34.328846153846158       2.94134604669542415E-002
   34.826923076923080       3.94627033551832873E-002
   35.325000000000003       4.99625351323315786E-002
   35.823076923076925       6.04465690881542672E-002
   36.321153846153848       7.04093102704576035E-002
   36.819230769230771       7.93555930938853737E-002
   37.317307692307693       8.68483784721535423E-002
   37.815384615384616       9.25478286363732028E-002
   38.313461538461539       9.62369783696985087E-002
   38.811538461538461       9.78320995561479112E-002
   39.309615384615384       9.73784154761623277E-002
   39.807692307692307       9.50337612786922858E-002
   40.305769230769229       9.10439258885445135E-002
   40.803846153846152       8.57137574333142888E-002
   41.301923076923075       7.93778115517357746E-002
   41.799999999999997       7.23735803752856843E-002
   42.298076923076927       6.50193814180378138E-002
   42.796153846153850       5.75980023263505947E-002
   43.294230769230772       5.03463297686004146E-002
   43.792307692307695       4.34505209817703797E-002
   44.290384615384617       3.70458344588638355E-002
   44.788461538461540       3.12200115275922258E-002
   45.286538461538463       2.60190569169735167E-002
   45.784615384615385       2.14543553526535327E-002
   46.282692307692308       1.75102327585637124E-002
   46.780769230769231       1.41512804998501600E-002
   47.278846153846153       1.13289746542688911E-002
   47.776923076923076       8.98731576135578664E-003
   48.274999999999999       7.06737421799074131E-003
   48.773076923076921       5.51074713595985349E-003
   49.271153846153844       4.26201479694612514E-003
   49.769230769230774       3.27033343893870813E-003
   50.267307692307696       2.49032255891125289E-003
   50.765384615384619       1.88240631903746885E-003
   51.263461538461542       1.41275664842928166E-003
   51.761538461538464       1.05296588144607639E-003
   52.259615384615387       7.79553665953989757E-004
   52.757692307692309       5.73389561190264718E-004
   53.255769230769232       4.19091263746869521E-004
   53.753846153846155       3.04439884734561644E-004
   54.251923076923077       2.19838604328015288E-004
   54.750000000000000       1.57829335311923636E-004
   55.248076923076923       1.12673427950550224E-004
   55.746153846153845       7.99964859589805870E-005
   56.244230769230768       5.64935277533940082E-005
   56.742307692307691       3.96885235358370616E-005
   57.240384615384613       2.77413256975757522E-005
   57.738461538461536       1.92948178794263977E-005
   58.236538461538458       1.33554432103857489E-005
   58.734615384615381       9.20091263448259041E-006
   59.232692307692304       6.30967987542616924E-006
   59.730769230769226       4.30759148755890642E-006
   60.228846153846149       2.92790932726330698E-006
   60.726923076923072       1.98161890309227902E-006
   61.224999999999994       1.33556158071674376E-006
   61.723076923076917       8.96456689565562127E-007
   62.221153846153854       5.99315102998916188E-007
   62.719230769230776       3.99097654183030989E-007
   63.217307692307699       2.64750868249873300E-007
   63.715384615384622       1.74970509062526574E-007
   64.213461538461544       1.15211374419599097E-007
   64.711538461538467       7.55895164412081813E-008
   65.209615384615390       4.94191276909517724E-008
   65.707692307692312       3.21978184156489501E-008
   66.205769230769235       2.09066893224700885E-008
   66.703846153846158       1.35300742138508431E-008
   67.201923076923080       8.72768247199488733E-009
   67.700000000000003       5.61188077681117285E-009
   68.198076923076925       3.59711852415407592E-009
   68.696153846153848       2.29859872523075062E-009
   69.194230769230771       1.46439491373430925E-009
   69.692307692307693       9.30172963215015974E-010
   70.190384615384616       5.89118665211715923E-010
   70.688461538461539       3.72047062933985134E-010
   71.186538461538461       2.34299209127493926E-010
   71.684615384615384       1.47144086891895568E-010
   72.182692307692307       9.21583033863881787E-011
   72.680769230769229       5.75659718919191232E-011
   73.178846153846152       3.58638103512430491E-011
   73.676923076923075       2.22856453055828631E-011
   74.174999999999997       1.38130845359419966E-011
   74.673076923076920       8.54025392582354628E-012
   75.171153846153842       5.26723960513166479E-012
   75.669230769230765       3.24074313412265021E-012
   76.167307692307688       1.98917054263904939E-012
   76.665384615384610       1.21809599128489246E-012
   77.163461538461533       7.44198685323539628E-013
   77.661538461538470       4.53638165641267776E-013
   78.159615384615392       2.75904389471763082E-013
   78.657692307692315       1.67436693928686766E-013
   79.155769230769238       1.01391136734005999E-013
   79.653846153846160       6.12661570397910068E-014
   80.151923076923083       3.69424953144288406E-014
   80.650000000000006       2.22295196214867804E-014
   81.148076923076928       1.33488916251597723E-014
   81.646153846153851       7.99989581272821278E-015
   82.144230769230774       4.78475687157349967E-015
   82.642307692307696       2.85616954368273019E-015
   83.140384615384619       1.70164331139976896E-015
   83.638461538461542       1.01187094528125696E-015
   84.136538461538464       6.00572057533691992E-016
   84.634615384615387       3.55794824278014510E-016
   85.132692307692309       2.10396980848983376E-016
   85.630769230769232       1.24192504931768211E-016
   86.128846153846155       7.31775191896962685E-017
   86.626923076923077       4.30424096532847140E-017
   87.125000000000000       2.52733052582874063E-017
   87.623076923076923       1.48143925240152603E-017
   88.121153846153845       8.66905095133504788E-018
   88.619230769230768       5.06447621717095402E-018
   89.117307692307691       2.95380600222698109E-018
   89.615384615384613       1.71997782629704073E-018
   90.113461538461536       9.99921690768079781E-019
   90.611538461538458       5.80390149700539004E-019
   91.109615384615381       3.36351562514822008E-019
   91.607692307692304       1.94623170916408368E-019
   92.105769230769226       1.12442750621790673E-019
   92.603846153846149       6.48652636935558019E-020
   93.101923076923072       3.73632426409755520E-020
   93.599999999999994       2.14899925415340291E-020
   94.098076923076931       1.23422643383972580E-020
   94.596153846153854       7.07827934582382174E-021
   95.094230769230776       4.05361121229013403E-021
   95.592307692307699       2.31816933749315300E-021
   96.090384615384622       1.32386558311546575E-021
   96.588461538461544       7.54996902167019002E-022
   97.086538461538467       4.29987409930707698E-022
   97.584615384615390       2.44558200267957802E-022
   98.082692307692312       1.38909244825365007E-022
   98.580769230769235       7.87968572967993743E-023
   99.078846153846158       4.46397497893583925E-023
   99.576923076923080       2.52566583208536668E-023
   100.07500000000000       1.42717547909820460E-023
   100.57307692307693       8.05438106323189013E-024
   101.07115384615385       4.53989848540045891E-024
   101.56923076923077       2.55578927609944083E-024
   102.06730769230769       1.43705880973111520E-024
   102.56538461538462       8.07049558672553431E-025
   103.06346153846154       4.52696887356832720E-025
   103.56153846153846       2.53630710880762940E-025
   104.05961538461538       1.41934670172673265E-025
   104.55769230769231       7.93364348228217171E-026
   105.05576923076923       4.42954917502857913E-026
   105.55384615384615       2.47032490349949618E-026
   106.05192307692307       1.37613578982942362E-026
   106.55000000000000       7.65748315907324642E-027
   107.04807692307692       4.25630913658659022E-027
   107.54615384615384       2.36323744100150153E-027
   108.04423076923077       1.31073015729208280E-027
   108.54230769230769       7.26198832055929044E-028
   109.04038461538461       4.01919089361982828E-028
   109.53846153846155       2.22211738661818744E-028
   110.03653846153847       1.22728382952900841E-028
   110.53461538461539       6.77137687123539282E-029
   111.03269230769232       3.73221936185854282E-029
   111.53076923076924       2.05503734370501493E-029
   112.02884615384616       1.13041723614423528E-029
   112.52692307692308       6.21195598027547435E-030
   113.02500000000001       3.41029926200294569E-030
   113.52307692307693       1.87040221579575486E-030
   114.02115384615385       1.02484829570376192E-030
   114.51923076923077       5.61008317178153219E-031
   115.01730769230770       3.06807106135347050E-031
   115.51538461538462       1.67626663411651089E-031
   116.01346153846154       9.14907058770814654E-032
   116.51153846153846       4.98737304611039071E-032
   117.00961538461539       2.71328062491834508E-032
   117.50769230769231       1.46925715993673110E-032
   118.00576923076923       7.84678086606998533E-033
   118.50384615384615       3.99704638216832301E-033
   119.00192307692308       1.67706900284445660E-033
   119.50000000000000        0.0000000000000000     
