  -10.000000000000000        0.0000000000000000     
  -9.5019230769230774       4.67230584195415632E-005
  -9.0038461538461547       3.96060208221711086E-005
  -8.5057692307692303       9.20810012350159566E-005
  -8.0076923076923077       1.65965756582514155E-004
  -7.5096153846153850       1.39386295175850827E-004
  -7.0115384615384615       2.79815675092995385E-005
  -6.5134615384615380      -8.66595753094622856E-005
  -6.0153846153846153      -2.45191204505340794E-004
  -5.5173076923076927      -4.09566222889694970E-004
  -5.0192307692307692      -3.75820935022118505E-004
  -4.5211538461538456      -7.35252980045619027E-005
  -4.0230769230769230       3.91860206748315251E-004
  -3.5250000000000004       7.67362009273002237E-004
  -3.0269230769230768       7.43584535576355008E-004
  -2.5288461538461533       2.76545786334050014E-004
  -2.0307692307692307      -2.94096668374593014E-004
  -1.5326923076923080      -6.10063656032204136E-004
  -1.0346153846153854      -6.61800250994227179E-004
 -0.53653846153846096      -6.67768470811200146E-004
 -3.84615384615383249E-002 -6.80202716744673138E-004
  0.45961538461538431      -4.73754137066450588E-004
  0.95769230769230873       1.36458685837044925E-004
   1.4557692307692314       9.60757237645745764E-004
   1.9538461538461540       1.52766687950333432E-003
   2.4519230769230766       1.52194859946404261E-003
   2.9499999999999993       1.03832986613164096E-003
   3.4480769230769237       3.60961154602718569E-004
   3.9461538461538463      -3.58408898881990273E-004
   4.4442307692307690      -1.06710135647212936E-003
   4.9423076923076934      -1.64670866514143302E-003
   5.4403846153846160      -2.01092209940222869E-003
   5.9384615384615387      -2.15044369854050163E-003
   6.4365384615384613      -1.94015894481222215E-003
   6.9346153846153840      -1.26658239046921429E-003
   7.4326923076923066      -2.16356470323252796E-004
   7.9307692307692292       1.08445391494533996E-003
   8.4288461538461554       2.44763103543312825E-003
   8.9269230769230781       3.66266898148937588E-003
   9.4250000000000007       4.53052410716345971E-003
   9.9230769230769234       4.90614426540753046E-003
   10.421153846153846       4.65851255483040912E-003
   10.919230769230769       3.62754853846903712E-003
   11.417307692307691       1.86232864161084291E-003
   11.915384615384617      -5.23750294467114665E-004
   12.413461538461540      -3.40719185818041470E-003
   12.911538461538463      -6.44709901336958970E-003
   13.409615384615385      -9.17902387978665468E-003
   13.907692307692308      -1.13008703184947212E-002
   14.405769230769231      -1.26781832586072112E-002
   14.903846153846153      -1.31671798576231385E-002
   15.401923076923076      -1.26132535390715561E-002
   15.899999999999999      -1.09890678668319759E-002
   16.398076923076925      -8.38985406361222007E-003
   16.896153846153847      -4.84875882112185096E-003
   17.394230769230770      -2.11289199290229206E-004
   17.892307692307693       5.77067968442613460E-003
   18.390384615384615       1.32311086505161133E-002
   18.888461538461538       2.20752367031125038E-002
   19.386538461538461       3.20269822912495131E-002
   19.884615384615387       4.27336354033646601E-002
   20.382692307692309       5.38009854445810690E-002
   20.880769230769232       6.47457066608426030E-002
   21.378846153846155       7.49570185897375785E-002
   21.876923076923077       8.37552066980080528E-002
   22.375000000000000       9.05432584322285045E-002
   22.873076923076923       9.49643127079066174E-002
   23.371153846153845       9.69707186354046569E-002
   23.869230769230768       9.67741512363729378E-002
   24.367307692307691       9.47222184503157261E-002
   24.865384615384613       9.11804522709566134E-002
   25.363461538461536       8.64758362593436303E-002
   25.861538461538458       8.09056709452664197E-002
   26.359615384615388       7.47730665930391308E-002
   26.857692307692311       6.84018626650115535E-002
   27.355769230769234       6.21072447212038525E-002
   27.853846153846156       5.61331993093544188E-002
   28.351923076923079       5.05915383713099118E-002
   28.850000000000001       4.54379329393223980E-002
   29.348076923076924       4.05013555121240126E-002
   29.846153846153847       3.55573565446395540E-002
   30.344230769230769       3.04165176335682574E-002
   30.842307692307692       2.49951311628270056E-002
   31.340384615384615       1.93452759257927293E-002
   31.838461538461537       1.36393714373147998E-002
   32.336538461538460       8.12140996841925755E-003
   32.834615384615383       3.04684396553066023E-003
   33.332692307692305      -1.36679328177283363E-003
   33.830769230769235      -4.96424299029067130E-003
   34.328846153846158      -7.64894867207510740E-003
   34.826923076923080      -9.35899476823473346E-003
   35.325000000000003      -1.00359991819331182E-002
   35.823076923076925      -9.60092509577041738E-003
   36.321153846153848      -7.94668313933865125E-003
   36.819230769230771      -4.95080426783741593E-003
   37.317307692307693      -5.04798634861644904E-004
   37.815384615384616       5.44799315512946997E-003
   38.313461538461539       1.28762010469069040E-002
   38.811538461538461       2.16350985643697820E-002
   39.309615384615384       3.14583000059234022E-002
   39.807692307692307       4.19685358443367684E-002
   40.305769230769229       5.27055532523859269E-002
   40.803846153846152       6.31661308924613418E-002
   41.301923076923075       7.28495498454008183E-002
   41.799999999999997       8.13016858794560343E-002
   42.298076923076927       8.81519294875164339E-002
   42.796153846153850       9.31389663686918445E-002
   43.294230769230772       9.61235828969168177E-002
   43.792307692307695       9.70886780056721549E-002
   44.290384615384617       9.61282664002328646E-002
   44.788461538461540       9.34282931674414868E-002
   45.286538461538463       8.92425233625069453E-002
   45.784615384615385       8.38666978531528440E-002
   46.282692307692308       7.76136932561214687E-002
   46.780769230769231       7.07917443730034374E-002
   47.278846153846153       6.36870277018913994E-002
   47.776923076923076       5.65511811056811503E-002
   48.274999999999999       4.95937267647637847E-002
   48.773076923076921       4.29789136652145715E-002
   49.271153846153844       3.68262115262624062E-002
   49.769230769230774       3.12135561565205708E-002
   50.267307692307696       2.61824382663347344E-002
   50.765384615384619       2.17440090875176059E-002
   51.263461538461542       1.78855122628576273E-002
   51.761538461538464       1.45765122575113731E-002
   52.259615384615387       1.17745515276702576E-002
   52.757692307692309       9.43001562521447213E-003
   53.255769230769232       7.49010783926559471E-003
   53.753846153846155       5.90192898606755733E-003
   54.251923076923077       4.61472382025216420E-003
   54.750000000000000       3.58139623902886065E-003
   55.248076923076923       2.75941544839103294E-003
   55.746153846153845       2.11123952005743201E-003
   56.244230769230768       1.60437606785263716E-003
   56.742307692307691       1.21118628590945621E-003
   57.240384615384613       9.08521683181420315E-004
   57.738461538461536       6.77265031465168281E-004
   58.236538461538458       5.01830038292612663E-004
   58.734615384615381       3.69659111366959538E-004
   59.232692307692304       2.70745820113560095E-004
   59.730769230769226       1.97198420652630612E-004
   60.228846153846149       1.42852974655924389E-004
   60.726923076923072       1.02938889589749774E-004
   61.224999999999994       7.37957948232262589E-005
   61.723076923076917       5.26381859867601791E-005
   62.221153846153854       3.73628801742377736E-005
   62.719230769230776       2.63937295271761696E-005
   63.217307692307699       1.85579929888555418E-005
   63.715384615384622       1.29890694247059680E-005
   64.213461538461544       9.05080124513049727E-006
   64.711538461538467       6.27915864310575202E-006
   65.209615384615390       4.33773682111873670E-006
   65.707692307692312       2.98409480633971225E-006
   66.205769230769235       2.04450711642779193E-006
   66.703846153846158       1.39517529311949247E-006
   67.201923076923080       9.48351454912713125E-007
   67.700000000000003       6.42162957111897559E-007
   68.198076923076925       4.33201959915521649E-007
   68.696153846153848       2.91163889109109060E-007
   69.194230769230771       1.94992624151238967E-007
   69.692307692307693       1.30125690098461198E-007
   70.190384615384616       8.65369806322511431E-008
   70.688461538461539       5.73539020891615075E-008
   71.186538461538461       3.78856342326731827E-008
   71.684615384615384       2.49438496184151315E-008
   72.182692307692307       1.63702712255967210E-008
   72.680769230769229       1.07096954017844537E-008
   73.178846153846152       6.98476557497517827E-009
   73.676923076923075       4.54154819588521666E-009
   74.174999999999997       2.94412750247005300E-009
   74.673076923076920       1.90297223659719955E-009
   75.171153846153842       1.22645993036151786E-009
   75.669230769230765       7.88207681354331356E-010
   76.167307692307688       5.05143857993618215E-010
   76.665384615384610       3.22847011220594738E-010
   77.163461538461533       2.05781043889201736E-010
   77.661538461538470       1.30815728848399175E-010
   78.159615384615392       8.29428906784611004E-011
   78.657692307692315       5.24542989047019989E-011
   79.155769230769238       3.30889794879374654E-011
   79.653846153846160       2.08210786995273774E-011
   80.151923076923083       1.30694529723331939E-011
   80.650000000000006       8.18393694422108099E-012
   81.148076923076928       5.11250518954587094E-012
   81.646153846153851       3.18630559316190857E-012
   82.144230769230774       1.98124618658139744E-012
   82.642307692307696       1.22914078059674582E-012
   83.140384615384619       7.60836676768431387E-013
   83.638461538461542       4.69917912927915705E-013
   84.136538461538464       2.89605696894150316E-013
   84.634615384615387       1.78098480527850373E-013
   85.132692307692309       1.09293543234739793E-013
   85.630769230769232       6.69303107963915413E-014
   86.128846153846155       4.09032483695317591E-014
   86.626923076923077       2.49466179347368875E-014
   87.125000000000000       1.51843601792194683E-014
   87.623076923076923       9.22410048205180755E-015
   88.121153846153845       5.59249711225353716E-015
   88.619230769230768       3.38417635416057584E-015
   89.117307692307691       2.04398027129879685E-015
   89.615384615384613       1.23221841375442060E-015
   90.113461538461536       7.41475032650390295E-016
   90.611538461538458       4.45362404432737582E-016
   91.109615384615381       2.67023132159701061E-016
   91.607692307692304       1.59813127668783009E-016
   92.105769230769226       9.54803424691244899E-017
   92.603846153846149       5.69459654800887835E-017
   93.101923076923072       3.39053913775591133E-017
   93.599999999999994       2.01530378578843757E-017
   94.098076923076931       1.19587890632930258E-017
   94.596153846153854       7.08463711697151125E-018
   95.094230769230776       4.19025407952581673E-018
   95.592307692307699       2.47436580701806645E-018
   96.090384615384622       1.45880267281791095E-018
   96.588461538461544       8.58709823343945787E-019
   97.086538461538467       5.04686321273453624E-019
   97.584615384615390       2.96162246925063669E-019
   98.082692307692312       1.73531615572514035E-019
   98.580769230769235       1.01525661029046733E-019
   99.078846153846158       5.93101136751659149E-020
   99.576923076923080       3.45974969843341491E-020
   100.07500000000000       2.01525842011221866E-020
   100.57307692307693       1.17217908678679509E-020
   101.07115384615385       6.80834019440389511E-021
   101.56923076923077       3.94892927869895317E-021
   102.06730769230769       2.28725690420047747E-021
   102.56538461538462       1.32298390498737685E-021
   103.06346153846154       7.64195758117544289E-022
   103.56153846153846       4.40830311436374985E-022
   104.05961538461538       2.53957619511860865E-022
   104.55769230769231       1.46110060839233806E-022
   105.05576923076923       8.39525846684361178E-023
   105.55384615384615       4.81758068553315468E-023
   106.05192307692307       2.76102729774665127E-023
   106.55000000000000       1.58039223795221878E-023
   107.04807692307692       9.03477148215018416E-024
   107.54615384615384       5.15861450322092355E-024
   108.04423076923077       2.94183308004969728E-024
   108.54230769230769       1.67562709334469064E-024
   109.04038461538461       9.53270983754543014E-025
   109.53846153846155       5.41676759335895105E-025
   110.03653846153847       3.07435456671741845E-025
   110.53461538461539       1.74286055139323096E-025
   111.03269230769232       9.86895565096027786E-026
   111.53076923076924       5.58193125008088769E-026
   112.02884615384616       3.15360487394220626E-026
   112.52692307692308       1.77968968068557987E-026
   113.02500000000001       1.00322905263185067E-026
   113.52307692307693       5.64909908349766964E-027
   114.02115384615385       3.17750106471439002E-027
   114.51923076923077       1.78534820432595362E-027
   115.01730769230770       1.00205498458319448E-027
   115.51538461538462       5.61802867259285584E-028
   116.01346153846154       3.14605125801831658E-028
   116.51153846153846       1.75920469649426691E-028
   117.00961538461539       9.81374652921585966E-029
   117.50769230769231       5.44509443232484539E-029
   118.00576923076923       2.97482332737028387E-029
   118.50384615384615       1.54502291767877962E-029
   119.00192307692308       6.57074777185444395E-030
   119.50000000000000        0.0000000000000000     
