  -10.000000000000000        0.0000000000000000     
  -9.5019230769230774       1.01706931974991259E-004
  -9.0038461538461547       1.68928859675479938E-004
  -8.5057692307692303       1.02471428799474418E-004
  -8.0076923076923077      -2.16865068831384580E-005
  -7.5096153846153850      -8.14628746844244455E-005
  -7.0115384615384615      -9.74713658109253498E-005
  -6.5134615384615380      -1.36425879858144726E-004
  -6.0153846153846153      -1.08083973770370221E-004
  -5.5173076923076927       3.48954094535791528E-005
  -5.0192307692307692       1.65707102633647638E-004
  -4.5211538461538456       2.33631237110505695E-004
  -4.0230769230769230       2.06080263531571381E-004
  -3.5250000000000004       2.70773677694548080E-005
  -3.0269230769230768      -2.21028386048356001E-004
  -2.5288461538461533      -3.75069447679437856E-004
  -2.0307692307692307      -3.44507310437690826E-004
  -1.5326923076923080      -1.19993795569985420E-004
  -1.0346153846153854       2.22058373753532213E-004
 -0.53653846153846096       4.93544923899352154E-004
 -3.84615384615383249E-002  5.08016306396110655E-004
  0.45961538461538431       2.51116011496053417E-004
  0.95769230769230873      -1.16210461410261399E-004
   1.4557692307692314      -4.00046307807336895E-004
   1.9538461538461540      -4.90891850513190610E-004
   2.4519230769230766      -4.12307291008592435E-004
   2.9499999999999993      -2.82317180349094627E-004
   3.4480769230769237      -1.42079794557795839E-004
   3.9461538461538463       1.31669760496891863E-004
   4.4442307692307690       5.71521427085337329E-004
   4.9423076923076934       9.06048053582397968E-004
   5.4403846153846160       8.60098390283070297E-004
   5.9384615384615387       4.41058765257189571E-004
   6.4365384615384613      -2.01755712207409661E-004
   6.9346153846153840      -8.16041971897056529E-004
   7.4326923076923066      -1.13819737911848321E-003
   7.9307692307692292      -1.12181400707698424E-003
   8.4288461538461554      -8.21470364455925868E-004
   8.9269230769230781      -3.52793711260349671E-004
   9.4250000000000007       1.93725724904577072E-004
   9.9230769230769234       7.41977051015944942E-004
   10.421153846153846       1.19318381216916678E-003
   10.919230769230769       1.50624647458428738E-003
   11.417307692307691       1.53931797203522825E-003
   11.915384615384617       1.21947305965758009E-003
   12.413461538461540       6.43539327795226231E-004
   12.911538461538463      -1.32256359386926335E-004
   13.409615384615385      -1.04375098147417122E-003
   13.907692307692308      -1.88214987216738915E-003
   14.405769230769231      -2.45525347473245703E-003
   14.903846153846153      -2.73104398449318516E-003
   15.401923076923076      -2.69296750644272553E-003
   15.899999999999999      -2.21165805759229641E-003
   16.398076923076925      -1.18053850915627863E-003
   16.896153846153847       3.08037691679327250E-004
   17.394230769230770       2.00478642517186749E-003
   17.892307692307693       3.66372962405722355E-003
   18.390384615384615       5.08538677218610662E-003
   18.888461538461538       6.03647508254205080E-003
   19.386538461538461       6.23344757920732233E-003
   19.884615384615387       5.47579884239572830E-003
   20.382692307692309       3.79909783200025426E-003
   20.880769230769232       1.47684486896334285E-003
   21.378846153846155      -1.13831760669789658E-003
   21.876923076923077      -3.78653799670883003E-003
   22.375000000000000      -6.34827941646326846E-003
   22.873076923076923      -8.76622225393455627E-003
   23.371153846153845      -1.09479890526811355E-002
   23.869230769230768      -1.27422838838038358E-002
   24.367307692307691      -1.39863909081269899E-002
   24.865384615384613      -1.45520788721257288E-002
   25.363461538461536      -1.43299032289019284E-002
   25.861538461538458      -1.31623537193368157E-002
   26.359615384615388      -1.07930130925480896E-002
   26.857692307692311      -6.89407748112501502E-003
   27.355769230769234      -1.17755771950300760E-003
   27.853846153846156       6.46540704839952858E-003
   28.351923076923079       1.58731557209122257E-002
   28.850000000000001       2.66165930128654526E-002
   29.348076923076924       3.80890772999895252E-002
   29.846153846153847       4.96330621227000848E-002
   30.344230769230769       6.06457028869280754E-002
   30.842307692307692       7.06303755662631705E-002
   31.340384615384615       7.91977861401602090E-002
   31.838461538461537       8.60460532025707214E-002
   32.336538461538460       9.09518091657745692E-002
   32.834615384615383       9.37872299768701678E-002
   33.332692307692305       9.45544067796810217E-002
   33.830769230769235       9.34129290660945244E-002
   34.328846153846158       9.06764981799609709E-002
   34.826923076923080       8.67681055641013194E-002
   35.325000000000003       8.21424344863910111E-002
   35.823076923076925       7.71989413791083073E-002
   36.321153846153848       7.22132008546421955E-002
   36.819230769230771       6.73068350185296732E-002
   37.317307692307693       6.24618900432441365E-002
   37.815384615384616       5.75703496760568770E-002
   38.313461538461539       5.24993294332990745E-002
   38.811538461538461       4.71502981034434276E-002
   39.309615384615384       4.14959683762928799E-002
   39.807692307692307       3.55882734160959668E-002
   40.305769230769229       2.95410990381877632E-002
   40.803846153846152       2.34987495520616180E-002
   41.301923076923075       1.76036692594480557E-002
   41.799999999999997       1.19747644902619740E-002
   42.298076923076927       6.70227958054353361E-003
   42.796153846153850       1.85877405300147007E-003
   43.294230769230772      -2.47958683030189038E-003
   43.792307692307695      -6.21009646727287232E-003
   44.290384615384617      -9.18758792121253560E-003
   44.788461538461540      -1.12217399374115786E-002
   45.286538461538463      -1.20899297395563581E-002
   45.784615384615385      -1.15638355491353706E-002
   46.282692307692308      -9.44468542728313029E-003
   46.780769230769231      -5.60021839720766575E-003
   47.278846153846153       3.72813276522908355E-006
   47.776923076923076       7.28277163825339843E-003
   48.274999999999999       1.60281411966582132E-002
   48.773076923076921       2.59162106950890370E-002
   49.271153846153844       3.65316706640635980E-002
   49.769230769230774       4.74006914926272879E-002
   50.267307692307696       5.80293527540751211E-002
   50.765384615384619       6.79424032758813717E-002
   51.263461538461542       7.67179547926183092E-002
   51.761538461538464       8.40147797440107119E-002
   52.259615384615387       8.95902237488232084E-002
   52.757692307692309       9.33081116632470398E-002
   53.255769230769232       9.51372286657185678E-002
   53.753846153846155       9.51418681750800521E-002
   54.251923076923077       9.34665006057313619E-002
   54.750000000000000       9.03168358903854579E-002
   55.248076923076923       8.59394778616197758E-002
   55.746153846153845       8.06020755391594068E-002
   56.244230769230768       7.45754495164234060E-002
   56.742307692307691       6.81186905614868804E-002
   57.240384615384613       6.14677579325134116E-002
   57.738461538461536       5.48276939873077115E-002
   58.236538461538458       4.83682474606024204E-002
   58.734615384615381       4.22224710907284709E-002
   59.232692307692304       3.64877272946132897E-002
   59.730769230769226       3.12284861523411048E-002
   60.228846153846149       2.64803156609590938E-002
   60.726923076923072       2.22545258901598840E-002
   61.224999999999994       1.85430180281865656E-002
   61.723076923076917       1.53229906284609672E-002
   62.221153846153854       1.25612563912533871E-002
   62.719230769230776       1.02180149389447909E-002
   63.217307692307699       8.25000507142826384E-003
   63.715384615384622       6.61302158407234882E-003
   64.213461538461544       5.26382674773085216E-003
   64.711538461538467       4.16151635006195304E-003
   65.209615384615390       3.26841703777349789E-003
   65.707692307692312       2.55059823479719845E-003
   66.205769230769235       1.97808082042276023E-003
   66.703846153846158       1.52481848715722043E-003
   67.201923076923080       1.16851834449091356E-003
   67.700000000000003       8.90356547065606924E-004
   68.198076923076925       6.74633731246344079E-004
   68.696153846153848       5.08404682126964999E-004
   69.194230769230771       3.81107436241138586E-004
   69.692307692307693       2.84209208930641399E-004
   70.190384615384616       2.10880184837473141E-004
   70.688461538461539       1.55701261219269582E-004
   71.186538461538461       1.14408143163797189E-004
   71.684615384615384       8.36715732197999200E-005
   72.182692307692307       6.09117392782440229E-005
   72.680769230769229       4.41438546045329677E-005
   73.178846153846152       3.18513723458470775E-005
   73.676923076923075       2.28831378834053440E-005
   74.174999999999997       1.63708767961397557E-005
   74.673076923076920       1.16636702132909627E-005
   75.171153846153842       8.27641219235010862E-006
   75.669230769230765       5.84962429686583953E-006
   76.167307692307688       4.11838559375241087E-006
   76.665384615384610       2.88849921329054158E-006
   77.163461538461533       2.01834624587316407E-006
   77.661538461538470       1.40516775779165493E-006
   78.159615384615392       9.74764482675348561E-007
   78.657692307692315       6.73812737644129221E-007
   79.155769230769238       4.64167597147000316E-007
   79.653846153846160       3.18664532211484220E-007
   80.151923076923083       2.18043097471005532E-007
   80.650000000000006       1.48705240936207654E-007
   81.148076923076928       1.01090509082002220E-007
   81.646153846153851       6.85044534331767170E-008
   82.144230769230774       4.62780430666861195E-008
   82.642307692307696       3.11674811650862399E-008
   83.140384615384619       2.09276811322768090E-008
   83.638461538461542       1.40105353556632677E-008
   84.136538461538464       9.35240949543237464E-009
   84.634615384615387       6.22512164011217517E-009
   85.132692307692309       4.13187859619108761E-009
   85.630769230769232       2.73490321426792912E-009
   86.128846153846155       1.80530208188542764E-009
   86.626923076923077       1.18847389220914184E-009
   87.125000000000000       7.80331454000991021E-010
   87.623076923076923       5.11017411755101278E-010
   88.121153846153845       3.33792351035836371E-010
   88.619230769230768       2.17479197616347917E-010
   89.117307692307691       1.41343512802656037E-010
   89.615384615384613       9.16361056949683287E-011
   90.113461538461536       5.92659629895713933E-011
   90.611538461538458       3.82390480194162958E-011
   91.109615384615381       2.46142427825741151E-011
   91.607692307692304       1.58073076833541097E-011
   92.105769230769226       1.01282720947443747E-011
   92.603846153846149       6.47489201294804355E-012
   93.101923076923072       4.13012121028375824E-012
   93.599999999999994       2.62868923677332884E-012
   94.098076923076931       1.66945482972813518E-012
   94.596153846153854       1.05799006705482102E-012
   95.094230769230776       6.69071056484053440E-013
   95.592307692307699       4.22239260005868654E-013
   96.090384615384622       2.65920869609396923E-013
   96.588461538461544       1.67134133142312852E-013
   97.086538461538467       1.04835420804986083E-013
   97.584615384615390       6.56284423256154621E-014
   98.082692307692312       4.10041764450749389E-014
   98.580769230769235       2.55697565914800606E-014
   99.078846153846158       1.59146811957038271E-014
   99.576923076923080       9.88672104655361152E-015
   100.07500000000000       6.13055148085898346E-015
   100.57307692307693       3.79445558570468603E-015
   101.07115384615385       2.34429154812393671E-015
   101.56923076923077       1.44575716612301742E-015
   102.06730769230769       8.90040675769100373E-016
   102.56538461538462       5.46970791571554444E-016
   103.06346153846154       3.35557565700285156E-016
   103.56153846153846       2.05507287561376638E-016
   104.05961538461538       1.25647318053440524E-016
   104.55769230769231       7.66925850571645075E-017
   105.05576923076923       4.67343157695842846E-017
   105.55384615384615       2.84320916102581444E-017
   106.05192307692307       1.72695111979849740E-017
   106.55000000000000       1.04726685402124871E-017
   107.04807692307692       6.34086305071039127E-018
   107.54615384615384       3.83319206275127172E-018
   108.04423076923077       2.31366957958547400E-018
   108.54230769230769       1.39436949039281734E-018
   109.04038461538461       8.39068253316729973E-019
   109.53846153846155       5.04157894498424290E-019
   110.03653846153847       3.02477156191271135E-019
   110.53461538461539       1.81209959087556932E-019
   111.03269230769232       1.08403085996611735E-019
   111.53076923076924       6.47556770099646429E-020
   112.02884615384616       3.86275416372674437E-020
   112.52692307692308       2.30094150780602999E-020
   113.02500000000001       1.36870379402158850E-020
   113.52307692307693       8.13044906678262481E-021
   114.02115384615385       4.82309535174037611E-021
   114.51923076923077       2.85723938770277965E-021
   115.01730769230770       1.69034289443628934E-021
   115.51538461538462       9.98603496282819799E-022
   116.01346153846154       5.89033017030602515E-022
   116.51153846153846       3.46754794121389166E-022
   117.00961538461539       2.03454263402172275E-022
   117.50769230769231       1.18511702449447218E-022
   118.00576923076923       6.77208608908037463E-023
   118.50384615384615       3.65280398808247827E-023
   119.00192307692308       1.59434221422150283E-023
   119.50000000000000        0.0000000000000000     
