  -11.027777777777779        0.0000000000000000     
  -8.9722222222222232        0.0000000000000000     
  -6.9166666666666679       9.15221208568366140E-003
  -4.8611111111111125       6.69425764954065944E-002
  -2.8055555555555571       0.14499171881751777     
 -0.75000000000000178       0.19523324064572584     
   1.3055555555555536       0.18674068034948338     
   3.3611111111111089       0.12471995193352853     
   5.4166666666666643       4.73244233756150989E-002
   7.4722222222222214       2.23761500352110234E-003
   9.5277777777777750        0.0000000000000000     
   11.583333333333329        0.0000000000000000     
   13.638888888888886        0.0000000000000000     
   15.694444444444443        0.0000000000000000     
   17.749999999999996        0.0000000000000000     
   19.805555555555550        0.0000000000000000     
   21.861111111111107        0.0000000000000000     
   23.916666666666664        0.0000000000000000     
   25.972222222222221        0.0000000000000000     
   28.027777777777771        0.0000000000000000     
   30.083333333333329        0.0000000000000000     
   32.138888888888886        0.0000000000000000     
   34.194444444444436        0.0000000000000000     
   36.249999999999993        0.0000000000000000     
   38.305555555555550        0.0000000000000000     
   40.361111111111107        0.0000000000000000     
   42.416666666666664        0.0000000000000000     
   44.472222222222214        0.0000000000000000     
   46.527777777777771        0.0000000000000000     
   48.583333333333329        0.0000000000000000     
   50.638888888888879        0.0000000000000000     
   52.694444444444436        0.0000000000000000     
   54.749999999999993        0.0000000000000000     
   56.805555555555550        0.0000000000000000     
   58.861111111111107        0.0000000000000000     
   60.916666666666664        0.0000000000000000     
   62.972222222222221        0.0000000000000000     
   65.027777777777771        0.0000000000000000     
   67.083333333333314        0.0000000000000000     
   69.138888888888886        0.0000000000000000     
   71.194444444444429        0.0000000000000000     
   73.250000000000000        0.0000000000000000     
   75.305555555555543        0.0000000000000000     
   77.361111111111114        0.0000000000000000     
   79.416666666666657        0.0000000000000000     
   81.472222222222200        0.0000000000000000     
   83.527777777777771        0.0000000000000000     
   85.583333333333314        0.0000000000000000     
   87.638888888888886        0.0000000000000000     
   89.694444444444429        0.0000000000000000     
   91.750000000000000        0.0000000000000000     
   93.805555555555543        0.0000000000000000     
   95.861111111111114        0.0000000000000000     
   97.916666666666657        0.0000000000000000     
   99.972222222222200        0.0000000000000000     
   102.02777777777777        0.0000000000000000     
   104.08333333333331        0.0000000000000000     
   106.13888888888889        0.0000000000000000     
   108.19444444444443        0.0000000000000000     
   110.25000000000000        0.0000000000000000     
   112.30555555555554        0.0000000000000000     
   114.36111111111109        0.0000000000000000     
   116.41666666666666        0.0000000000000000     
   118.47222222222223        0.0000000000000000     
   120.52777777777777        0.0000000000000000     
