  -11.027777777777779       7.70263808911333669E-002
  -8.9722222222222232       7.70263808911333669E-002
  -6.9166666666666679       8.60254896108656464E-002
  -4.8611111111111125       9.46880360630918821E-002
  -2.8055555555555571       7.62908833998320324E-002
 -0.75000000000000178       3.73689581804513837E-002
   1.3055555555555536       1.38143869372032470E-002
   3.3611111111111089       4.04988964987587456E-003
   5.4166666666666643      -6.06349736684088075E-003
   7.4722222222222214      -2.25166004230984221E-004
   9.5277777777777750       2.90376342541742265E-002
   11.583333333333329       6.80163367946916009E-002
   13.638888888888886       9.61325500787959392E-002
   15.694444444444443       9.62727129050200275E-002
   17.749999999999996       6.43600669465725223E-002
   19.805555555555550       2.89130235651522370E-002
   21.861111111111107       9.10875138263178563E-003
   23.916666666666664       2.10167755279128165E-003
   25.972222222222221       3.68022363088867967E-004
   28.027777777777771       5.02839266429294616E-005
   30.083333333333329       5.47685784908667933E-006
   32.138888888888886       4.83468582609826101E-007
   34.194444444444436       3.50343054777553839E-008
   36.249999999999993       2.10460461521254109E-009
   38.305555555555550       1.05586859535094579E-010
   40.361111111111107       4.44764559650256508E-012
   42.416666666666664       1.57855628403138619E-013
   44.472222222222214       4.72925752010827225E-015
   46.527777777777771       1.19618826881437350E-016
   48.583333333333329       2.55033829007034455E-018
   50.638888888888879       4.56745033657436242E-020
   52.694444444444436       6.83184742807445875E-022
   54.749999999999993       8.46228490658860013E-024
   56.805555555555550       8.57466194114767825E-026
   58.861111111111107       6.98503872373542451E-028
   60.916666666666664       4.46053254055792299E-030
   62.972222222222221       2.14939010908733983E-032
   65.027777777777771       7.34524877652014592E-035
   67.083333333333314       1.58601277072557453E-037
   69.138888888888886       1.62630685300671390E-040
   71.194444444444429        0.0000000000000000     
   73.250000000000000        0.0000000000000000     
   75.305555555555543        0.0000000000000000     
   77.361111111111114        0.0000000000000000     
   79.416666666666657        0.0000000000000000     
   81.472222222222200        0.0000000000000000     
   83.527777777777771        0.0000000000000000     
   85.583333333333314        0.0000000000000000     
   87.638888888888886        0.0000000000000000     
   89.694444444444429        0.0000000000000000     
   91.750000000000000        0.0000000000000000     
   93.805555555555543        0.0000000000000000     
   95.861111111111114        0.0000000000000000     
   97.916666666666657        0.0000000000000000     
   99.972222222222200        0.0000000000000000     
   102.02777777777777        0.0000000000000000     
   104.08333333333331        0.0000000000000000     
   106.13888888888889        0.0000000000000000     
   108.19444444444443        0.0000000000000000     
   110.25000000000000        0.0000000000000000     
   112.30555555555554        0.0000000000000000     
   114.36111111111109        0.0000000000000000     
   116.41666666666666        0.0000000000000000     
   118.47222222222223        0.0000000000000000     
   120.52777777777777        0.0000000000000000     
