  -11.027777777777779      -2.58067598883638855E-005
  -8.9722222222222232      -2.58067598883638855E-005
  -6.9166666666666679       6.77623197416113676E-005
  -4.8611111111111125      -8.22306218752826912E-005
  -2.8055555555555571       5.61069093071187453E-005
 -0.75000000000000178       1.51915741013994602E-005
   1.3055555555555536      -1.23748283594506597E-004
   3.3611111111111089       2.46355222379407717E-004
   5.4166666666666643      -3.45233132731364223E-004
   7.4722222222222214       3.74906105420379340E-004
   9.5277777777777750      -2.96697057160447825E-004
   11.583333333333329       9.89756176319540513E-005
   13.638888888888886       1.83918935303424238E-004
   15.694444444444443      -4.66093057169145121E-004
   17.749999999999996       6.30270679626059472E-004
   19.805555555555550      -5.77239455815192130E-004
   21.861111111111107       2.88772941335093444E-004
   23.916666666666664       1.33581631107261469E-004
   25.972222222222221      -4.97145219348318424E-004
   28.027777777777771       6.26768668581584830E-004
   30.083333333333329      -4.99184436498695109E-004
   32.138888888888886       2.88371499310368924E-004
   34.194444444444436      -2.30102674834179247E-004
   36.249999999999993       3.63772595120867570E-004
   38.305555555555550      -4.00958522992188435E-004
   40.361111111111107      -2.49510665278926771E-005
   42.416666666666664       8.27702233202909496E-004
   44.472222222222214      -1.25033764454138404E-003
   46.527777777777771       5.31181510054889961E-004
   48.583333333333329       9.48151320746106808E-004
   50.638888888888879      -1.54265805077970870E-003
   52.694444444444436       1.65427402020677816E-004
   54.749999999999993       1.73654306451151170E-003
   56.805555555555550      -1.36592106345874561E-003
   58.861111111111107      -1.33046580680592098E-003
   60.916666666666664       2.51849708663822456E-003
   62.972222222222221       9.65374165961969391E-005
   65.027777777777771      -2.71090316618459882E-003
   67.083333333333314       1.08398235315410605E-003
   69.138888888888886       1.62198977382218179E-003
   71.194444444444429      -8.01247039918950464E-004
   73.250000000000000      -6.11158720170811975E-005
   75.305555555555543      -1.31050926005913749E-003
   77.361111111111114      -1.58967374046019619E-003
   79.416666666666657       4.38371651136384554E-003
   81.472222222222200       4.53907772268857812E-003
   83.527777777777771      -6.19921184324060022E-003
   85.583333333333314      -1.05012007693682605E-002
   87.638888888888886       1.88605971234440204E-003
   89.694444444444429       1.68042270016801505E-002
   91.750000000000000       1.45370459908932340E-002
   93.805555555555543      -7.25930090151844561E-003
   95.861111111111114      -2.87813816528997776E-002
   97.916666666666657      -2.57345404139972186E-002
   99.972222222222200       5.63019446546641784E-003
   102.02777777777777       4.74352461951619980E-002
   104.08333333333331       8.45899292582648205E-002
   106.13888888888889       0.11758948695832652     
   108.19444444444443       0.14738088171852168     
   110.25000000000000       0.16091806189338975     
   112.30555555555554       0.14172060417312607     
   114.36111111111109       9.06151850170648643E-002
   116.41666666666666       3.01882872684623715E-002
   118.47222222222223      -9.77249452630071097E-003
   120.52777777777777      -9.77249452630071097E-003
