  -11.027777777777779       0.19141957694347486     
  -8.9722222222222232       0.19141957694347486     
  -6.9166666666666679       0.13402876369307987     
  -4.8611111111111125       5.64341387928008822E-002
  -2.8055555555555571       1.08928079555475725E-002
 -0.75000000000000178      -5.21224134923812914E-003
   1.3055555555555536      -4.68537016273066348E-003
   3.3611111111111089       1.00415338324551778E-002
   5.4166666666666643       4.23965929509206030E-002
   7.4722222222222214       8.18879166821729759E-002
   9.5277777777777750       9.90138910801692668E-002
   11.583333333333329       8.82082730850961838E-002
   13.638888888888886       5.03330840343103186E-002
   15.694444444444443       1.77748133465978550E-002
   17.749999999999996       4.08343357036893093E-003
   19.805555555555550       6.45301808244582407E-004
   21.861111111111107       7.33045876878098764E-005
   23.916666666666664       6.18160290018328370E-006
   25.972222222222221       3.95913213668795045E-007
   28.027777777777771       1.95629846139911277E-008
   30.083333333333329       7.53176655922239348E-010
   32.138888888888886       2.27029859756284655E-011
   34.194444444444436       5.35773680461575962E-013
   36.249999999999993       9.84700466708850216E-015
   38.305555555555550       1.39314089246328891E-016
   40.361111111111107       1.48660686896632184E-018
   42.416666666666664       1.15646112786230710E-020
   44.472222222222214       6.18548732253105707E-023
   46.527777777777771       2.03274825335881163E-025
   48.583333333333329       3.09304888938305857E-028
   50.638888888888879        0.0000000000000000     
   52.694444444444436        0.0000000000000000     
   54.749999999999993        0.0000000000000000     
   56.805555555555550        0.0000000000000000     
   58.861111111111107        0.0000000000000000     
   60.916666666666664        0.0000000000000000     
   62.972222222222221        0.0000000000000000     
   65.027777777777771        0.0000000000000000     
   67.083333333333314        0.0000000000000000     
   69.138888888888886        0.0000000000000000     
   71.194444444444429        0.0000000000000000     
   73.250000000000000        0.0000000000000000     
   75.305555555555543        0.0000000000000000     
   77.361111111111114        0.0000000000000000     
   79.416666666666657        0.0000000000000000     
   81.472222222222200        0.0000000000000000     
   83.527777777777771        0.0000000000000000     
   85.583333333333314        0.0000000000000000     
   87.638888888888886        0.0000000000000000     
   89.694444444444429        0.0000000000000000     
   91.750000000000000        0.0000000000000000     
   93.805555555555543        0.0000000000000000     
   95.861111111111114        0.0000000000000000     
   97.916666666666657        0.0000000000000000     
   99.972222222222200        0.0000000000000000     
   102.02777777777777        0.0000000000000000     
   104.08333333333331        0.0000000000000000     
   106.13888888888889        0.0000000000000000     
   108.19444444444443        0.0000000000000000     
   110.25000000000000        0.0000000000000000     
   112.30555555555554        0.0000000000000000     
   114.36111111111109        0.0000000000000000     
   116.41666666666666        0.0000000000000000     
   118.47222222222223        0.0000000000000000     
   120.52777777777777        0.0000000000000000     
