  -11.027777777777779      -6.39723268009965187E-005
  -8.9722222222222232      -6.39723268009965187E-005
  -6.9166666666666679       1.93886045485846474E-004
  -4.8611111111111125      -3.26151917300942400E-004
  -2.8055555555555571       4.51414328441657902E-004
 -0.75000000000000178      -5.47376894342996930E-004
   1.3055555555555536       5.80967901551604580E-004
   3.3611111111111089      -5.17943959275583648E-004
   5.4166666666666643       3.40015880771838861E-004
   7.4722222222222214      -6.52712157473807277E-005
   9.5277777777777750      -2.38176343830892622E-004
   11.583333333333329       4.59448750256683110E-004
   13.638888888888886      -4.83790653693738355E-004
   15.694444444444443       2.57789269033340820E-004
   17.749999999999996       1.50831279467557961E-004
   19.805555555555550      -5.51319166690669932E-004
   21.861111111111107       7.24921270671072151E-004
   23.916666666666664      -5.88502539300003063E-004
   25.972222222222221       3.03653762707329342E-004
   28.027777777777771      -1.78733937482844810E-004
   30.083333333333329       3.51912089481684392E-004
   32.138888888888886      -5.24504807876548284E-004
   34.194444444444436       1.56069704805228881E-004
   36.249999999999993       8.27774718568508277E-004
   38.305555555555550      -1.53858738519962752E-003
   40.361111111111107       8.31531229133245409E-004
   42.416666666666664       1.02489237121253804E-003
   44.472222222222214      -1.88060215627504205E-003
   46.527777777777771       1.69300952529150440E-004
   48.583333333333329       2.14719780342737801E-003
   50.638888888888879      -1.38457171544529353E-003
   52.694444444444436      -1.91495697865905028E-003
   54.749999999999993       2.48011114648917551E-003
   56.805555555555550       9.49848855567532609E-004
   58.861111111111107      -2.26770557445510335E-003
   60.916666666666664      -3.17333921168735792E-004
   62.972222222222221       1.54246903054962623E-004
   65.027777777777771       1.15164634523715385E-003
   67.083333333333314       3.68095724960466712E-003
   69.138888888888886      -2.36053600936734793E-003
   71.194444444444429      -9.37033323100837194E-003
   73.250000000000000      -4.72680355017905326E-004
   75.305555555555543       1.48165510902968714E-002
   77.361111111111114       1.33617436275673910E-002
   79.416666666666657      -7.83464612285097659E-003
   81.472222222222200      -2.90439891342485768E-002
   83.527777777777771      -2.75549306938138172E-002
   85.583333333333314       1.36572084375584032E-003
   87.638888888888886       3.95012213346111751E-002
   89.694444444444429       6.62569766749350197E-002
   91.750000000000000       7.88591851194683918E-002
   93.805555555555543       8.36840320749455274E-002
   95.861111111111114       7.75621142005345210E-002
   97.916666666666657       5.21701673145797962E-002
   99.972222222222200       1.34042725249147801E-002
   102.02777777777777      -1.60883129135580422E-002
   104.08333333333331      -1.64589758785918076E-002
   106.13888888888889       1.18462803441885273E-002
   108.19444444444443       5.04938811443979285E-002
   110.25000000000000       7.91955456865944957E-002
   112.30555555555554       8.85938352604343227E-002
   114.36111111111109       8.19813659900982955E-002
   116.41666666666666       6.92723426940383830E-002
   118.47222222222223       6.01626707556246754E-002
   120.52777777777777       6.01626707556246754E-002
