  -11.027777777777779       1.11186350201463412E-004
  -8.9722222222222232       1.11186350201463412E-004
  -6.9166666666666679      -3.12550551001072928E-004
  -4.8611111111111125       4.51251042492030571E-004
  -2.8055555555555571      -4.89251611983506306E-004
 -0.75000000000000178       4.01812902307980592E-004
   1.3055555555555536      -1.93737606849945978E-004
   3.3611111111111089      -8.39694040607892849E-005
   5.4166666666666643       3.30268081374533837E-004
   7.4722222222222214      -4.19111535636495396E-004
   9.5277777777777750       2.60074232269290990E-004
   11.583333333333329       1.24999780894602982E-004
   13.638888888888886      -5.63502719125954111E-004
   15.694444444444443       7.97722917147092813E-004
   17.749999999999996      -6.67566426150993262E-004
   19.805555555555550       2.98473372464000777E-004
   21.861111111111107      -7.64637942395999132E-005
   23.916666666666664       2.83393398919031274E-004
   25.972222222222221      -6.41015964871097178E-004
   28.027777777777771       3.82200943472128839E-004
   30.083333333333329       8.19246984496423331E-004
   32.138888888888886      -1.90779671865407702E-003
   34.194444444444436       1.17818673397307124E-003
   36.249999999999993       1.21459756147112175E-003
   38.305555555555550      -2.27951683570421469E-003
   40.361111111111107      -8.34365737582280949E-005
   42.416666666666664       2.70022992812903127E-003
   44.472222222222214      -8.72542458696690896E-004
   46.527777777777771      -2.72017209060430041E-003
   48.583333333333329       1.30932413786417597E-003
   50.638888888888879       1.85889851346285285E-003
   52.694444444444436       5.69561750527792262E-004
   54.749999999999993      -5.03261571201558565E-004
   56.805555555555550      -5.56661648521759519E-003
   58.861111111111107      -2.83879758006048760E-003
   60.916666666666664       1.12962558894962855E-002
   62.972222222222221       1.32060625078882950E-002
   65.027777777777771      -7.15339871604465938E-003
   67.083333333333314      -2.78176653241823911E-002
   69.138888888888886      -2.48147006633491346E-002
   71.194444444444429       5.29785812376916583E-003
   73.250000000000000       4.55125693554365787E-002
   75.305555555555543       7.35390982069631660E-002
   77.361111111111114       8.25359900531769525E-002
   79.416666666666657       8.07832959675018614E-002
   81.472222222222200       7.10749419762030099E-002
   83.527777777777771       4.65736951482869227E-002
   85.583333333333314       1.01476735847624913E-002
   87.638888888888886      -1.72721537627581884E-002
   89.694444444444429      -1.51434796138713509E-002
   91.750000000000000       1.59915541262450403E-002
   93.805555555555543       5.59019523147013878E-002
   95.861111111111114       8.27054863910333393E-002
   97.916666666666657       8.72555044474962460E-002
   99.972222222222200       7.39719455415026872E-002
   102.02777777777777       5.30819096823289607E-002
   104.08333333333331       3.31971153763600535E-002
   106.13888888888889       1.84374539913358358E-002
   108.19444444444443       9.21527265188090000E-003
   110.25000000000000       4.18640472674561021E-003
   112.30555555555554       1.74243930648444343E-003
   114.36111111111109       6.70017710937002809E-004
   116.41666666666666       2.44437685914069701E-004
   118.47222222222223       1.02763316587195524E-004
   120.52777777777777       1.02763316587195524E-004
