  -11.027777777777779       4.51987708241681496E-006
  -8.9722222222222232       4.51987708241681496E-006
  -6.9166666666666679      -1.05277902141667618E-005
  -4.8611111111111125       7.78583538748758668E-006
  -2.8055555555555571       8.35109142082180172E-006
 -0.75000000000000178      -4.06420702180035527E-005
   1.3055555555555536       8.90763408955042339E-005
   3.3611111111111089      -1.50036447910177167E-004
   5.4166666666666643       2.15751194498819992E-004
   7.4722222222222214      -2.74396983050637739E-004
   9.5277777777777750       3.11260738487981268E-004
   11.583333333333329      -3.11292754673025258E-004
   13.638888888888886       2.63106012982598433E-004
   15.694444444444443      -1.63884729245988023E-004
   17.749999999999996       2.41698564959527798E-005
   19.805555555555550       1.30025532917243621E-004
   21.861111111111107      -2.57873439442268804E-004
   23.916666666666664       3.15939862943856074E-004
   25.972222222222221      -2.59441209701140633E-004
   28.027777777777771       9.84299147634463360E-005
   30.083333333333329       2.00684197706435064E-004
   32.138888888888886      -3.99215008971686531E-004
   34.194444444444436       8.37551920873300213E-004
   36.249999999999993      -3.32437807518555267E-004
   38.305555555555550       1.44255531040211340E-003
   40.361111111111107       1.68770061587252495E-003
   42.416666666666664       3.75163259892649084E-003
   44.472222222222214       7.99328358057065785E-003
   46.527777777777771       1.30793226128442276E-002
   48.583333333333329       2.34416238229763589E-002
   50.638888888888879       3.56656654775991469E-002
   52.694444444444436       5.16408818664973665E-002
   54.749999999999993       6.69549494368150144E-002
   56.805555555555550       7.74245976374560579E-002
   58.861111111111107       7.72692235343377248E-002
   60.916666666666664       6.18188605780172207E-002
   62.972222222222221       3.52197479851837567E-002
   65.027777777777771       3.68760037690485289E-003
   67.083333333333314      -1.49579840866678714E-002
   69.138888888888886      -8.16436089798507764E-003
   71.194444444444429       2.13385702614405162E-002
   73.250000000000000       6.30155387052601379E-002
   75.305555555555543       9.28663193426934735E-002
   77.361111111111114       9.26428099216332207E-002
   79.416666666666657       6.98360577548914618E-002
   81.472222222222200       4.02220272949002852E-002
   83.527777777777771       1.14822645019162367E-002
   85.583333333333314      -1.03265229008565242E-002
   87.638888888888886      -2.36128883999197105E-002
   89.694444444444429      -3.02534621341892830E-002
   91.750000000000000      -1.87892206445793436E-002
   93.805555555555543       1.06677664644887066E-002
   95.861111111111114       2.56014230338798623E-002
   97.916666666666657       1.16935361513208699E-002
   99.972222222222200      -7.43004728225998834E-003
   102.02777777777777      -1.38059044125628787E-002
   104.08333333333331      -6.59428488608079528E-003
   106.13888888888889       6.75028871286702508E-003
   108.19444444444443       9.66717926388716876E-003
   110.25000000000000      -1.02591268204887346E-003
   112.30555555555554      -6.78016956134570251E-003
   114.36111111111109      -9.24913837216316537E-004
   116.41666666666666       2.83122491006177878E-003
   118.47222222222223       8.53454303966568080E-006
   120.52777777777777       8.53454303966568080E-006
