  -11.027777777777779       3.73680701774330230E-005
  -8.9722222222222232       3.73680701774330230E-005
  -6.9166666666666679      -1.10414693715930081E-004
  -4.8611111111111125       1.78162177519988746E-004
  -2.8055555555555571      -2.36385585252868393E-004
 -0.75000000000000178       2.80088386937401288E-004
   1.3055555555555536      -3.03718596969750781E-004
   3.3611111111111089       3.01873122284992545E-004
   5.4166666666666643      -2.70534324889021511E-004
   7.4722222222222214       2.08763677639238390E-004
   9.5277777777777750      -1.20547277107709781E-004
   11.583333333333329       1.63813132576420665E-005
   13.638888888888886       8.65073939630172284E-005
   15.694444444444443      -1.64870105361282130E-004
   17.749999999999996       1.95895468680515100E-004
   19.805555555555550      -1.56065605479416487E-004
   21.861111111111107       5.27516321298139037E-005
   23.916666666666664       1.36937683241868146E-004
   25.972222222222221      -2.70345452094456558E-004
   28.027777777777771       5.64197658928919138E-004
   30.083333333333329      -2.61094643876219070E-004
   32.138888888888886       9.97123739283877538E-004
   34.194444444444436       1.11093322373600556E-003
   36.249999999999993       2.51903443927910470E-003
   38.305555555555550       5.81382078512460154E-003
   40.361111111111107       9.19598195834636992E-003
   42.416666666666664       1.79826636407646907E-002
   44.472222222222214       2.76103700767114657E-002
   46.527777777777771       4.23609889021700492E-002
   48.583333333333329       5.81958007253348189E-002
   50.638888888888879       7.15503049674273417E-002
   52.694444444444436       7.88446601233711852E-002
   54.749999999999993       7.23304595514658866E-002
   56.805555555555550       5.25679380480858424E-002
   58.861111111111107       2.22223953846883149E-002
   60.916666666666664      -4.89654822955444720E-003
   62.972222222222221      -1.53029828387757482E-002
   65.027777777777771       1.36982215961074447E-004
   67.083333333333314       3.81593955541743093E-002
   69.138888888888886       7.62232200943420701E-002
   71.194444444444429       9.60674407856063894E-002
   73.250000000000000       8.80184061402995987E-002
   75.305555555555543       5.76848443841799022E-002
   77.361111111111114       2.63160394394216859E-002
   79.416666666666657       2.92070390349382595E-003
   81.472222222222200      -1.68678899223571703E-002
   83.527777777777771      -2.92328310168542653E-002
   85.583333333333314      -2.58787062494459791E-002
   87.638888888888886      -8.22511936725477816E-003
   89.694444444444429       1.49356088274739118E-002
   91.750000000000000       2.53395497519609790E-002
   93.805555555555543       8.09508287994783332E-003
   95.861111111111114      -1.49976729530508623E-002
   97.916666666666657      -1.38325543601427649E-002
   99.972222222222200       9.36122995318497061E-004
   102.02777777777777       7.90346212756230619E-003
   104.08333333333331       6.17749796120651250E-003
   106.13888888888889      -1.47581183113942318E-003
   108.19444444444443      -7.28751351491395763E-003
   110.25000000000000      -1.27827277748182393E-003
   112.30555555555554       5.61605454478248702E-003
   114.36111111111109       9.91353594592903281E-004
   116.41666666666666      -3.17209826408695623E-003
   118.47222222222223       8.01228965411845484E-004
   120.52777777777777       8.01228965411845484E-004
