  -11.027777777777779       6.84577712132135015E-005
  -8.9722222222222232       6.84577712132135015E-005
  -6.9166666666666679      -2.03874066705808866E-004
  -4.8611111111111125       3.32653231323473263E-004
  -2.8055555555555571      -4.43925635740457960E-004
 -0.75000000000000178       5.19609272981448947E-004
   1.3055555555555536      -5.36485135825877520E-004
   3.3611111111111089       4.72880185217088858E-004
   5.4166666666666643      -3.19727950505306418E-004
   7.4722222222222214       9.33386083837722542E-005
   9.5277777777777750       1.55959035132750498E-004
   11.583333333333329      -3.47445569786220963E-004
   13.638888888888886       3.92734684302138389E-004
   15.694444444444443      -2.36759701338810853E-004
   17.749999999999996      -9.77544177304474275E-005
   19.805555555555550       4.91172789625850281E-004
   21.861111111111107      -7.63165352577949803E-004
   23.916666666666664       7.68907211282162653E-004
   25.972222222222221      -5.09196980242852446E-004
   28.027777777777771       1.63613985312885678E-004
   30.083333333333329       2.65272114743789818E-005
   32.138888888888886       1.70943896885317919E-005
   34.194444444444436      -7.58269458620526105E-005
   36.249999999999993      -1.87343112109246283E-004
   38.305555555555550       7.78259740473829066E-004
   40.361111111111107      -1.11559811938216928E-003
   42.416666666666664       5.02683030387157063E-004
   44.472222222222214       8.65744001073716742E-004
   46.527777777777771      -1.58958817258507846E-003
   48.583333333333329       4.76742543690769865E-004
   50.638888888888879       1.47894869802352733E-003
   52.694444444444436      -1.59572292977799542E-003
   54.749999999999993      -8.34640971747559581E-004
   56.805555555555550       2.51332140990929206E-003
   58.861111111111107      -4.30906972480861895E-004
   60.916666666666664      -2.60207614606846552E-003
   62.972222222222221       1.60921756893062161E-003
   65.027777777777771       1.56988796408572212E-003
   67.083333333333314      -1.27569347977073556E-003
   69.138888888888886      -3.61291853270957655E-004
   71.194444444444429      -1.04780526677125023E-003
   73.250000000000000      -4.66023237517705895E-004
   75.305555555555543       4.77384659637088843E-003
   77.361111111111114       2.32660599517959480E-003
   79.416666666666657      -8.33614830085853062E-003
   81.472222222222200      -8.19569017685832513E-003
   83.527777777777771       6.99433830489051139E-003
   85.583333333333314       1.79179753403657729E-002
   87.638888888888886       8.20861477353009364E-003
   89.694444444444429      -1.65254122101138323E-002
   91.750000000000000      -3.29375287686848803E-002
   93.805555555555543      -2.18698309640317154E-002
   95.861111111111114       1.15356441176572410E-002
   97.916666666666657       4.55790281532662545E-002
   99.972222222222200       6.80459008145214428E-002
   102.02777777777777       8.26918403224697757E-002
   104.08333333333331       9.15264059172274935E-002
   106.13888888888889       8.63749347141289786E-002
   108.19444444444443       6.37542268188610872E-002
   110.25000000000000       3.85118965211289355E-002
   112.30555555555554       3.43088012956082530E-002
   114.36111111111109       6.12509109850207165E-002
   116.41666666666666       0.10519043854374593     
   118.47222222222223       0.13795871859834161     
   120.52777777777777       0.13795871859834161     
