  -11.027777777777779       4.01915002199041901E-003
  -8.9722222222222232       4.01915002199041901E-003
  -6.9166666666666679      -3.62245094234103478E-003
  -4.8611111111111125      -9.65267755550453140E-003
  -2.8055555555555571      -1.32734844226958457E-003
 -0.75000000000000178       2.67447582432271680E-002
   1.3055555555555536       6.70007836569919552E-002
   3.3611111111111089       9.82383666433412628E-002
   5.4166666666666643       9.46440469285334540E-002
   7.4722222222222214       6.18085636270507416E-002
   9.5277777777777750       3.37111425960885044E-002
   11.583333333333329       1.54089109317123649E-002
   13.638888888888886      -5.54060068397699713E-004
   15.694444444444443      -9.31720271396009603E-003
   17.749999999999996       4.88269703555064410E-003
   19.805555555555550       3.72965526851126439E-002
   21.861111111111107       7.77023602713279721E-002
   23.916666666666664       0.10057113880830454     
   25.972222222222221       8.77436662351278734E-002
   28.027777777777771       5.44615388436141892E-002
   30.083333333333329       2.52103948780231131E-002
   32.138888888888886       9.04042572879841348E-003
   34.194444444444436       2.58707341433676678E-003
   36.249999999999993       6.04661616335870080E-004
   38.305555555555550       1.17560741559710183E-004
   40.361111111111107       1.92948944254983926E-005
   42.416666666666664       2.70545709517131885E-006
   44.472222222222214       3.27282435682254647E-007
   46.527777777777771       3.44372990867678369E-008
   48.583333333333329       3.17335923706423366E-009
   50.638888888888879       2.57559828238903685E-010
   52.694444444444436       1.85010402883042965E-011
   54.749999999999993       1.18094494951155999E-012
   56.805555555555550       6.72120320682265083E-014
   58.861111111111107       3.42029723726385063E-015
   60.916666666666664       1.55980230670383937E-016
   62.972222222222221       6.38627023823084467E-018
   65.027777777777771       2.35065085582662615E-019
   67.083333333333314       7.78575034873380693E-021
   69.138888888888886       2.32174813599558256E-022
   71.194444444444429       6.23427650024711163E-024
   73.250000000000000       1.50691017486001916E-025
   75.305555555555543       3.27646344043436932E-027
   77.361111111111114       6.40067542927672454E-029
   79.416666666666657       1.12154207197847376E-030
   81.472222222222200       1.75871837584925932E-032
   83.527777777777771       2.46098609449997319E-034
   85.583333333333314       3.06172924095460488E-036
   87.638888888888886       3.37122708860503230E-038
   89.694444444444429       3.26669135741818878E-040
   91.750000000000000       2.76600549051787304E-042
   93.805555555555543       2.02842551503809758E-044
   95.861111111111114       1.27381245643096801E-046
   97.916666666666657       6.74998151940471816E-049
   99.972222222222200       2.95952764843619449E-051
   102.02777777777777       1.04480749455557140E-053
   104.08333333333331       2.85365615697676727E-056
   106.13888888888889       5.65793216413000221E-059
   108.19444444444443       7.24441002997957722E-062
   110.25000000000000       4.49607872451060170E-065
   112.30555555555554        0.0000000000000000     
   114.36111111111109        0.0000000000000000     
   116.41666666666666        0.0000000000000000     
   118.47222222222223        0.0000000000000000     
   120.52777777777777        0.0000000000000000     
