  -11.027777777777779       4.51179063216440059E-003
  -8.9722222222222232       4.51179063216440059E-003
  -6.9166666666666679       6.23545619855732629E-003
  -4.8611111111111125       1.03924204553277420E-002
  -2.8055555555555571       1.66570781073748578E-002
 -0.75000000000000178       2.65922939909201059E-002
   1.3055555555555536       3.85935184885288010E-002
   3.3611111111111089       5.32140640636312306E-002
   5.4166666666666643       6.59465445880856177E-002
   7.4722222222222214       7.46666431892218513E-002
   9.5277777777777750       7.31838816369052847E-002
   11.583333333333329       6.03155680334788794E-002
   13.638888888888886       3.64343199957843991E-002
   15.694444444444443       9.44526547229853318E-003
   17.749999999999996      -8.97839546217801647E-003
   19.805555555555550      -8.20110298388311565E-003
   21.861111111111107       1.61867555880477569E-002
   23.916666666666664       5.40644852694540518E-002
   25.972222222222221       8.77163124336485384E-002
   28.027777777777771       9.78625431828589742E-002
   30.083333333333329       7.85702782860442372E-002
   32.138888888888886       4.13883701752681132E-002
   34.194444444444436       4.01464584393619421E-003
   36.249999999999993      -1.78165090201482350E-002
   38.305555555555550      -2.59176698404459116E-002
   40.361111111111107      -2.47901192477643743E-002
   42.416666666666664      -1.73315479895008104E-002
   44.472222222222214      -3.20951924893209031E-003
   46.527777777777771       1.61582945457327681E-002
   48.583333333333329       2.24500242291370763E-002
   50.638888888888879       1.10610141674110998E-002
   52.694444444444436      -1.12727615696694636E-002
   54.749999999999993      -1.98783172872053319E-002
   56.805555555555550      -5.93911600730372916E-003
   58.861111111111107       1.06536537852312367E-002
   60.916666666666664       1.33185095966764349E-002
   62.972222222222221      -6.93393241374431341E-004
   65.027777777777771      -9.85387981569612985E-003
   67.083333333333314      -4.99673248040866796E-003
   69.138888888888886       4.08509126833264766E-003
   71.194444444444429       6.29166084005364657E-003
   73.250000000000000      -5.41033330088697487E-004
   75.305555555555543      -4.55083927221675792E-003
   77.361111111111114      -1.64646087802248955E-003
   79.416666666666657       3.13434925879680715E-003
   81.472222222222200       2.10147462758868099E-003
   83.527777777777771      -2.47647029318541967E-003
   85.583333333333314      -9.94262846244402341E-004
   87.638888888888886       1.39457837627519812E-003
   89.694444444444429       4.46561735700341193E-005
   91.750000000000000      -2.96001947551018986E-004
   93.805555555555543       2.63431371758043246E-004
   95.861111111111114      -3.15488364954285216E-004
   97.916666666666657      -3.83408087145648837E-004
   99.972222222222200       7.32150748901843414E-004
   102.02777777777777       3.07525148490901006E-004
   104.08333333333331      -1.01729569834570297E-003
   106.13888888888889      -1.44749991125116880E-005
   108.19444444444443       1.04021035675167742E-003
   110.25000000000000      -2.54651176992854236E-004
   112.30555555555554      -9.40160730722615660E-004
   114.36111111111109       4.52183118395155053E-004
   116.41666666666666       8.34475848383037320E-004
   118.47222222222223      -6.63488567448805230E-004
   120.52777777777777      -6.63488567448805230E-004
