  -11.027777777777779       2.54358678549960171E-005
  -8.9722222222222232       2.54358678549960171E-005
  -6.9166666666666679      -7.34444554738206303E-005
  -4.8611111111111125       1.28972620119689578E-004
  -2.8055555555555571      -1.66039394455225686E-004
 -0.75000000000000178       2.51130223289209621E-004
   1.3055555555555536      -2.05567066120595278E-004
   3.3611111111111089       4.63064640891235003E-004
   5.4166666666666643       2.90756825653121006E-005
   7.4722222222222214       1.12484264155620793E-003
   9.5277777777777750       1.34841917817705883E-003
   11.583333333333329       3.58299249662757209E-003
   13.638888888888886       6.09414295441385381E-003
   15.694444444444443       1.13387837976916366E-002
   17.749999999999996       1.89190436826937800E-002
   19.805555555555550       2.96580057473564002E-002
   21.861111111111107       4.35982481090118681E-002
   23.916666666666664       5.81653690070437629E-002
   25.972222222222221       7.10654914428508200E-002
   28.027777777777771       7.66949745748129186E-002
   30.083333333333329       7.06809378133689270E-002
   32.138888888888886       5.24381961121030207E-002
   34.194444444444436       2.38571488332554107E-002
   36.249999999999993      -1.40347853850296151E-003
   38.305555555555550      -1.36119701387592273E-002
   40.361111111111107      -5.60145519829537662E-004
   42.416666666666664       3.34758802837354513E-002
   44.472222222222214       7.21502672078084550E-002
   46.527777777777771       9.70264270674088408E-002
   48.583333333333329       9.05842039536805393E-002
   50.638888888888879       6.21178901618860829E-002
   52.694444444444436       2.47486322453578621E-002
   54.749999999999993      -3.55107894366329165E-003
   56.805555555555550      -1.84661598588504380E-002
   58.861111111111107      -2.63137244125915409E-002
   60.916666666666664      -2.47310570712388315E-002
   62.972222222222221      -1.25488763831364050E-002
   65.027777777777771       9.33630679800355814E-003
   67.083333333333314       2.38200377823716593E-002
   69.138888888888886       1.64899910511146705E-002
   71.194444444444429      -5.38665517258799399E-003
   73.250000000000000      -1.91619563750678734E-002
   75.305555555555543      -9.47976151895623884E-003
   77.361111111111114       7.52309922690302686E-003
   79.416666666666657       1.19089391718339016E-002
   81.472222222222200       2.62022446553287092E-003
   83.527777777777771      -8.07782957626339629E-003
   85.583333333333314      -6.04495609472583805E-003
   87.638888888888886       3.50557630295683610E-003
   89.694444444444429       5.20377229403753104E-003
   91.750000000000000      -3.96071694645717259E-004
   93.805555555555543      -3.19729779200651635E-003
   95.861111111111114      -1.25107714802955689E-003
   97.916666666666657       1.69417986382075286E-003
   99.972222222222200       2.02514145714143175E-003
   102.02777777777777      -1.39190242214651825E-003
   104.08333333333331      -1.85081214502592624E-003
   106.13888888888889       1.86126013186190334E-003
   108.19444444444443       5.26310507486589421E-004
   110.25000000000000      -1.84549094495271935E-003
   112.30555555555554       1.20401868273757443E-003
   114.36111111111109       6.25714274643300811E-004
   116.41666666666666      -1.97203896513608191E-003
   118.47222222222223       1.11766198264133163E-003
   120.52777777777777       1.11766198264133163E-003
