  -11.027777777777779       2.26460044846487225E-005
  -8.9722222222222232       2.26460044846487225E-005
  -6.9166666666666679      -6.55968425196087125E-005
  -4.8611111111111125       1.02525964559846015E-004
  -2.8055555555555571      -1.27488174158311236E-004
 -0.75000000000000178       1.41793213915062180E-004
   1.3055555555555536      -1.27477437660916757E-004
   3.3611111111111089       1.23610119301238665E-004
   5.4166666666666643      -2.15204694761782537E-005
   7.4722222222222214       1.02842816889745994E-004
   9.5277777777777750       3.10541497034261087E-004
   11.583333333333329       4.04750540041495246E-004
   13.638888888888886       1.37637235825355882E-003
   15.694444444444443       2.19754335432521168E-003
   17.749999999999996       4.94792281031701531E-003
   19.805555555555550       8.57654205105253496E-003
   21.861111111111107       1.52299999406782308E-002
   23.916666666666664       2.47799899806868430E-002
   25.972222222222221       3.72029547657597992E-002
   28.027777777777771       5.25672047467228218E-002
   30.083333333333329       6.62272027191674328E-002
   32.138888888888886       7.60611881294373376E-002
   34.194444444444436       7.51101732110904391E-002
   36.249999999999993       6.10224315238277124E-002
   38.305555555555550       3.62807611592360149E-002
   40.361111111111107       6.36460229997868297E-003
   42.416666666666664      -1.11582874639556164E-002
   44.472222222222214      -9.33845176265772799E-003
   46.527777777777771       1.86296532171704513E-002
   48.583333333333329       5.87431840283301754E-002
   50.638888888888879       8.99183260530039691E-002
   52.694444444444436       9.70544667703473751E-002
   54.749999999999993       7.41227270081293715E-002
   56.805555555555550       3.91797579247197478E-002
   58.861111111111107       7.06817044809568504E-003
   60.916666666666664      -1.30677201325050986E-002
   62.972222222222221      -2.35773652315438460E-002
   65.027777777777771      -2.74063994832125513E-002
   67.083333333333314      -1.88125468284561156E-002
   69.138888888888886       1.20656332602825985E-003
   71.194444444444429       2.14410269455918394E-002
   73.250000000000000       2.14935642144380955E-002
   75.305555555555543       1.19252602160685190E-003
   77.361111111111114      -1.60815463964907000E-002
   79.416666666666657      -1.45049698465785377E-002
   81.472222222222200       2.44645989119557155E-003
   83.527777777777771       1.31210995715536020E-002
   85.583333333333314       5.20668359348826042E-003
   87.638888888888886      -6.10777637875246221E-003
   89.694444444444429      -6.28494066267118717E-003
   91.750000000000000       1.89058583775565843E-004
   93.805555555555543       4.68670499679787068E-003
   95.861111111111114       3.03816039126777408E-003
   97.916666666666657      -3.52033114616626900E-003
   99.972222222222200      -3.74599245556220088E-003
   102.02777777777777       3.54908299370262524E-003
   104.08333333333331       2.25923494920660410E-003
   106.13888888888889      -3.64550982059605629E-003
   108.19444444444443       4.42276785701076159E-004
   110.25000000000000       2.57092278965311959E-003
   112.30555555555554      -2.75105745148305309E-003
   114.36111111111109      -2.94182313366118573E-004
   116.41666666666666       3.39242552669628611E-003
   118.47222222222223      -2.12409623296589203E-003
   120.52777777777777      -2.12409623296589203E-003
