  -11.027777777777779       6.14329562297959639E-002
  -8.9722222222222232       6.14329562297959639E-002
  -6.9166666666666679       6.61687628155422369E-002
  -4.8611111111111125       7.29864553000215688E-002
  -2.8055555555555571       7.83696915053148924E-002
 -0.75000000000000178       7.64961202742905633E-002
   1.3055555555555536       6.49015795118523253E-002
   3.3611111111111089       4.23730966205197249E-002
   5.4166666666666643       1.58291657371657374E-002
   7.4722222222222214      -5.55774345034139045E-003
   9.5277777777777750      -9.38754254831527038E-003
   11.583333333333329       9.12895447311743574E-003
   13.638888888888886       4.47473909003030870E-002
   15.694444444444443       8.09873797453710270E-002
   17.749999999999996       9.78272466184214595E-002
   19.805555555555550       8.60185938357460184E-002
   21.861111111111107       5.04309192189778613E-002
   23.916666666666664       1.08552559341246278E-002
   25.972222222222221      -1.68372832187794405E-002
   28.027777777777771      -2.68965897644420984E-002
   30.083333333333329      -2.53407832298793018E-002
   32.138888888888886      -1.87654802623138141E-002
   34.194444444444436      -6.10177371958382092E-003
   36.249999999999993       1.00578449311556784E-002
   38.305555555555550       2.19704967695798850E-002
   40.361111111111107       1.65849489274963735E-002
   42.416666666666664      -4.05486496831375040E-003
   44.472222222222214      -1.88223762319655909E-002
   46.527777777777771      -1.43129416277787708E-002
   48.583333333333329       6.15881177509401689E-003
   50.638888888888879       1.50601802178226812E-002
   52.694444444444436       6.08521873375786077E-003
   54.749999999999993      -7.84999685072628600E-003
   56.805555555555550      -9.86982900684230981E-003
   58.861111111111107       1.44709228683742889E-003
   60.916666666666664       6.70591854289437350E-003
   62.972222222222221       3.38334917651243825E-003
   65.027777777777771      -3.87089061262680615E-003
   67.083333333333314      -4.33689572848729686E-003
   69.138888888888886       1.74999375018123509E-003
   71.194444444444429       3.25995271216820981E-003
   73.250000000000000       9.53156262494992031E-005
   75.305555555555543      -2.82946854860352060E-003
   77.361111111111114      -1.18984818221909427E-004
   79.416666666666657       1.89958534430140170E-003
   81.472222222222200      -2.98239476332533044E-004
   83.527777777777771      -6.92467791190481399E-004
   85.583333333333314       2.30310591072455800E-004
   87.638888888888886       1.93238184959247390E-004
   89.694444444444429      -5.65927010234278192E-004
   91.750000000000000       5.19964788768204869E-004
   93.805555555555543       7.76956321570971002E-004
   95.861111111111114      -1.73692588580169659E-003
   97.916666666666657       1.72821182034471729E-004
   99.972222222222200       2.25803414324302195E-003
   102.02777777777777      -1.81273125407345362E-003
   104.08333333333331      -1.36874942587724129E-003
   106.13888888888889       2.95483626280007355E-003
   108.19444444444443      -5.93590267510355624E-004
   110.25000000000000      -2.69137643155226364E-003
   112.30555555555554       2.61025288313547358E-003
   114.36111111111109       7.73505744022327107E-004
   116.41666666666666      -3.26228979445096446E-003
   118.47222222222223       1.81596301450442032E-003
   120.52777777777777       1.81596301450442032E-003
