  -11.027777777777779      -6.53445728551311188E-004
  -8.9722222222222232      -6.53445728551311188E-004
  -6.9166666666666679       1.88507428342201506E-003
  -4.8611111111111125      -1.63464365231203411E-003
  -2.8055555555555571      -1.88502293401248940E-003
 -0.75000000000000178       4.36287748642791642E-003
   1.3055555555555536       2.79853039030263182E-003
   3.3611111111111089      -7.88328802541024901E-003
   5.4166666666666643      -1.13942361765339371E-002
   7.4722222222222214       1.92342049276519531E-003
   9.5277777777777750       3.47564339746900403E-002
   11.583333333333329       8.02006996233184527E-002
   13.638888888888886       9.97923033687717204E-002
   15.694444444444443       8.41194131419871066E-002
   17.749999999999996       5.50230993553627035E-002
   19.805555555555550       3.34881005122527747E-002
   21.861111111111107       1.19948621083796753E-002
   23.916666666666664      -5.78542425263503871E-003
   25.972222222222221      -8.64703795109457440E-003
   28.027777777777771       8.97856696360775641E-003
   30.083333333333329       4.82025874767701701E-002
   32.138888888888886       8.77300798247623997E-002
   34.194444444444436       9.87615094256832499E-002
   36.249999999999993       7.86405577954162188E-002
   38.305555555555550       4.73930663150292641E-002
   40.361111111111107       2.25730947440283131E-002
   42.416666666666664       8.76045112979580154E-003
   44.472222222222214       2.83388057114043138E-003
   46.527777777777771       7.77624692039466945E-004
   48.583333333333329       1.83542354797778639E-004
   50.638888888888879       3.76864202389034001E-005
   52.694444444444436       6.79463876511775625E-006
   54.749999999999993       1.08411296916657544E-006
   56.805555555555550       1.54094333585378561E-007
   58.861111111111107       1.96230217940281895E-008
   60.916666666666664       2.24976663310317950E-009
   62.972222222222221       2.33209812755064767E-010
   65.027777777777771       2.19383613679002076E-011
   67.083333333333314       1.87896934007670319E-012
   69.138888888888886       1.46936965686702396E-013
   71.194444444444429       1.05178215453174336E-014
   73.250000000000000       6.90651575100981496E-016
   75.305555555555543       4.16838589552611532E-017
   77.361111111111114       2.31624035984807991E-018
   79.416666666666657       1.18669922451232766E-019
   81.472222222222200       5.61286688330601906E-021
   83.527777777777771       2.45346025969780026E-022
   85.583333333333314       9.91993961866868544E-024
   87.638888888888886       3.71267062102459815E-025
   89.694444444444429       1.28692082736073069E-026
   91.750000000000000       4.13310726895180400E-028
   93.805555555555543       1.23016725267894500E-029
   95.861111111111114       3.39351187750583424E-031
   97.916666666666657       8.67558059215502409E-033
   99.972222222222200       2.05497920578109324E-034
   102.02777777777777       4.50815335487023493E-036
   104.08333333333331       9.15415409442128305E-038
   106.13888888888889       1.71921577339707606E-039
   108.19444444444443       2.98340164085798873E-041
   110.25000000000000       4.77796652651850914E-043
   112.30555555555554       7.05179847513845952E-045
   114.36111111111109       9.57502013353517032E-047
   116.41666666666666       1.19367895636297081E-048
   118.47222222222223       1.37727503752710522E-050
   120.52777777777777       1.37727503752710522E-050
