  -11.027777777777779      -5.98437751522195823E-005
  -8.9722222222222232      -5.98437751522195823E-005
  -6.9166666666666679       9.43670624439030075E-005
  -4.8611111111111125       7.05560085634824902E-005
  -2.8055555555555571      -3.94469391426903633E-004
 -0.75000000000000178       6.47100017101515470E-004
   1.3055555555555536      -5.21328212144671235E-004
   3.3611111111111089      -7.34523796593376061E-005
   5.4166666666666643       7.25838834301561998E-004
   7.4722222222222214      -6.94567836787236175E-004
   9.5277777777777750      -1.97083980112622433E-004
   11.583333333333329       7.32763214316749885E-004
   13.638888888888886       6.66896244546844627E-004
   15.694444444444443      -2.94670205594745353E-003
   17.749999999999996       2.04588216687567621E-003
   19.805555555555550       2.55645984068481307E-003
   21.861111111111107      -3.31861385436368721E-003
   23.916666666666664      -2.63864086498852854E-003
   25.972222222222221       2.15987377676511933E-003
   28.027777777777771       5.55641755967196428E-003
   30.083333333333329       3.73047082453305257E-003
   32.138888888888886      -7.42201867949927700E-003
   34.194444444444436      -2.24313281294241454E-002
   36.249999999999993      -1.18617503161360625E-002
   38.305555555555550       3.08425173492524497E-002
   40.361111111111107       7.18807839782543423E-002
   42.416666666666664       8.92430384324068016E-002
   44.472222222222214       8.51496918110067474E-002
   46.527777777777771       6.80061772746807930E-002
   48.583333333333329       4.66306212057350997E-002
   50.638888888888879       2.26358312604303530E-002
   52.694444444444436      -3.61390102121127762E-003
   54.749999999999993      -1.71852292356524348E-002
   56.805555555555550      -4.34994466247954487E-004
   58.861111111111107       4.08621342654067951E-002
   60.916666666666664       7.96206614614262953E-002
   62.972222222222221       9.38076606519486628E-002
   65.027777777777771       8.22180795770176415E-002
   67.083333333333314       5.78797701125569053E-002
   69.138888888888886       3.40835361354293390E-002
   71.194444444444429       1.72234970976936283E-002
   73.250000000000000       7.60315389625659810E-003
   75.305555555555543       2.97111309452729663E-003
   77.361111111111114       1.03843587184732447E-003
   79.416666666666657       3.27326707490072349E-004
   81.472222222222200       9.36912630999805986E-005
   83.527777777777771       2.44925872480170112E-005
   85.583333333333314       5.87659635703878395E-006
   87.638888888888886       1.29963887144388856E-006
   89.694444444444429       2.65915316065656214E-007
   91.750000000000000       5.05028714076556701E-008
   93.805555555555543       8.92917062236920198E-009
   95.861111111111114       1.47355301820927387E-009
   97.916666666666657       2.27511846112385945E-010
   99.972222222222200       3.29346074891925203E-011
   102.02777777777777       4.47871415662987400E-012
   104.08333333333331       5.73158652750988633E-013
   106.13888888888889       6.91385446090284684E-014
   108.19444444444443       7.87290521435707249E-015
   110.25000000000000       8.47448482673707341E-016
   112.30555555555554       8.63382066157618705E-017
   114.36111111111109       8.33512513188338216E-018
   116.41666666666666       7.63746975593262394E-019
   118.47222222222223       7.18631278169521026E-020
   120.52777777777777       7.18631278169521026E-020
