  -11.027777777777779       3.29543026597595937E-004
  -8.9722222222222232       3.29543026597595937E-004
  -6.9166666666666679      -9.00471379671406529E-004
  -4.8611111111111125       1.18907538899924638E-003
  -2.8055555555555571      -1.01170681672749208E-003
 -0.75000000000000178       3.60964494683384501E-004
   1.3055555555555536       3.90923026997276645E-004
   3.3611111111111089      -5.74717941561442834E-004
   5.4166666666666643      -1.19322098495733156E-004
   7.4722222222222214       8.31286563772729329E-004
   9.5277777777777750      -3.94472135304991265E-006
   11.583333333333329      -2.10652977641592526E-003
   13.638888888888886       2.00730937341806522E-003
   15.694444444444443       2.20064243498427174E-003
   17.749999999999996      -4.32468796572317050E-003
   19.805555555555550      -1.40875103174370399E-003
   21.861111111111107       3.71675183222850954E-003
   23.916666666666664       5.31364892806969122E-003
   25.972222222222221       2.51627025066422389E-004
   28.027777777777771      -1.20435686991873098E-002
   30.083333333333329      -2.05698023109875117E-002
   32.138888888888886       4.74767077756300601E-004
   34.194444444444436       4.78131623557121327E-002
   36.249999999999993       8.30360689185520029E-002
   38.305555555555550       9.05371876485924626E-002
   40.361111111111107       7.96429500406145852E-002
   42.416666666666664       5.93187264346360446E-002
   44.472222222222214       3.64429024928449238E-002
   46.527777777777771       1.22683539285776966E-002
   48.583333333333329      -1.01623377595821598E-002
   50.638888888888879      -1.41505020249600606E-002
   52.694444444444436       1.29339868309358511E-002
   54.749999999999993       5.70645291518413339E-002
   56.805555555555550       8.90758803041843267E-002
   58.861111111111107       9.27550636024366965E-002
   60.916666666666664       7.38006270238130424E-002
   62.972222222222221       4.76427611796916561E-002
   65.027777777777771       2.58322893908833201E-002
   67.083333333333314       1.20362656818256471E-002
   69.138888888888886       4.89924954860100452E-003
   71.194444444444429       1.76404164821002889E-003
   73.250000000000000       5.67444409833038448E-004
   75.305555555555543       1.64386348177366693E-004
   77.361111111111114       4.31758381191121293E-005
   79.416666666666657       1.03396697995295054E-005
   81.472222222222200       2.26868180851097692E-006
   83.527777777777771       4.58009190748246442E-007
   85.583333333333314       8.53917244929982216E-008
   87.638888888888886       1.47509416054371281E-008
   89.694444444444429       2.36783787107492140E-009
   91.750000000000000       3.54116961701318321E-010
   93.805555555555543       4.94567722827680418E-011
   95.861111111111114       6.46418256852724496E-012
   97.916666666666657       7.92227942225743594E-013
   99.972222222222200       9.12012971372121865E-014
   102.02777777777777       9.87793505490531129E-015
   104.08333333333331       1.00806187438153868E-015
   106.13888888888889       9.70629311207048676E-017
   108.19444444444443       8.82890979121375173E-018
   110.25000000000000       7.59535243146901669E-019
   112.30555555555554       6.18638508519648215E-020
   114.36111111111109       4.77529592482299655E-021
   116.41666666666666       3.49747492857754919E-022
   118.47222222222223       2.59097857354034494E-023
   120.52777777777777       2.59097857354034494E-023
