  -11.027777777777779       2.41486325128480872E-005
  -8.9722222222222232       2.41486325128480872E-005
  -6.9166666666666679      -2.30745358407408001E-005
  -4.8611111111111125      -9.87258643391176137E-005
  -2.8055555555555571       3.35101328723625823E-004
 -0.75000000000000178      -5.74764447309316501E-004
   1.3055555555555536       6.29820250119883908E-004
   3.3611111111111089      -3.49254120881632084E-004
   5.4166666666666643      -2.12729398835304344E-004
   7.4722222222222214       7.12467061464735151E-004
   9.5277777777777750      -7.12495716771607401E-004
   11.583333333333329       1.71289046224929489E-004
   13.638888888888886       2.24239689589023896E-004
   15.694444444444443       3.83339559197395864E-004
   17.749999999999996      -1.62226231749634732E-003
   19.805555555555550       1.47802269838387965E-003
   21.861111111111107       1.15002444657451601E-003
   23.916666666666664      -3.28775121046749868E-003
   25.972222222222221       8.43993432620371948E-004
   28.027777777777771       3.14962890776434483E-003
   30.083333333333329      -9.17181543707865391E-004
   32.138888888888886      -3.58590722103770219E-003
   34.194444444444436      -9.12949612266630763E-004
   36.249999999999993       3.00720491717571242E-003
   38.305555555555550       7.57440444784303769E-003
   40.361111111111107       3.42055527794996993E-003
   42.416666666666664      -1.70458600989401438E-002
   44.472222222222214      -2.63133539291062167E-002
   46.527777777777771      -7.48497278324123175E-004
   48.583333333333329       4.24032098697729246E-002
   50.638888888888879       7.61474344686257631E-002
   52.694444444444436       8.84022629858827180E-002
   54.749999999999993       8.11299903866478378E-002
   56.805555555555550       6.49171641441157743E-002
   58.861111111111107       4.44499186903369106E-002
   60.916666666666664       1.64122833073529102E-002
   62.972222222222221      -1.13355116556187671E-002
   65.027777777777771      -1.71543898644855412E-002
   67.083333333333314       9.32646300754544529E-003
   69.138888888888886       5.21879183996867418E-002
   71.194444444444429       8.44679277482049545E-002
   73.250000000000000       9.13341382686860270E-002
   75.305555555555543       7.65044331882280548E-002
   77.361111111111114       5.27894430697495864E-002
   79.416666666666657       3.10447149875947431E-002
   81.472222222222200       1.59043898196315897E-002
   83.527777777777771       7.20850816405979849E-003
   85.583333333333314       2.92419771656313556E-003
   87.638888888888886       1.07137996630702844E-003
   89.694444444444429       3.57143814345042008E-004
   91.750000000000000       1.08979754861585038E-004
   93.805555555555543       3.05971440182675454E-005
   95.861111111111114       7.93889124240354483E-006
   97.916666666666657       1.91092071778466874E-006
   99.972222222222200       4.28140354185295321E-007
   102.02777777777777       8.95530497072920195E-008
   104.08333333333331       1.75338163471750891E-008
   106.13888888888889       3.22113096065766624E-009
   108.19444444444443       5.56429703489997549E-010
   110.25000000000000       9.05587480093482230E-011
   112.30555555555554       1.39104903244550154E-011
   114.36111111111109       2.02007154342683630E-012
   116.41666666666666       2.78252911244192424E-013
   118.47222222222223       4.06814418878665295E-014
   120.52777777777777       4.06814418878665295E-014
