  -11.027777777777779       1.85989750896871332E-004
  -8.9722222222222232       1.85989750896871332E-004
  -6.9166666666666679      -5.23725884007856884E-004
  -4.8611111111111125       7.54016257728534951E-004
  -2.8055555555555571      -8.00142138611080293E-004
 -0.75000000000000178       6.09774012555996166E-004
   1.3055555555555536      -2.08125248226036165E-004
   3.3611111111111089      -2.55617938693314080E-004
   5.4166666666666643       5.30010973077961554E-004
   7.4722222222222214      -4.02600151627884159E-004
   9.5277777777777750      -8.11731378023141325E-005
   11.583333333333329       5.19721815708514738E-004
   13.638888888888886      -4.31177181170688784E-004
   15.694444444444443      -1.36961742524303794E-004
   17.749999999999996       3.15351690988328198E-004
   19.805555555555550       7.25788006989538286E-004
   21.861111111111107      -2.17479276887409334E-003
   23.916666666666664       1.66058568848395215E-003
   25.972222222222221       1.37043594615680300E-003
   28.027777777777771      -3.03062614130572604E-003
   30.083333333333329      -9.20348456168447286E-005
   32.138888888888886       3.21654115902374801E-003
   34.194444444444436       1.83399382276239848E-004
   36.249999999999993      -3.22846660901180815E-003
   38.305555555555550      -1.97827512660494337E-003
   40.361111111111107       8.24795563058478877E-004
   42.416666666666664       7.46388066355763938E-003
   44.472222222222214       8.10785516122310840E-003
   46.527777777777771      -1.11649845291795606E-002
   48.583333333333329      -2.79832714967463043E-002
   50.638888888888879      -1.32322071325522168E-002
   52.694444444444436       2.60745071118751899E-002
   54.749999999999993       6.48838495966595347E-002
   56.805555555555550       8.55275357812266268E-002
   58.861111111111107       8.47635843286027174E-002
   60.916666666666664       7.22393040242545331E-002
   62.972222222222221       5.46760173989549736E-002
   65.027777777777771       2.83397462097747382E-002
   67.083333333333314      -3.17743522824075718E-003
   69.138888888888886      -1.93976204254824973E-002
   71.194444444444429      -3.58998147929245892E-003
   73.250000000000000       3.62168045698298552E-002
   75.305555555555543       7.44433428723532548E-002
   77.361111111111114       9.09768723202416529E-002
   79.416666666666657       8.34749559745562447E-002
   81.472222222222200       6.23062590955885259E-002
   83.527777777777771       3.94032582949620513E-002
   85.583333333333314       2.16457917312054653E-002
   87.638888888888886       1.05061352331247901E-002
   89.694444444444429       4.56203799460101408E-003
   91.750000000000000       1.78935451332690935E-003
   93.805555555555543       6.38837637081542098E-004
   95.861111111111114       2.08919261664888009E-004
   97.916666666666657       6.29151318631210657E-005
   99.972222222222200       1.75257654188843097E-005
   102.02777777777777       4.53352103030354202E-006
   104.08333333333331       1.09272331646734388E-006
   106.13888888888889       2.46153931910600212E-007
   108.19444444444443       5.19622638827923888E-008
   110.25000000000000       1.03037799330421995E-008
   112.30555555555554       1.92341697091083081E-009
   114.36111111111109       3.38689642023064932E-010
   116.41666666666666       5.65338105352895122E-011
   118.47222222222223       1.01974044867440578E-011
   120.52777777777777       1.01974044867440578E-011
