  -11.027777777777779       8.31527636933368606E-006
  -8.9722222222222232       8.31527636933368606E-006
  -6.9166666666666679      -5.34848242494900773E-005
  -4.8611111111111125       1.69032690250442636E-004
  -2.8055555555555571      -3.53568928096934226E-004
 -0.75000000000000178       5.45250588655665823E-004
   1.3055555555555536      -6.30268980293950307E-004
   3.3611111111111089       4.92451028829502782E-004
   5.4166666666666643      -1.00881112074344202E-004
   7.4722222222222214      -4.09661708090681325E-004
   9.5277777777777750       7.53433752285900208E-004
   11.583333333333329      -6.74435765997084260E-004
   13.638888888888886       2.26414172917064677E-004
   15.694444444444443       1.24600598524520737E-004
   17.749999999999996       1.16027650968407277E-004
   19.805555555555550      -7.42866360795206766E-004
   21.861111111111107       6.69722095743601614E-004
   23.916666666666664       8.34928249155692686E-004
   25.972222222222221      -2.43839220236555937E-003
   28.027777777777771       1.52755721797334437E-003
   30.083333333333329       1.69921043523251999E-003
   32.138888888888886      -2.62865487570801241E-003
   34.194444444444436      -1.01632522456620092E-003
   36.249999999999993       3.03608383068182473E-003
   38.305555555555550       1.07598287255706833E-003
   40.361111111111107      -2.44909124819061913E-003
   42.416666666666664      -2.49193465880747462E-003
   44.472222222222214      -1.46428032583614072E-003
   46.527777777777771       6.04035449212281250E-003
   48.583333333333329       1.14889572977589279E-002
   50.638888888888879      -4.32560832582300128E-003
   52.694444444444436      -2.62162890802728581E-002
   54.749999999999993      -2.24392601351515106E-002
   56.805555555555550       1.01756136925301062E-002
   58.861111111111107       5.12559734718883789E-002
   60.916666666666664       7.95261598728916747E-002
   62.972222222222221       8.59925668080820937E-002
   65.027777777777771       7.79068254630173734E-002
   67.083333333333314       6.37669747130034520E-002
   69.138888888888886       4.04668022656173090E-002
   71.194444444444429       7.58444330220230285E-003
   73.250000000000000      -1.73741728694391979E-002
   75.305555555555543      -1.32459297664721653E-002
   77.361111111111114       2.03285298323772762E-002
   79.416666666666657       6.16030183673403689E-002
   81.472222222222200       8.70138817577384288E-002
   83.527777777777771       8.79993318799446173E-002
   85.583333333333314       7.11455557729786386E-002
   87.638888888888886       4.83461686770685281E-002
   89.694444444444429       2.84226719882034046E-002
   91.750000000000000       1.47334453347865262E-002
   93.805555555555543       6.82615536084216212E-003
   95.861111111111114       2.85588757644686646E-003
   97.916666666666657       1.08771265911757693E-003
   99.972222222222200       3.79621555467611702E-004
   102.02777777777777       1.22074770610825216E-004
   104.08333333333331       3.63371973165180386E-005
   106.13888888888889       1.00521298505706998E-005
   108.19444444444443       2.59330261356501911E-006
   110.25000000000000       6.25839980246967998E-007
   112.30555555555554       1.41666938018445500E-007
   114.36111111111109       3.01575126761335030E-008
   116.41666666666666       6.08206981616384557E-009
   118.47222222222223       1.35024871895915869E-009
   120.52777777777777       1.35024871895915869E-009
