  -11.027777777777779      -3.41037221122403666E-005
  -8.9722222222222232      -3.41037221122403666E-005
  -6.9166666666666679       1.17984769412280403E-004
  -4.8611111111111125      -2.39723449632390736E-004
  -2.8055555555555571       3.95696801235539139E-004
 -0.75000000000000178      -5.46221945086859846E-004
   1.3055555555555536       6.19142598557802432E-004
   3.3611111111111089      -5.35078210924358195E-004
   5.4166666666666643       2.54989384687296131E-004
   7.4722222222222214       1.66958519312420143E-004
   9.5277777777777750      -5.64467400803814645E-004
   11.583333333333329       7.19609158473609629E-004
   13.638888888888886      -5.09859601669430300E-004
   15.694444444444443       5.85542881049153541E-005
   17.749999999999996       2.77730131840424875E-004
   19.805555555555550      -1.98362931912330395E-004
   21.861111111111107      -1.38618570221431617E-004
   23.916666666666664       8.87939201568039302E-005
   25.972222222222221       7.67494190224418866E-004
   28.027777777777771      -1.71106430718176287E-003
   30.083333333333329       1.20643154946275372E-003
   32.138888888888886       9.97250638659743019E-004
   34.194444444444436      -2.42764918070986378E-003
   36.249999999999993       5.66885957583882134E-004
   38.305555555555550       2.44477495511175036E-003
   40.361111111111107      -1.52408207795069923E-003
   42.416666666666664      -2.38972826831734646E-003
   44.472222222222214       2.00668412088639454E-003
   46.527777777777771       1.94196781752009823E-003
   48.583333333333329      -3.53947652895300992E-004
   50.638888888888879      -1.67703797603838307E-003
   52.694444444444436      -4.92732241685570321E-003
   54.749999999999993       4.54268278127981442E-004
   56.805555555555550       1.30975098880295737E-002
   58.861111111111107       8.62106967466752354E-003
   60.916666666666664      -1.49237565844682410E-002
   62.972222222222221      -2.96480631121221160E-002
   65.027777777777771      -1.61077807908378834E-002
   67.083333333333314       2.04448870453270391E-002
   69.138888888888886       5.90271722114795380E-002
   71.194444444444429       8.04195907436954655E-002
   73.250000000000000       8.32437327701783802E-002
   75.305555555555543       7.70711890954164924E-002
   77.361111111111114       6.24187553658466857E-002
   79.416666666666657       3.33905713006028698E-002
   81.472222222222200      -1.91591489900169373E-003
   83.527777777777771      -2.02907560065493375E-002
   85.583333333333314      -6.38710606431004690E-003
   87.638888888888886       3.12454094365271495E-002
   89.694444444444429       6.89503356599497907E-002
   91.750000000000000       8.78251055296826733E-002
   93.805555555555543       8.42128997660684664E-002
   95.861111111111114       6.61798590598172976E-002
   97.916666666666657       4.44342682381662982E-002
   99.972222222222200       2.61298506440536538E-002
   102.02777777777777       1.36841018518834220E-002
   104.08333333333331       6.45939664437184934E-003
   106.13888888888889       2.77369458361083170E-003
   108.19444444444443       1.09139914840966244E-003
   110.25000000000000       3.95870941765279248E-004
   112.30555555555554       1.33031176541913826E-004
   114.36111111111109       4.16308856365390465E-005
   116.41666666666666       1.23441125023419514E-005
   118.47222222222223       4.17102249421647285E-006
   120.52777777777777       4.17102249421647285E-006
