  -10.000000000000000        1.0000000000000000     
  -7.9444444444444446        1.0000000000000000     
  -5.8888888888888893        1.0000000000000000     
  -3.8333333333333339        1.0000000000000000     
  -1.7777777777777786        1.0000000000000000     
  0.27777777777777679        1.0000000000000000     
   2.3333333333333321        1.0000000000000000     
   4.3888888888888875        1.0000000000000000     
   6.4444444444444429        1.0000000000000000     
   8.5000000000000000        1.0000000000000000     
   10.555555555555554        1.0000000000000000     
   12.611111111111107        1.0000000000000000     
   14.666666666666664        1.0000000000000000     
   16.722222222222221        1.0000000000000000     
   18.777777777777775        1.0000000000000000     
   20.833333333333329        1.0000000000000000     
   22.888888888888886        1.0000000000000000     
   24.944444444444443        1.0000000000000000     
   27.000000000000000        1.0000000000000000     
   29.055555555555550        1.0000000000000000     
   31.111111111111107        1.0000000000000000     
   33.166666666666664        1.0000000000000000     
   35.222222222222214        1.0000000000000000     
   37.277777777777771        1.0000000000000000     
   39.333333333333329        1.0000000000000000     
   41.388888888888886        1.0000000000000000     
   43.444444444444443        1.0000000000000000     
   45.499999999999993        1.0000000000000000     
   47.555555555555550        1.0000000000000000     
   49.611111111111107        1.0000000000000000     
   51.666666666666657        1.0000000000000000     
   53.722222222222214        1.0000000000000000     
   55.777777777777771        1.0000000000000000     
   57.833333333333329        1.0000000000000000     
   59.888888888888886        1.0000000000000000     
   61.944444444444443        1.0000000000000000     
   64.000000000000000        1.0000000000000000     
   66.055555555555543        1.0000000000000000     
   68.111111111111100        1.0000000000000000     
   70.166666666666657        1.0000000000000000     
   72.222222222222214        1.0000000000000000     
   74.277777777777771        1.0000000000000000     
   76.333333333333329        1.0000000000000000     
   78.388888888888886        1.0000000000000000     
   80.444444444444429        1.0000000000000000     
   82.499999999999986        1.0000000000000000     
   84.555555555555543        1.0000000000000000     
   86.611111111111100        1.0000000000000000     
   88.666666666666657        1.0000000000000000     
   90.722222222222214        1.0000000000000000     
   92.777777777777771        1.0000000000000000     
   94.833333333333329        1.0000000000000000     
   96.888888888888886        1.0000000000000000     
   98.944444444444429        1.0000000000000000     
   100.99999999999999        1.0000000000000000     
   103.05555555555554        1.0000000000000000     
   105.11111111111110        1.0000000000000000     
   107.16666666666666        1.0000000000000000     
   109.22222222222221        1.0000000000000000     
   111.27777777777777        1.0000000000000000     
   113.33333333333331        1.0000000000000000     
   115.38888888888887        1.0000000000000000     
   117.44444444444443        1.0000000000000000     
   119.50000000000000        1.0000000000000000     
