  -10.000000000000000        0.0000000000000000     
  -7.9444444444444446       1.40080095749504571E-004
  -5.8888888888888893      -2.89834065509054985E-004
  -3.8333333333333339       4.45730816845560677E-004
  -1.7777777777777786      -5.81914691782781449E-004
  0.27777777777777679       6.50130780849949761E-004
   2.3333333333333321      -5.93741427989273856E-004
   4.3888888888888875       3.77393608036445910E-004
   6.4444444444444429      -2.45939850111469749E-005
   8.5000000000000000      -3.58140290720211315E-004
   10.555555555555554       6.00883215781794749E-004
   12.611111111111107      -5.52558307703311050E-004
   14.666666666666664       2.00840753855471843E-004
   16.722222222222221       2.57729195897336328E-004
   18.777777777777775      -5.07864461443560786E-004
   20.833333333333329       3.82348158089285063E-004
   22.888888888888886      -1.08878756763965969E-004
   24.944444444444443       1.92117467716041085E-004
   27.000000000000000      -8.15304107714126341E-004
   29.055555555555550       1.30209858545590708E-003
   31.111111111111107      -5.89101134256592033E-004
   33.166666666666664      -1.22785000938046771E-003
   35.222222222222214       2.14857629476541663E-003
   37.277777777777771      -4.24881723309279550E-004
   39.333333333333329      -2.16172046914591375E-003
   41.388888888888886       1.58140121671756758E-003
   43.444444444444443       1.91947063424073626E-003
   45.499999999999993      -2.47794778782132108E-003
   47.555555555555550      -1.35462553784402640E-003
   49.611111111111107       2.20455915573121832E-003
   51.666666666666657       1.12603384895961184E-003
   53.722222222222214       5.65758396302244683E-004
   55.777777777777771      -2.26889656083080048E-003
   57.833333333333329      -6.39418901160756451E-003
   59.888888888888886       2.24725787259517484E-003
   61.944444444444443       1.48890870324630518E-002
   64.000000000000000       7.30485403923237381E-003
   66.055555555555543      -1.66889016299411157E-002
   68.111111111111100      -3.02035500627907405E-002
   70.166666666666657      -1.59679946442876364E-002
   72.222222222222214       2.07809560406199932E-002
   74.277777777777771       5.84537806986546032E-002
   76.333333333333329       7.88192582232960376E-002
   78.388888888888886       8.26448163503290256E-002
   80.444444444444429       7.84028652772843920E-002
   82.499999999999986       6.38273248355521738E-002
   84.555555555555543       3.32574433454207660E-002
   86.611111111111100      -2.80961443408428956E-003
   88.666666666666657      -2.04906776171539275E-002
   90.722222222222214      -5.85378494768752297E-003
   92.777777777777771       3.15314651632409640E-002
   94.833333333333329       6.84818346985030385E-002
   96.888888888888886       8.70190935766653739E-002
   98.944444444444429       8.37541244834809490E-002
   100.99999999999999       6.63642091520615096E-002
   103.05555555555554       4.50940848177767001E-002
   105.11111111111110       2.69237826001391886E-002
   107.16666666666666       1.43571285530171081E-002
   109.22222222222221       6.91881977729921251E-003
   111.27777777777777       3.04019857370541177E-003
   113.33333333333331       1.22594136496309201E-003
   115.38888888888887       4.53116256985594849E-004
   117.44444444444443       1.42906263663186733E-004
   119.50000000000000        0.0000000000000000     
