  -10.000000000000000        0.0000000000000000     
  -7.9444444444444446      -6.56095100935426561E-006
  -5.8888888888888893       2.66904779983237060E-005
  -3.8333333333333339      -7.06315239030118021E-005
  -1.7777777777777786       1.41962654908911614E-004
  0.27777777777777679      -2.34564695695730122E-004
   2.3333333333333321       3.30779749909180338E-004
   4.3888888888888875      -4.02228633628652773E-004
   6.4444444444444429       4.14948604795285032E-004
   8.5000000000000000      -3.39806158799309103E-004
   10.555555555555554       1.67093538507683996E-004
   12.611111111111107       7.90928527062627579E-005
   14.666666666666664      -3.34545884301225131E-004
   16.722222222222221       5.05719744768889966E-004
   18.777777777777775      -5.02321235061048118E-004
   20.833333333333329       2.85072364972184674E-004
   22.888888888888886       9.35740254476076939E-005
   24.944444444444443      -4.87916567738183528E-004
   27.000000000000000       7.19059917337686147E-004
   29.055555555555550      -6.81673665900379478E-004
   31.111111111111107       4.31883195908507771E-004
   33.166666666666664      -1.68847896185479333E-004
   35.222222222222214       7.79225053866524936E-005
   37.277777777777771      -1.34785293831263551E-004
   39.333333333333329       7.75323446640115534E-005
   41.388888888888886       3.23467795608339327E-004
   43.444444444444443      -8.79909830657549046E-004
   45.499999999999993       9.61367152160890414E-004
   47.555555555555550      -1.26979352023103747E-004
   49.611111111111107      -1.08188134738515995E-003
   51.666666666666657       1.31530793062532695E-003
   53.722222222222214       4.85142884094914286E-005
   55.777777777777771      -1.59302943768933197E-003
   57.833333333333329       1.09737360013988918E-003
   59.888888888888886       1.26584495446141346E-003
   61.944444444444443      -2.24494902678732929E-003
   64.000000000000000      -1.24295295394556650E-004
   66.055555555555543       2.68643083135762214E-003
   68.111111111111100      -1.32232472389398528E-003
   70.166666666666657      -1.87602182341034584E-003
   72.222222222222214       1.68874472598180858E-003
   74.277777777777771       5.63093822233651144E-004
   76.333333333333329      -2.86324704860772199E-004
   78.388888888888886       2.93420170807040515E-004
   80.444444444444429      -2.52477043490914295E-003
   82.499999999999986      -1.10386907916203993E-003
   84.555555555555543       5.74942296383926677E-003
   86.611111111111100       3.41367851119277416E-003
   88.666666666666657      -8.56540251629849848E-003
   90.722222222222214      -1.20634481418304702E-002
   92.777777777777771      -6.13845197823329781E-004
   94.833333333333329       9.68986732426981717E-003
   96.888888888888886      -1.38964559750381477E-003
   98.944444444444429      -3.63446797588475104E-002
   100.99999999999999      -7.44135535964267902E-002
   103.05555555555554      -9.04861441613380446E-002
   105.11111111111110      -7.91235545043769972E-002
   107.16666666666666      -5.20392670267334351E-002
   109.22222222222221      -1.60631868882971200E-002
   111.27777777777777       3.07510671312160866E-002
   113.33333333333331       7.92610702439351389E-002
   115.38888888888887       0.10101978912712793     
   117.44444444444443       7.15818665006721783E-002
   119.50000000000000        0.0000000000000000     
