  -10.000000000000000        0.0000000000000000     
  -7.9444444444444446      -8.36001001383567801E-005
  -5.8888888888888893       1.64555064814865754E-004
  -3.8333333333333339      -2.39376430803586455E-004
  -1.7777777777777786       3.03108141940938345E-004
  0.27777777777777679      -3.49148389349115745E-004
   2.3333333333333321       3.69741401306836106E-004
   4.3888888888888875      -3.57313364476250124E-004
   6.4444444444444429       3.06687363767007008E-004
   8.5000000000000000      -2.17948950926890000E-004
   10.555555555555554       9.93481743607278127E-005
   12.611111111111107       3.08130789233259956E-005
   14.666666666666664      -1.44678792189443302E-004
   16.722222222222221       2.09029734668137585E-004
   18.777777777777775      -1.93741903041955653E-004
   20.833333333333329       8.35155690569408808E-005
   22.888888888888886       1.10326392071663059E-004
   24.944444444444443      -3.43296665647074232E-004
   27.000000000000000       5.42315249147959236E-004
   29.055555555555550      -6.25350030297581929E-004
   31.111111111111107       5.32602901212656443E-004
   33.166666666666664      -2.62382483854845916E-004
   35.222222222222214      -1.18931923271155347E-004
   37.277777777777771       4.68336961696700759E-004
   39.333333333333329      -6.89506801623746435E-004
   41.388888888888886       5.97156173934351351E-004
   43.444444444444443      -5.31853791502275713E-004
   45.499999999999993      -1.54185390881599618E-004
   47.555555555555550      -6.03377664895321303E-004
   49.611111111111107      -1.63905968046193810E-003
   51.666666666666657      -3.01575010382970719E-003
   53.722222222222214      -6.53916233033265126E-003
   55.777777777777771      -1.13017483960729317E-002
   57.833333333333329      -2.08343176927029208E-002
   59.888888888888886      -3.24968992577648746E-002
   61.944444444444443      -4.78826594249973092E-002
   64.000000000000000      -6.53612688351556115E-002
   66.055555555555543      -7.61951349317285809E-002
   68.111111111111100      -7.87649286699088902E-002
   70.166666666666657      -6.74624043458801614E-002
   72.222222222222214      -3.91685580634161742E-002
   74.277777777777771      -7.24071658388611948E-003
   76.333333333333329       1.28030184810128903E-002
   78.388888888888886       1.23934038380552961E-002
   80.444444444444429      -1.50986531373734668E-002
   82.499999999999986      -5.95638085034871229E-002
   84.555555555555543      -8.95873511982569620E-002
   86.611111111111100      -9.13178005141560140E-002
   88.666666666666657      -7.50615456451993734E-002
   90.722222222222214      -4.67696262419662195E-002
   92.777777777777771      -1.61807164605537908E-002
   94.833333333333329       4.97575656048650835E-003
   96.888888888888886       2.20953331468200821E-002
   98.944444444444429       3.26110809260705264E-002
   100.99999999999999       1.94097379012179716E-002
   103.05555555555554      -8.81935067955177954E-003
   105.11111111111110      -2.28814211118028923E-002
   107.16666666666666      -1.40439509544354416E-002
   109.22222222222221       4.54342103627478934E-003
   111.27777777777777       1.60409998412977747E-002
   113.33333333333331       9.27709942264951827E-003
   115.38888888888887      -8.48589740867470438E-003
   117.44444444444443      -1.43370300015662078E-002
   119.50000000000000        0.0000000000000000     
