  -10.000000000000000        0.0000000000000000     
  -7.9444444444444446       7.70144485510626037E-005
  -5.8888888888888893      -1.49914634037298482E-004
  -3.8333333333333339       2.14159105260574895E-004
  -1.7777777777777786      -2.64529894487240138E-004
  0.27777777777777679       2.95231321058247445E-004
   2.3333333333333321      -3.00480678220612697E-004
   4.3888888888888875       2.75669207877404234E-004
   6.4444444444444429      -2.19046142739007168E-004
   8.5000000000000000       1.33679827353502784E-004
   10.555555555555554      -2.91961244712330673E-005
   12.611111111111107      -7.74713920546019898E-005
   14.666666666666664       1.63188286605150024E-004
   16.722222222222221      -2.02457740921339896E-004
   18.777777777777775       1.73788402255599785E-004
   20.833333333333329      -6.90695831149734337E-005
   22.888888888888886      -1.00913896011457007E-004
   24.944444444444443       2.93791568681758374E-004
   27.000000000000000      -4.65276159258409827E-004
   29.055555555555550       5.07386742697292525E-004
   31.111111111111107      -4.86573895869576675E-004
   33.166666666666664       8.78964313127703436E-005
   35.222222222222214      -1.42166706237347351E-004
   37.277777777777771      -1.13445578893585385E-003
   39.333333333333329      -7.40002957088273130E-004
   41.388888888888886      -3.71511116546739337E-003
   43.444444444444443      -5.43189185509978210E-003
   45.499999999999993      -1.11478522673821422E-002
   47.555555555555550      -1.91721125028624130E-002
   49.611111111111107      -3.03172706474037559E-002
   51.666666666666657      -4.57494160489956281E-002
   53.722222222222214      -6.11480155376016021E-002
   55.777777777777771      -7.46637575139021820E-002
   57.833333333333329      -7.85274287740374277E-002
   59.888888888888886      -6.98526612996399898E-002
   61.944444444444443      -4.62424291933268491E-002
   64.000000000000000      -1.46862425620446074E-002
   66.055555555555543       9.23423734788399349E-003
   68.111111111111100       1.47920919424366724E-002
   70.166666666666657      -7.55316398913356401E-003
   72.222222222222214      -4.85714142112345371E-002
   74.277777777777771      -8.32083807333358072E-002
   76.333333333333329      -9.58047561666319214E-002
   78.388888888888886      -8.21689359930970753E-002
   80.444444444444429      -5.04428861556973154E-002
   82.499999999999986      -2.02339750480735776E-002
   84.555555555555543       2.17372371565206085E-004
   86.611111111111100       1.96584028810509598E-002
   88.666666666666657       3.24410255081788584E-002
   90.722222222222214       2.28066279746607301E-002
   92.777777777777771      -6.22635593898266358E-004
   94.833333333333329      -1.86828526904696535E-002
   96.888888888888886      -2.08505380571627520E-002
   98.944444444444429      -2.85480987412457896E-003
   100.99999999999999       1.67416230540297049E-002
   103.05555555555554       1.23163695533659856E-002
   105.11111111111110      -5.25074980200051795E-003
   107.16666666666666      -1.01537250397277408E-002
   109.22222222222221      -2.55170613874410555E-003
   111.27777777777777       5.10539227340088813E-003
   113.33333333333331       5.81238252808816223E-003
   115.38888888888887      -1.68648258875556427E-003
   117.44444444444443      -6.70713585678161996E-003
   119.50000000000000        0.0000000000000000     
