  -10.000000000000000        0.0000000000000000     
  -7.9444444444444446       2.29193250434781446E-005
  -5.8888888888888893      -4.98550052458388682E-005
  -3.8333333333333339       8.40354878974650278E-005
  -1.7777777777777786      -1.27117495687119710E-004
  0.27777777777777679       1.78444918564038324E-004
   2.3333333333333321      -2.34452670355610280E-004
   4.3888888888888875       2.88394256341155907E-004
   6.4444444444444429      -3.30644781932088578E-004
   8.5000000000000000       3.49827315567932716E-004
   10.555555555555554      -3.35013284657837177E-004
   12.611111111111107       2.78729788985917744E-004
   14.666666666666664      -1.81155949429024125E-004
   16.722222222222221       5.18972468962532874E-005
   18.777777777777775       8.33467597753109686E-005
   20.833333333333329      -2.00107392022164907E-004
   22.888888888888886       2.35388593474307001E-004
   24.944444444444443      -2.30135028972102405E-004
   27.000000000000000      -1.76866600808504046E-005
   29.055555555555550      -6.71346159770682327E-006
   31.111111111111107      -8.52519996093442796E-004
   33.166666666666664      -3.36473840920717068E-004
   35.222222222222214      -2.72354083523890927E-003
   37.277777777777771      -3.59314328871184266E-003
   39.333333333333329      -8.12727503093652395E-003
   41.388888888888886      -1.42563805078438077E-002
   43.444444444444443      -2.31082923095782024E-002
   45.499999999999993      -3.71655982941182447E-002
   47.555555555555550      -5.14468559028612160E-002
   49.611111111111107      -6.75017976397837977E-002
   51.666666666666657      -7.71033518112517330E-002
   53.722222222222214      -7.64560986348066379E-002
   55.777777777777771      -6.17266272598949936E-002
   57.833333333333329      -3.41647817144875715E-002
   59.888888888888886      -4.42946898532414930E-003
   61.944444444444443       1.46603465062749485E-002
   64.000000000000000       8.22550650076267660E-003
   66.055555555555543      -2.18610381424834688E-002
   68.111111111111100      -6.25367218905331090E-002
   70.166666666666657      -9.28472363109288795E-002
   72.222222222222214      -9.34541701754254550E-002
   74.277777777777771      -7.02221063154606084E-002
   76.333333333333329      -3.89215015239461060E-002
   78.388888888888886      -9.85227180486050388E-003
   80.444444444444429       1.05771342241475393E-002
   82.499999999999986       2.37715143749779693E-002
   84.555555555555543       3.00499993246718007E-002
   86.611111111111100       1.83858678280435367E-002
   88.666666666666657      -9.38535088504216866E-003
   90.722222222222214      -2.45152497590819356E-002
   92.777777777777771      -1.35379516072562985E-002
   94.833333333333329       5.08528846102420436E-003
   96.888888888888886       1.50148073139051031E-002
   98.944444444444429       9.41168610970890586E-003
   100.99999999999999      -7.18035044308218580E-003
   103.05555555555554      -1.19446808367148841E-002
   105.11111111111110       8.99049128912828184E-004
   107.16666666666666       8.26732298944564403E-003
   109.22222222222221       1.93530081090421686E-003
   111.27777777777777      -4.00901955579073457E-003
   113.33333333333331      -2.85831694369116131E-003
   115.38888888888887       1.34726598237684290E-003
   117.44444444444443       3.10860210478762760E-003
   119.50000000000000        0.0000000000000000     
