  -10.000000000000000        0.0000000000000000     
  -7.9444444444444446      -4.22498162683754102E-005
  -5.8888888888888893       8.64541446695305692E-005
  -3.8333333333333339      -1.33903183108039875E-004
  -1.7777777777777786       1.84582734926099146E-004
  0.27777777777777679      -2.36697332681484263E-004
   2.3333333333333321       2.86177395933204931E-004
   4.3888888888888875      -3.27245784168139428E-004
   6.4444444444444429       3.51130108490011416E-004
   8.5000000000000000      -3.52811785822166474E-004
   10.555555555555554       3.16004386604246167E-004
   12.611111111111107      -2.64564282385131564E-004
   14.666666666666664       1.27934622841689477E-004
   16.722222222222221      -1.12591403559137422E-004
   18.777777777777775      -2.53845220280504063E-004
   20.833333333333329      -2.51543486595980103E-004
   22.888888888888886      -1.11564865200200567E-003
   24.944444444444443      -1.80653954507072122E-003
   27.000000000000000      -3.92405246177028686E-003
   29.055555555555550      -7.60004432675933251E-003
   31.111111111111107      -1.28303957816733542E-002
   33.166666666666664      -2.26461998214910649E-002
   35.222222222222214      -3.37222274452010987E-002
   37.277777777777771      -4.96601340505089944E-002
   39.333333333333329      -6.40726898083374685E-002
   41.388888888888886      -7.51305962640844704E-002
   43.444444444444443      -7.74363334075604398E-002
   45.499999999999993      -6.45569007215750501E-002
   47.555555555555550      -4.13656816455612864E-002
   49.611111111111107      -1.04645810621529917E-002
   51.666666666666657       1.08672537075811624E-002
   53.722222222222214       1.14941860149435689E-002
   55.777777777777771      -1.28110932448741999E-002
   57.833333333333329      -5.33680219670366329E-002
   59.888888888888886      -8.70587218043158417E-002
   61.944444444444443      -9.71504027347104837E-002
   64.000000000000000      -7.81416980520900917E-002
   66.055555555555543      -4.49419112259392545E-002
   68.111111111111100      -1.35350472845225094E-002
   70.166666666666657       8.65843722646201554E-003
   72.222222222222214       2.14580527869576640E-002
   74.277777777777771       2.88482703331730955E-002
   76.333333333333329       2.21292260419368447E-002
   78.388888888888886      -5.62310346144873074E-004
   80.444444444444429      -2.05109906223615163E-002
   82.499999999999986      -2.11968187002335856E-002
   84.555555555555543      -2.85000299846101431E-003
   86.611111111111100       1.62076236552306935E-002
   88.666666666666657       1.43702837130606220E-002
   90.722222222222214      -3.87031883371241007E-003
   92.777777777777771      -1.17216458845100166E-002
   94.833333333333329      -3.27127664425246522E-003
   96.888888888888886       4.26798795095477586E-003
   98.944444444444429       5.38051625225075859E-003
   100.99999999999999       1.33543803269776983E-003
   103.05555555555554      -5.66322259596059759E-003
   105.11111111111110      -3.12663496964244066E-003
   107.16666666666666       5.38676624791415305E-003
   109.22222222222221       2.05695694703717478E-003
   111.27777777777777      -4.37271563593480492E-003
   113.33333333333331      -4.21841340824417519E-005
   115.38888888888887       2.47114141631489233E-003
   117.44444444444443      -1.34868867004480589E-003
   119.50000000000000        0.0000000000000000     
