  -10.000000000000000        0.0000000000000000     
  -7.9444444444444446       5.37662459241834695E-005
  -5.8888888888888893      -1.07975920502852445E-004
  -3.8333333333333339       1.61191733568541830E-004
  -1.7777777777777786      -2.15576206288307654E-004
  0.27777777777777679       2.58517975394701902E-004
   2.3333333333333321      -3.14129913581265123E-004
   4.3888888888888875       3.01387367424282154E-004
   6.4444444444444429      -4.11265550055507395E-004
   8.5000000000000000       1.47380305672183164E-004
   10.555555555555554      -6.81415353171170145E-004
   12.611111111111107      -6.80432685040891112E-004
   14.666666666666664      -1.97148817469942114E-003
   16.722222222222221      -3.69192982663599494E-003
   18.777777777777775      -6.89111579540402190E-003
   20.833333333333329      -1.25582225419597869E-002
   22.888888888888886      -2.05476366208037879E-002
   24.944444444444443      -3.23650274626707674E-002
   27.000000000000000      -4.65250618611942057E-002
   29.055555555555550      -6.12536689872426598E-002
   31.111111111111107      -7.35642547274589498E-002
   33.166666666666664      -7.63595469652735559E-002
   35.222222222222214      -6.86095575427135146E-002
   37.277777777777771      -4.60627697704815361E-002
   39.333333333333329      -1.77217651398348559E-002
   41.388888888888886       6.49540527266508159E-003
   43.444444444444443       1.34876274538082586E-002
   45.499999999999993      -6.32530071768880320E-003
   47.555555555555550      -4.23334319490282079E-002
   49.611111111111107      -8.10622614167201272E-002
   51.666666666666657      -9.76302289368174425E-002
   53.722222222222214      -8.54031248099982043E-002
   55.777777777777771      -5.33052295259920372E-002
   57.833333333333329      -1.74884247044796645E-002
   59.888888888888886       6.42305034585190400E-003
   61.944444444444443       2.06671805406342807E-002
   64.000000000000000       2.68225801046184688E-002
   66.055555555555543       2.38665621340287334E-002
   68.111111111111100       7.34187502624359441E-003
   70.166666666666657      -1.53498720760642665E-002
   72.222222222222214      -2.38449180625729847E-002
   74.277777777777771      -1.09462384606178308E-002
   76.333333333333329       1.15324553856346636E-002
   78.388888888888886       1.83247133862396647E-002
   80.444444444444429       3.42616078080406217E-003
   82.499999999999986      -1.04390859003888649E-002
   84.555555555555543      -9.27411794325087337E-003
   86.611111111111100       1.15802049459550740E-003
   88.666666666666657       8.32379798557655870E-003
   90.722222222222214       3.64385001835212594E-003
   92.777777777777771      -5.56481537895901334E-003
   94.833333333333329      -4.25129851653426906E-003
   96.888888888888886       3.38333708784797557E-003
   98.944444444444429       2.52190482229411837E-003
   100.99999999999999      -1.64420813167930817E-003
   103.05555555555554      -4.41692490251688026E-004
   105.11111111111110      -7.28763977768632446E-005
   107.16666666666666      -6.26474758607323571E-004
   109.22222222222221       1.41074583663174276E-003
   111.27777777777777       6.02509570134621576E-004
   113.33333333333331      -1.96644791329296130E-003
   115.38888888888887      -2.31665090576100912E-004
   117.44444444444443       1.99240980307360729E-003
   119.50000000000000        0.0000000000000000     
