  -10.000000000000000        0.0000000000000000     
  -7.9444444444444446      -9.28734885238671282E-005
  -5.8888888888888893      -2.46757658179333093E-004
  -3.8333333333333339      -5.80525794511471942E-004
  -1.7777777777777786      -1.17637708712737708E-003
  0.27777777777777679      -2.49976493536381832E-003
   2.3333333333333321      -4.59545688378679845E-003
   4.3888888888888875      -8.68631875456688136E-003
   6.4444444444444429      -1.45048623875304022E-002
   8.5000000000000000      -2.39782555753640311E-002
   10.555555555555554      -3.55454493340607441E-002
   12.611111111111107      -5.03487750869940354E-002
   14.666666666666664      -6.38090439688783484E-002
   16.722222222222221      -7.42348458371509951E-002
   18.777777777777775      -7.49105490773965543E-002
   20.833333333333329      -6.40356790231793316E-002
   22.888888888888886      -4.12155127342740193E-002
   24.944444444444443      -1.31617983898175417E-002
   27.000000000000000       7.82105297263321203E-003
   29.055555555555550       1.07163769585300172E-002
   31.111111111111107      -1.09347651560568436E-002
   33.166666666666664      -4.86821952758797333E-002
   35.222222222222214      -8.40237363931148062E-002
   37.277777777777771      -9.86083495116960168E-002
   39.333333333333329      -8.20671571839251268E-002
   41.388888888888886      -4.76865929957856552E-002
   43.444444444444443      -1.01686878438024611E-002
   45.499999999999993       1.32404350237195073E-002
   47.555555555555550       2.35319357813139757E-002
   49.611111111111107       2.63148999773087020E-002
   51.666666666666657       1.97898043542019120E-002
   53.722222222222214       5.80529414311334400E-003
   55.777777777777771      -1.52130993244132783E-002
   57.833333333333329      -2.37042187846649016E-002
   59.888888888888886      -1.11788563166466178E-002
   61.944444444444443       1.03946859834526100E-002
   64.000000000000000       1.95753018012728465E-002
   66.055555555555543       5.86470934660017051E-003
   68.111111111111100      -1.06929075452605465E-002
   70.166666666666657      -1.19484860276059413E-002
   72.222222222222214       7.44312993264844951E-004
   74.277777777777771       9.22112750564720376E-003
   76.333333333333329       4.22020706363343805E-003
   78.388888888888886      -3.86620428922017628E-003
   80.444444444444429      -5.72869489974915398E-003
   82.499999999999986       6.98628291414941840E-004
   84.555555555555543       4.93797132811029868E-003
   86.611111111111100       2.23933793057092814E-004
   88.666666666666657      -3.03710653042587762E-003
   90.722222222222214      -4.55142168047779645E-004
   92.777777777777771       1.42880077159194380E-003
   94.833333333333329       4.81384945463287262E-004
   96.888888888888886      -4.65871436633245319E-004
   98.944444444444429      -4.28967558325547837E-004
   100.99999999999999       1.58947936137345371E-005
   103.05555555555554       3.65626302264444511E-004
   105.11111111111110       1.46682027211266853E-005
   107.16666666666666      -6.86088559022121191E-005
   109.22222222222221      -4.47555511653306346E-005
   111.27777777777777      -3.99041917106061602E-004
   113.33333333333331       4.80384232589781243E-004
   115.38888888888887       4.89054828517815820E-004
   117.44444444444443      -1.01691042295554688E-003
   119.50000000000000        0.0000000000000000     
