  -10.000000000000000        0.0000000000000000     
  -7.9444444444444446       4.17898164139721660E-003
  -5.8888888888888893      -5.24908417013997784E-003
  -3.8333333333333339      -1.13571358752983000E-002
  -1.7777777777777786       8.63441443116809426E-003
  0.27777777777777679       4.12062181306669870E-002
   2.3333333333333321       8.11223100434430022E-002
   4.3888888888888875       0.10254516890904568     
   6.4444444444444429       8.27941707623241763E-002
   8.5000000000000000       5.01134451528654906E-002
   10.555555555555554       2.57279941662387594E-002
   12.611111111111107       9.64815247705241678E-003
   14.666666666666664      -6.11371226444193481E-003
   16.722222222222221      -6.60662344820803042E-003
   18.777777777777775       1.54300864778613833E-002
   20.833333333333329       5.27759671117258022E-002
   22.888888888888886       9.01933232413196506E-002
   24.944444444444443       9.96693114581787692E-002
   27.000000000000000       7.59014532131784825E-002
   29.055555555555550       4.19760984159524980E-002
   31.111111111111107       1.76117514701613596E-002
   33.166666666666664       5.80250929894453229E-003
   35.222222222222214       1.54201701779986262E-003
   37.277777777777771       3.37563018661550529E-004
   39.333333333333329       6.18973122900944939E-005
   41.388888888888886       9.63592275256104909E-006
   43.444444444444443       1.28766060499021984E-006
   45.499999999999993       1.49054782518030670E-007
   47.555555555555550       1.50597470842102480E-008
   49.611111111111107       1.33652083363521191E-009
   51.666666666666657       1.04747085998514731E-010
   53.722222222222214       7.28236317097042791E-012
   55.777777777777771       4.50828343350767731E-013
   57.833333333333329       2.49305950417437401E-014
   59.888888888888886       1.23473011699936582E-015
   61.944444444444443       5.48845518999346954E-017
   64.000000000000000       2.19326284269648252E-018
   66.055555555555543       7.88920382934136825E-020
   68.111111111111100       2.55647081222744483E-021
   70.166666666666657       7.46628672384654507E-023
   72.222222222222214       1.96536618284147418E-024
   74.277777777777771       4.66122416567337456E-026
   76.333333333333329       9.95250736624723303E-028
   78.388888888888886       1.91074078879460122E-029
   80.444444444444429       3.29269818404796967E-031
   82.499999999999986       5.08140920914863393E-033
   84.555555555555543       7.00198381282229599E-035
   86.611111111111100       8.58338225629212899E-037
   88.666666666666657       9.31750499998448689E-039
   90.722222222222214       8.90565330114594512E-041
   92.777777777777771       7.44166143400871018E-043
   94.833333333333329       5.38810849273691245E-045
   96.888888888888886       3.34220717075834805E-047
   98.944444444444429       1.75009294853650978E-049
   100.99999999999999       7.58546531415682667E-052
   103.05555555555554       2.64825198952426408E-054
   105.11111111111110       7.15552774222939724E-057
   107.16666666666666       1.40398027393096536E-059
   109.22222222222221       1.77954402950605249E-062
   111.27777777777777       1.09364077082690328E-065
   113.33333333333331        0.0000000000000000     
   115.38888888888887        0.0000000000000000     
   117.44444444444443        0.0000000000000000     
   119.50000000000000        0.0000000000000000     
