  -10.000000000000000        0.0000000000000000     
  -7.9444444444444446      -3.25965052706253186E-003
  -5.8888888888888893       2.29981466217260219E-003
  -3.8333333333333339       4.13937287769977885E-003
  -1.7777777777777786      -3.86514394449916912E-003
  0.27777777777777679      -1.12764929096714917E-002
   2.3333333333333321      -2.13863283633157399E-003
   4.3888888888888875       2.62491836947319861E-002
   6.4444444444444429       6.77329067377670790E-002
   8.5000000000000000       9.96440481092206315E-002
   10.555555555555554       9.16304042398791013E-002
   12.611111111111107       6.19920134851948690E-002
   14.666666666666664       3.54980814936400046E-002
   16.722222222222221       1.71659872599585692E-002
   18.777777777777775      -2.17777532858998580E-003
   20.833333333333329      -9.31503949619377422E-003
   22.888888888888886       3.85048040512460648E-003
   24.944444444444443       3.71433741890875857E-002
   27.000000000000000       7.90903653682462765E-002
   29.055555555555550       0.10010967065251983     
   31.111111111111107       8.63764087330552710E-002
   33.166666666666664       5.45254904025159470E-002
   35.222222222222214       2.64265748003120506E-002
   37.277777777777771       1.01852646175991605E-002
   39.333333333333329       3.20530661805115734E-003
   41.388888888888886       8.40615158945969628E-004
   43.444444444444443       1.86707172813407071E-004
   45.499999999999993       3.55801019797959269E-005
   47.555555555555550       5.87979481820379661E-006
   49.611111111111107       8.50098529881595683E-007
   51.666666666666657       1.08332210353519829E-007
   53.722222222222214       1.22451811397853373E-008
   55.777777777777771       1.23432753564221320E-009
   57.833333333333329       1.11470739060155958E-010
   59.888888888888886       9.05495978968597936E-012
   61.944444444444443       6.63896815684205723E-013
   64.000000000000000       4.40647953412915500E-014
   66.055555555555543       2.65441958857962234E-015
   68.111111111111100       1.45440207643406200E-016
   70.166666666666657       7.26179132107255362E-018
   72.222222222222214       3.30920759480843311E-019
   74.277777777777771       1.37810046111864434E-020
   76.333333333333329       5.24996486200798400E-022
   78.388888888888886       1.83098277461307982E-023
   80.444444444444429       5.84915608857002431E-025
   82.499999999999986       1.71201952645187747E-026
   84.555555555555543       4.59148211346187290E-028
   86.611111111111100       1.12808751974798126E-029
   88.666666666666657       2.53797160774298663E-031
   90.722222222222214       5.22491071947718646E-033
   92.777777777777771       9.83311418423404198E-035
   94.833333333333329       1.68951727363927199E-036
   96.888888888888886       2.64597835917158755E-038
   98.944444444444429       3.76955806938685229E-040
   100.99999999999999       4.87322136387611361E-042
   103.05555555555554       5.70016467531368196E-044
   105.11111111111110       6.01135794986643508E-046
   107.16666666666666       5.69159100193887739E-048
   109.22222222222221       4.81347436432509118E-050
   111.27777777777777       3.61384621243087457E-052
   113.33333333333331       2.39053713561752185E-054
   115.38888888888887       1.38035127261390576E-056
   117.44444444444443       6.87630458655291317E-059
   119.50000000000000        0.0000000000000000     
