  -10.000000000000000        0.0000000000000000     
  -7.9444444444444446       3.13878551304659658E-005
  -5.8888888888888893      -2.16218116769181681E-004
  -3.8333333333333339       5.46239145592324234E-004
  -1.7777777777777786      -7.77277500940689366E-004
  0.27777777777777679       5.60778801852088475E-004
   2.3333333333333321       1.73296258062882860E-004
   4.3888888888888875      -8.53154918536255802E-004
   6.4444444444444429       5.68976190996584442E-004
   8.5000000000000000       6.45509126015764178E-004
   10.555555555555554      -9.07591479149724148E-004
   12.611111111111107      -1.44908405334539104E-003
   14.666666666666664       3.76155987463455601E-003
   16.722222222222221      -8.56990437011377788E-004
   18.777777777777775      -4.22299134153997398E-003
   20.833333333333329       8.11112244528726378E-004
   22.888888888888886       4.89920150187068016E-003
   24.944444444444443       4.33401941687169313E-003
   27.000000000000000      -3.75141543231201227E-003
   29.055555555555550      -1.71821369046615269E-002
   31.111111111111107      -1.71518881312832314E-002
   33.166666666666664       1.74401814122366675E-002
   35.222222222222214       6.44195366731745572E-002
   37.277777777777771       8.87293784578282035E-002
   39.333333333333329       8.79774910059900328E-002
   41.388888888888886       7.25984797595700115E-002
   43.444444444444443       5.07302230737181614E-002
   45.499999999999993       2.75345526129621120E-002
   47.555555555555550       2.85829707910552778E-003
   49.611111111111107      -1.50438817600251386E-002
   51.666666666666657      -7.38143917519774179E-003
   53.722222222222214       2.93464644658055739E-002
   55.777777777777771       7.20840725832125051E-002
   57.833333333333329       9.38761931273376926E-002
   59.888888888888886       8.73658543218505113E-002
   61.944444444444443       6.38906586741640470E-002
   64.000000000000000       3.85021239094036696E-002
   66.055555555555543       1.96847877135354829E-002
   68.111111111111100       8.71066500262969792E-003
   70.166666666666657       3.38559632475868982E-003
   72.222222222222214       1.16901101052897566E-003
   74.277777777777771       3.61867582563375994E-004
   76.333333333333329       1.01174058561616254E-004
   78.388888888888886       2.57093736487188150E-005
   80.444444444444429       5.96935180403227624E-006
   82.499999999999986       1.27223984032044058E-006
   84.555555555555543       2.49893269065499598E-007
   86.611111111111100       4.53955171895054636E-008
   88.666666666666657       7.65068562508820023E-009
   90.722222222222214       1.19957534401629857E-009
   92.777777777777771       1.75421082881964414E-010
   94.833333333333329       2.39797356783079802E-011
   96.888888888888886       3.07046924039452338E-012
   98.944444444444429       3.68953848478209270E-013
   100.99999999999999       4.16758872226451052E-014
   103.05555555555554       4.43219858692163753E-015
   105.11111111111110       4.44421822442909741E-016
   107.16666666666666       4.20710730317108406E-017
   109.22222222222221       3.76451452291187655E-018
   111.27777777777777       3.18754091295180913E-019
   113.33333333333331       2.55664770250177272E-020
   115.38888888888887       1.94427921004857138E-021
   117.44444444444443       1.39695564098061331E-022
   119.50000000000000        0.0000000000000000     
