  -10.000000000000000        0.0000000000000000     
  -7.9444444444444446      -1.15481303935725100E-004
  -5.8888888888888893       2.56758369356199919E-004
  -3.8333333333333339      -4.27226239120414067E-004
  -1.7777777777777786       5.92069850136731383E-004
  0.27777777777777679      -6.78057827102375010E-004
   2.3333333333333321       5.98771353481477382E-004
   4.3888888888888875      -3.07590495652827051E-004
   6.4444444444444429      -1.39982270001814935E-004
   8.5000000000000000       5.61190431277598634E-004
   10.555555555555554      -7.14800653587832212E-004
   12.611111111111107       4.74508745295242138E-004
   14.666666666666664      -3.46738817066715799E-006
   16.722222222222221      -2.79478283780784675E-004
   18.777777777777775       7.39774944907028878E-005
   20.833333333333329       3.27699824366816761E-004
   22.888888888888886      -1.11750346171022002E-004
   24.944444444444443      -1.05970054413482119E-003
   27.000000000000000       2.02703816615478361E-003
   29.055555555555550      -9.86441733145654656E-004
   31.111111111111107      -1.66619304145706375E-003
   33.166666666666664       2.44700543789616327E-003
   35.222222222222214       5.36431214262517750E-004
   37.277777777777771      -2.91527184031586950E-003
   39.333333333333329       1.54102516686991080E-005
   41.388888888888886       3.07726159112555516E-003
   43.444444444444443       1.91568934918978748E-004
   45.499999999999993      -1.77385566182553965E-003
   47.555555555555550      -3.08808414262479007E-003
   49.611111111111107      -2.19717286972789328E-003
   51.666666666666657       8.39554082063875481E-003
   53.722222222222214       1.21784096366031411E-002
   55.777777777777771      -6.85113075763321352E-003
   57.833333333333329      -2.75354838219946801E-002
   59.888888888888886      -2.21016194101193303E-002
   61.944444444444443       1.04111840358314892E-002
   64.000000000000000       5.10596226950036092E-002
   66.055555555555543       7.84568873292616903E-002
   68.111111111111100       8.47683411160322781E-002
   70.166666666666657       7.84092599697275711E-002
   72.222222222222214       6.55326269699564035E-002
   74.277777777777771       4.11311690912466651E-002
   76.333333333333329       6.70235965639342634E-003
   78.388888888888886      -1.81063336687280127E-002
   80.444444444444429      -1.29155242589919957E-002
   82.499999999999986       2.08875391719880177E-002
   84.555555555555543       6.14229248841628994E-002
   86.611111111111100       8.62118174808052806E-002
   88.666666666666657       8.73506765050884454E-002
   90.722222222222214       7.11581033439062233E-002
   92.777777777777771       4.89498085953263412E-002
   94.833333333333329       2.92490083207309418E-002
   96.888888888888886       1.54652295562733300E-002
   98.944444444444429       7.33216947657436106E-003
   100.99999999999999       3.14833195416852531E-003
   103.05555555555554       1.23400643895039313E-003
   105.11111111111110       4.44341375539912054E-004
   107.16666666666666       1.47769162816363759E-004
   109.22222222222221       4.55901525178056856E-005
   111.27777777777777       1.30995308264654941E-005
   113.33333333333331       3.51690896841773682E-006
   115.38888888888887       8.83174277954210610E-007
   117.44444444444443       1.99508950004255408E-007
   119.50000000000000        0.0000000000000000     
