  -10.000000000000000        0.0000000000000000     
  -7.9444444444444446       2.24041485333604650E-004
  -5.8888888888888893      -3.95871482897633344E-004
  -3.8333333333333339       4.67685270356053753E-004
  -1.7777777777777786      -4.06065859373960281E-004
  0.27777777777777679       2.09367483102456168E-004
   2.3333333333333321       7.30420810445312439E-005
   4.3888888888888875      -3.34287711037733093E-004
   6.4444444444444429       4.35631367201965249E-004
   8.5000000000000000      -2.74229226376379630E-004
   10.555555555555554      -1.28031142710548370E-004
   12.611111111111107       5.78911250648294967E-004
   14.666666666666664      -7.94330588210100412E-004
   16.722222222222221       6.16188530633381354E-004
   18.777777777777775      -2.26330392267787734E-004
   20.833333333333329       8.34122390514929903E-005
   22.888888888888886      -4.47009474901861707E-004
   24.944444444444443       8.57510028372833076E-004
   27.000000000000000      -3.73170308592420856E-004
   29.055555555555550      -1.16149508522212018E-003
   31.111111111111107       2.16883422751030846E-003
   33.166666666666664      -7.99104951482117729E-004
   35.222222222222214      -1.90223153358903439E-003
   37.277777777777771       2.05742375914020953E-003
   39.333333333333329       1.27280969874580272E-003
   41.388888888888886      -2.78856087855723720E-003
   43.444444444444443      -7.51509349395604711E-004
   45.499999999999993       2.75961726838133779E-003
   47.555555555555550       8.21621856269273611E-004
   49.611111111111107      -6.30673449036879617E-004
   51.666666666666657      -3.03117995348380987E-003
   53.722222222222214      -4.59448558365055468E-003
   55.777777777777771       5.73134113997483124E-003
   57.833333333333329       1.45026976262315893E-002
   59.888888888888886       5.72718721870302087E-004
   61.944444444444443      -2.32343702494387273E-002
   64.000000000000000      -2.80469077846105010E-002
   66.055555555555543      -3.94032397661111047E-003
   68.111111111111100       3.62139056958325420E-002
   70.166666666666657       6.96916673581122054E-002
   72.222222222222214       8.30968778623740467E-002
   74.277777777777771       8.16008490930997810E-002
   76.333333333333329       7.29635912368006984E-002
   78.388888888888886       5.31363764110715509E-002
   80.444444444444429       1.95397129725584338E-002
   82.499999999999986      -1.22313418726748835E-002
   84.555555555555543      -1.88712479228315792E-002
   86.611111111111100       6.34291206923071754E-003
   88.666666666666657       4.69151804135297876E-002
   90.722222222222214       7.88772914053603724E-002
   92.777777777777771       8.87905451907024940E-002
   94.833333333333329       7.84203323738483504E-002
   96.888888888888886       5.78539120716397293E-002
   98.944444444444429       3.68674671320315672E-002
   100.99999999999999       2.07257924639208599E-002
   103.05555555555554       1.04298462365334278E-002
   105.11111111111110       4.74937459796594911E-003
   107.16666666666666       1.97344324128819045E-003
   109.22222222222221       7.53287761597711924E-004
   111.27777777777777       2.65608593269287072E-004
   113.33333333333331       8.68923763453434059E-005
   115.38888888888887       2.63820492857983624E-005
   117.44444444444443       7.04755585095179972E-006
   119.50000000000000        0.0000000000000000     
