  -10.750000000000000       2.37236655965013775E-003
  -10.250000000000000       2.37236655965013775E-003
  -9.7500000000000000       3.88616506243924346E-003
  -9.2500000000000000       8.02741405475268857E-003
  -8.7500000000000000       1.21411066619348026E-002
  -8.2500000000000000       1.84692196184206535E-002
  -7.7500000000000000       2.48715264972055317E-002
  -7.2500000000000000       3.10466343255230148E-002
  -6.7500000000000000       3.89160635409861386E-002
  -6.2500000000000000       4.60657351636086648E-002
  -5.7500000000000000       5.44791830454727996E-002
  -5.2500000000000000       6.17899420404951771E-002
  -4.7500000000000000       6.87246136463426915E-002
  -4.2500000000000000       7.62686945480589157E-002
  -3.7500000000000000       8.20614015825308629E-002
  -3.2500000000000000       8.78883190641924494E-002
  -2.7500000000000000       9.19581890206088021E-002
  -2.2500000000000000       9.55418965719405239E-002
  -1.7500000000000000       9.82744168950739627E-002
  -1.2500000000000000       9.87017611701031250E-002
 -0.75000000000000000       9.93998763060677387E-002
 -0.25000000000000000       9.77419841438353920E-002
  0.25000000000000000       9.52711272821295807E-002
  0.75000000000000000       9.22351951941261239E-002
   1.2500000000000000       8.69050357109498184E-002
   1.7500000000000000       8.20730535709715964E-002
   2.2500000000000000       7.55299663120039544E-002
   2.7500000000000000       6.82739603070933732E-002
   3.2500000000000000       6.15038292334949901E-002
   3.7500000000000000       5.36863856527648106E-002
   4.2500000000000000       4.57790195126714650E-002
   4.7500000000000000       3.78751985179684100E-002
   5.2500000000000000       3.12518069257209929E-002
   5.7500000000000000       2.41506965343541297E-002
   6.2500000000000000       1.76115135473339859E-002
   6.7500000000000000       1.24852399475981774E-002
   7.2500000000000000       7.31057083568788148E-003
   7.7500000000000000       4.93423533744729442E-003
   8.2500000000000000       2.74591997638676559E-003
   8.7500000000000000       6.54611314257335470E-004
   9.2500000000000000       4.09436326112168629E-004
   9.7500000000000000      -2.01949865979986003E-004
   10.250000000000000       1.90821817447915871E-004
   10.750000000000000       2.30011087369381018E-003
   11.250000000000000       4.32801195958565973E-003
   11.750000000000000       8.17330816719616729E-003
   12.250000000000000       1.27035164035149313E-002
   12.750000000000000       1.81793587090293939E-002
   13.250000000000000       2.44907350694475792E-002
   13.750000000000000       3.15020722470468681E-002
   14.250000000000000       3.86458295213526135E-002
   14.750000000000000       4.62437027469471476E-002
   15.250000000000000       5.44901830845880356E-002
   15.750000000000000       6.15219740390406736E-002
   16.250000000000000       6.89927822857496070E-002
   16.750000000000000       7.62252997072618288E-002
   17.250000000000000       8.20235197970474311E-002
   17.750000000000000       8.77547608201646595E-002
   18.250000000000000       9.22344576880002737E-002
   18.750000000000000       9.54021581987927192E-002
   19.250000000000000       9.80748130358246595E-002
   19.750000000000000       9.91676836262398720E-002
   20.250000000000000       9.89390940572983518E-002
   20.750000000000000       9.79309539716372579E-002
   21.250000000000000       9.54600971099312801E-002
   21.750000000000000       9.17744129453566260E-002
   22.250000000000000       8.73709581670866764E-002
   22.750000000000000       8.18734497117223070E-002
   23.250000000000000       7.53902279388561358E-002
   23.750000000000000       6.85502289744843174E-002
   24.250000000000000       6.13702709894631826E-002
   24.750000000000000       5.36485038672492309E-002
   25.250000000000000       4.57356246716331960E-002
   25.750000000000000       3.81433671556854342E-002
   26.250000000000000       3.09838389131881810E-002
   26.750000000000000       2.41616965055837588E-002
   27.250000000000000       1.77894807423549621E-002
   27.750000000000000       1.22150038574190233E-002
   28.250000000000000       7.76599848179376512E-003
   28.750000000000000       4.55339652835957693E-003
   29.250000000000000       2.45585642175031238E-003
   29.750000000000000       1.21621868322370182E-003
   30.250000000000000       5.52394881272775021E-004
   30.750000000000000       2.29992313551668126E-004
   31.250000000000000       8.78034073207415610E-005
   31.750000000000000       3.07627241708260490E-005
   32.250000000000000       9.90471761466364095E-006
   32.750000000000000       2.93555728282090552E-006
   33.250000000000000       8.02372613793670725E-007
   33.750000000000000       2.02645245143608336E-007
   34.250000000000000       4.73813297761622580E-008
   34.750000000000000       1.02754179673948219E-008
   35.250000000000000       2.07054558506226450E-009
   35.750000000000000       3.88317509295953526E-010
   36.250000000000000       6.78856010682870146E-011
   36.750000000000000       1.10783391709046390E-011
   37.250000000000000       1.68982569887828616E-012
   37.750000000000000       2.41207427650967013E-013
   38.250000000000000       3.22538194273495821E-014
   38.750000000000000       4.04412332343117114E-015
   39.250000000000000       4.75865598051239911E-016
   39.750000000000000       5.25871428243164072E-017
   40.250000000000000       5.46116589426869507E-018
   40.750000000000000       5.33254991451636392E-019
   41.250000000000000       4.89802341710182208E-020
   41.750000000000000       4.23346689883295577E-021
   42.250000000000000       3.44409459833199118E-022
   42.750000000000000       2.63774900801783388E-023
   43.250000000000000       1.90199409936290300E-024
   43.750000000000000       1.29122458803892102E-025
   44.250000000000000       8.25225007230391715E-027
   44.750000000000000       4.96412466977762205E-028
   45.250000000000000       2.80992049637506989E-029
   45.750000000000000       1.49611826115873168E-030
   46.250000000000000       7.48952181613748885E-032
   46.750000000000000       3.52296351762972407E-033
   47.250000000000000       1.55606836760476607E-034
   47.750000000000000       6.44857409091481746E-036
   48.250000000000000       2.50498078016738879E-037
   48.750000000000000       9.11129347360599072E-039
   49.250000000000000       3.09921545511726791E-040
   49.750000000000000       9.84476369962261943E-042
   50.250000000000000       2.91569410765602793E-043
   50.750000000000000       8.03651922784874690E-045
   51.250000000000000       2.05722320254849450E-046
   51.750000000000000       4.87928320725032046E-048
   52.250000000000000       1.06935412434001189E-049
   52.750000000000000       2.15893161375016169E-051
   53.250000000000000       4.00100293057536020E-053
   53.750000000000000       6.77847906650355619E-055
   54.250000000000000       1.04485918297542089E-056
   54.750000000000000       1.45718029245568376E-058
   55.250000000000000       1.82647234237377986E-060
   55.750000000000000       2.04121807134375988E-062
   56.250000000000000       2.01423224145648818E-064
   56.750000000000000       1.73383050164956746E-066
   57.250000000000000       1.28193382897361115E-068
   57.750000000000000       7.97723357111306869E-071
   58.250000000000000       4.06302503332607971E-073
   58.750000000000000       1.62645590556914599E-075
   59.250000000000000       4.79857915070077225E-078
   59.750000000000000       9.27717429528741716E-081
   60.250000000000000       8.81693052203708232E-084
   60.750000000000000        0.0000000000000000     
   61.250000000000000        0.0000000000000000     
   61.750000000000000        0.0000000000000000     
   62.250000000000000        0.0000000000000000     
   62.750000000000000        0.0000000000000000     
   63.250000000000000        0.0000000000000000     
   63.750000000000000        0.0000000000000000     
   64.250000000000000        0.0000000000000000     
   64.750000000000000        0.0000000000000000     
   65.250000000000000        0.0000000000000000     
   65.750000000000000        0.0000000000000000     
   66.250000000000000        0.0000000000000000     
   66.750000000000000        0.0000000000000000     
   67.250000000000000        0.0000000000000000     
   67.750000000000000        0.0000000000000000     
   68.250000000000000        0.0000000000000000     
   68.750000000000000        0.0000000000000000     
   69.250000000000000        0.0000000000000000     
   69.750000000000000        0.0000000000000000     
   70.250000000000000        0.0000000000000000     
   70.750000000000000        0.0000000000000000     
   71.250000000000000        0.0000000000000000     
   71.750000000000000        0.0000000000000000     
   72.250000000000000        0.0000000000000000     
   72.750000000000000        0.0000000000000000     
   73.250000000000000        0.0000000000000000     
   73.750000000000000        0.0000000000000000     
   74.250000000000000        0.0000000000000000     
   74.750000000000000        0.0000000000000000     
   75.250000000000000        0.0000000000000000     
   75.750000000000000        0.0000000000000000     
   76.250000000000000        0.0000000000000000     
   76.750000000000000        0.0000000000000000     
   77.250000000000000        0.0000000000000000     
   77.750000000000000        0.0000000000000000     
   78.250000000000000        0.0000000000000000     
   78.750000000000000        0.0000000000000000     
   79.250000000000000        0.0000000000000000     
   79.750000000000000        0.0000000000000000     
   80.250000000000000        0.0000000000000000     
   80.750000000000000        0.0000000000000000     
   81.250000000000000        0.0000000000000000     
   81.750000000000000        0.0000000000000000     
   82.250000000000000        0.0000000000000000     
   82.750000000000000        0.0000000000000000     
   83.250000000000000        0.0000000000000000     
   83.750000000000000        0.0000000000000000     
   84.250000000000000        0.0000000000000000     
   84.750000000000000        0.0000000000000000     
   85.250000000000000        0.0000000000000000     
   85.750000000000000        0.0000000000000000     
   86.250000000000000        0.0000000000000000     
   86.750000000000000        0.0000000000000000     
   87.250000000000000        0.0000000000000000     
   87.750000000000000        0.0000000000000000     
   88.250000000000000        0.0000000000000000     
   88.750000000000000        0.0000000000000000     
   89.250000000000000        0.0000000000000000     
   89.750000000000000        0.0000000000000000     
