  -10.750000000000000       0.18762595518020803     
  -10.250000000000000       0.18762595518020803     
  -9.7500000000000000       0.18481473971352375     
  -9.2500000000000000       0.18145096936016872     
  -8.7500000000000000       0.17465613231146451     
  -8.2500000000000000       0.16639595513018718     
  -7.7500000000000000       0.15711746159053466     
  -7.2500000000000000       0.14584421764889677     
  -6.7500000000000000       0.13360400025822453     
  -6.2500000000000000       0.12034379954790103     
  -5.7500000000000000       0.10706875183927801     
  -5.2500000000000000       9.28121752221010565E-002
  -4.7500000000000000       7.96693056725610443E-002
  -4.2500000000000000       6.68723286208446760E-002
  -3.7500000000000000       5.35860889991415096E-002
  -3.2500000000000000       4.32097387945611644E-002
  -2.7500000000000000       3.35024288528520467E-002
  -2.2500000000000000       2.52275153191257213E-002
  -1.7500000000000000       1.86792097505006360E-002
  -1.2500000000000000       1.23342214168606079E-002
 -0.75000000000000000       8.67873675843653519E-003
 -0.25000000000000000       6.50385938650051981E-003
  0.25000000000000000       6.49650695843210016E-003
  0.75000000000000000       8.64133047146967148E-003
   1.2500000000000000       1.22034191170452000E-002
   1.7500000000000000       1.82910065728436634E-002
   2.2500000000000000       2.42358463525520346E-002
   2.7500000000000000       3.12923985790694026E-002
   3.2500000000000000       3.88339995161770257E-002
   3.7500000000000000       4.57841016370052339E-002
   4.2500000000000000       5.43398238047496929E-002
   4.7500000000000000       6.15628709175291278E-002
   5.2500000000000000       6.87278780854310989E-002
   5.7500000000000000       7.62154193934080765E-002
   6.2500000000000000       8.18132684656739800E-002
   6.7500000000000000       8.75639039801117403E-002
   7.2500000000000000       9.22793089801041688E-002
   7.7500000000000000       9.55201120536432469E-002
   8.2500000000000000       9.77709286624792728E-002
   8.7500000000000000       9.91562752170815631E-002
   9.2500000000000000       9.92196797003168651E-002
   9.7500000000000000       9.76965708344098710E-002
   10.250000000000000       9.55567030228537534E-002
   10.750000000000000       9.20692521573542588E-002
   11.250000000000000       8.71181688791138609E-002
   11.750000000000000       8.22312896598517973E-002
   12.250000000000000       7.54998570943829495E-002
   12.750000000000000       6.86250264677079752E-002
   13.250000000000000       6.15973495368913396E-002
   13.750000000000000       5.35649086687926060E-002
   14.250000000000000       4.60400962781127923E-002
   14.750000000000000       3.85305310822270791E-002
   15.250000000000000       3.08533324458699354E-002
   15.750000000000000       2.40842971366701172E-002
   16.250000000000000       1.81064347550351848E-002
   16.750000000000000       1.25325048161477309E-002
   17.250000000000000       7.80198736287996634E-003
   17.750000000000000       4.37573928758107616E-003
   18.250000000000000       2.21003037360394073E-003
   18.750000000000000       9.91669916223435807E-004
   19.250000000000000       3.88211080915902952E-004
   19.750000000000000       1.30859681183316285E-004
   20.250000000000000       3.77685086725128516E-005
   20.750000000000000       9.33248839564477964E-006
   21.250000000000000       1.98006032723064080E-006
   21.750000000000000       3.62221705635510253E-007
   22.250000000000000       5.73813679037790500E-008
   22.750000000000000       7.90325898858463743E-009
   23.250000000000000       9.49649761255098607E-010
   23.750000000000000       9.98212930220080328E-011
   24.250000000000000       9.19696806173760951E-012
   24.750000000000000       7.43630967775441780E-013
   25.250000000000000       5.27902111193058038E-014
   25.750000000000000       3.28907188738692909E-015
   26.250000000000000       1.79632368668857634E-016
   26.750000000000000       8.58112904524513361E-018
   27.250000000000000       3.57392605339383325E-019
   27.750000000000000       1.29191942160094028E-020
   28.250000000000000       4.02901095369231341E-022
   28.750000000000000       1.07543073172455511E-023
   29.250000000000000       2.43129278064618554E-025
   29.750000000000000       4.59100454875743667E-027
   30.250000000000000       7.10507693688026558E-029
   30.750000000000000       8.77539625624178260E-031
   31.250000000000000       8.31589946756970523E-033
   31.750000000000000       5.67627969686729684E-035
   32.250000000000000       2.48391999909149767E-037
   32.750000000000000       5.23261006760374650E-040
   33.250000000000000        0.0000000000000000     
   33.750000000000000        0.0000000000000000     
   34.250000000000000        0.0000000000000000     
   34.750000000000000        0.0000000000000000     
   35.250000000000000        0.0000000000000000     
   35.750000000000000        0.0000000000000000     
   36.250000000000000        0.0000000000000000     
   36.750000000000000        0.0000000000000000     
   37.250000000000000        0.0000000000000000     
   37.750000000000000        0.0000000000000000     
   38.250000000000000        0.0000000000000000     
   38.750000000000000        0.0000000000000000     
   39.250000000000000        0.0000000000000000     
   39.750000000000000        0.0000000000000000     
   40.250000000000000        0.0000000000000000     
   40.750000000000000        0.0000000000000000     
   41.250000000000000        0.0000000000000000     
   41.750000000000000        0.0000000000000000     
   42.250000000000000        0.0000000000000000     
   42.750000000000000        0.0000000000000000     
   43.250000000000000        0.0000000000000000     
   43.750000000000000        0.0000000000000000     
   44.250000000000000        0.0000000000000000     
   44.750000000000000        0.0000000000000000     
   45.250000000000000        0.0000000000000000     
   45.750000000000000        0.0000000000000000     
   46.250000000000000        0.0000000000000000     
   46.750000000000000        0.0000000000000000     
   47.250000000000000        0.0000000000000000     
   47.750000000000000        0.0000000000000000     
   48.250000000000000        0.0000000000000000     
   48.750000000000000        0.0000000000000000     
   49.250000000000000        0.0000000000000000     
   49.750000000000000        0.0000000000000000     
   50.250000000000000        0.0000000000000000     
   50.750000000000000        0.0000000000000000     
   51.250000000000000        0.0000000000000000     
   51.750000000000000        0.0000000000000000     
   52.250000000000000        0.0000000000000000     
   52.750000000000000        0.0000000000000000     
   53.250000000000000        0.0000000000000000     
   53.750000000000000        0.0000000000000000     
   54.250000000000000        0.0000000000000000     
   54.750000000000000        0.0000000000000000     
   55.250000000000000        0.0000000000000000     
   55.750000000000000        0.0000000000000000     
   56.250000000000000        0.0000000000000000     
   56.750000000000000        0.0000000000000000     
   57.250000000000000        0.0000000000000000     
   57.750000000000000        0.0000000000000000     
   58.250000000000000        0.0000000000000000     
   58.750000000000000        0.0000000000000000     
   59.250000000000000        0.0000000000000000     
   59.750000000000000        0.0000000000000000     
   60.250000000000000        0.0000000000000000     
   60.750000000000000        0.0000000000000000     
   61.250000000000000        0.0000000000000000     
   61.750000000000000        0.0000000000000000     
   62.250000000000000        0.0000000000000000     
   62.750000000000000        0.0000000000000000     
   63.250000000000000        0.0000000000000000     
   63.750000000000000        0.0000000000000000     
   64.250000000000000        0.0000000000000000     
   64.750000000000000        0.0000000000000000     
   65.250000000000000        0.0000000000000000     
   65.750000000000000        0.0000000000000000     
   66.250000000000000        0.0000000000000000     
   66.750000000000000        0.0000000000000000     
   67.250000000000000        0.0000000000000000     
   67.750000000000000        0.0000000000000000     
   68.250000000000000        0.0000000000000000     
   68.750000000000000        0.0000000000000000     
   69.250000000000000        0.0000000000000000     
   69.750000000000000        0.0000000000000000     
   70.250000000000000        0.0000000000000000     
   70.750000000000000        0.0000000000000000     
   71.250000000000000        0.0000000000000000     
   71.750000000000000        0.0000000000000000     
   72.250000000000000        0.0000000000000000     
   72.750000000000000        0.0000000000000000     
   73.250000000000000        0.0000000000000000     
   73.750000000000000        0.0000000000000000     
   74.250000000000000        0.0000000000000000     
   74.750000000000000        0.0000000000000000     
   75.250000000000000        0.0000000000000000     
   75.750000000000000        0.0000000000000000     
   76.250000000000000        0.0000000000000000     
   76.750000000000000        0.0000000000000000     
   77.250000000000000        0.0000000000000000     
   77.750000000000000        0.0000000000000000     
   78.250000000000000        0.0000000000000000     
   78.750000000000000        0.0000000000000000     
   79.250000000000000        0.0000000000000000     
   79.750000000000000        0.0000000000000000     
   80.250000000000000        0.0000000000000000     
   80.750000000000000        0.0000000000000000     
   81.250000000000000        0.0000000000000000     
   81.750000000000000        0.0000000000000000     
   82.250000000000000        0.0000000000000000     
   82.750000000000000        0.0000000000000000     
   83.250000000000000        0.0000000000000000     
   83.750000000000000        0.0000000000000000     
   84.250000000000000        0.0000000000000000     
   84.750000000000000        0.0000000000000000     
   85.250000000000000        0.0000000000000000     
   85.750000000000000        0.0000000000000000     
   86.250000000000000        0.0000000000000000     
   86.750000000000000        0.0000000000000000     
   87.250000000000000        0.0000000000000000     
   87.750000000000000        0.0000000000000000     
   88.250000000000000        0.0000000000000000     
   88.750000000000000        0.0000000000000000     
   89.250000000000000        0.0000000000000000     
   89.750000000000000        0.0000000000000000     
