  -10.750000000000000       0.16984350993362968     
  -10.250000000000000       0.16984350993362968     
  -9.7500000000000000       0.16790384159135546     
  -9.2500000000000000       0.16447629183584669     
  -8.7500000000000000       0.15984822983781377     
  -8.2500000000000000       0.15291175989833070     
  -7.7500000000000000       0.14544853361779025     
  -7.2500000000000000       0.13663394309124091     
  -6.7500000000000000       0.12649757047622509     
  -6.2500000000000000       0.11673649207907799     
  -5.7500000000000000       0.10514584748408842     
  -5.2500000000000000       9.46305201077090596E-002
  -4.7500000000000000       8.39018762034617893E-002
  -4.2500000000000000       7.27360207766240829E-002
  -3.7500000000000000       6.37708435131028456E-002
  -3.2500000000000000       5.38709462073139467E-002
  -2.7500000000000000       4.56150368247416060E-002
  -2.2500000000000000       3.84688828521624199E-002
  -1.7500000000000000       3.04516672923189208E-002
  -1.2500000000000000       2.43812035126700424E-002
 -0.75000000000000000       1.82833756538681412E-002
 -0.25000000000000000       1.21496559695204176E-002
  0.25000000000000000       7.54745418500649308E-003
  0.75000000000000000       4.72031779343512307E-003
   1.2500000000000000       2.46170856850952847E-003
   1.7500000000000000       6.63726672148102484E-004
   2.2500000000000000       7.22041578354856500E-004
   2.7500000000000000      -3.04341052365803390E-004
   3.2500000000000000       1.68149450088424897E-004
   3.7500000000000000       2.61695568160761650E-003
   4.2500000000000000       3.98832047012262492E-003
   4.7500000000000000       8.23460389537991264E-003
   5.2500000000000000       1.29485252240602450E-002
   5.7500000000000000       1.76207887694188221E-002
   6.2500000000000000       2.47601561608957153E-002
   6.7500000000000000       3.12825652345466304E-002
   7.2500000000000000       3.84993272813821050E-002
   7.7500000000000000       4.64814022542174021E-002
   8.2500000000000000       5.38901424009290558E-002
   8.7500000000000000       6.16639788463877944E-002
   9.2500000000000000       6.91983398547871414E-002
   9.7500000000000000       7.56936643338576715E-002
   10.250000000000000       8.21215124842813726E-002
   10.750000000000000       8.77219974493484989E-002
   11.250000000000000       9.22101772574995537E-002
   11.750000000000000       9.52779519810804665E-002
   12.250000000000000       9.81842509916464323E-002
   12.750000000000000       9.90216174995133536E-002
   13.250000000000000       9.89671313819847215E-002
   13.750000000000000       9.81346159557448805E-002
   14.250000000000000       9.52150062903829170E-002
   14.750000000000000       9.19763427437347708E-002
   15.250000000000000       8.75250988437689531E-002
   15.750000000000000       8.16822074463266212E-002
   16.250000000000000       7.56682838629567367E-002
   16.750000000000000       6.87520123108155690E-002
   17.250000000000000       6.11703047853222534E-002
   17.750000000000000       5.37584801479361468E-002
   18.250000000000000       4.60873532330029548E-002
   18.750000000000000       3.81974300743975689E-002
   19.250000000000000       3.08649797482832208E-002
   19.750000000000000       2.42242596853842994E-002
   20.250000000000000       1.80073982587480724E-002
   20.750000000000000       1.23737599650714757E-002
   21.250000000000000       7.77155818055753466E-003
   21.750000000000000       4.44434039831506471E-003
   22.250000000000000       2.30476474122382619E-003
   22.750000000000000       1.07703912811236372E-003
   23.250000000000000       4.50588800589948044E-004
   23.750000000000000       1.67975355895541123E-004
   24.250000000000000       5.56833907105576593E-005
   24.750000000000000       1.64169538270687401E-005
   25.250000000000000       4.31200431404804344E-006
   25.750000000000000       1.01155487483763911E-006
   26.250000000000000       2.12562677755212579E-007
   26.750000000000000       4.01290994545090948E-008
   27.250000000000000       6.82555252850314489E-009
   27.750000000000000       1.04870434394989724E-009
   28.250000000000000       1.45886093462551734E-010
   28.750000000000000       1.84118651168390013E-011
   29.250000000000000       2.11178048888134800E-012
   29.750000000000000       2.20433988264092420E-013
   30.250000000000000       2.09637427099396613E-014
   30.750000000000000       1.81791463703191828E-015
   31.250000000000000       1.43820289020207205E-016
   31.750000000000000       1.03826977319450772E-017
   32.250000000000000       6.83938722205338933E-019
   32.750000000000000       4.10944500269774967E-020
   33.250000000000000       2.25067457395423296E-021
   33.750000000000000       1.12244211227247399E-022
   34.250000000000000       5.09021817811970395E-024
   34.750000000000000       2.09533923953049140E-025
   35.250000000000000       7.81169243332615522E-027
   35.750000000000000       2.63033163033243070E-028
   36.250000000000000       7.97239749187525974E-030
   36.750000000000000       2.16623600011448769E-031
   37.250000000000000       5.25056754674734235E-033
   37.750000000000000       1.12840347959314768E-034
   38.250000000000000       2.13430324615541543E-036
   38.750000000000000       3.52028299259900840E-038
   39.250000000000000       5.00468980790987317E-040
   39.750000000000000       6.04146904739767264E-042
   40.250000000000000       6.07058863536268843E-044
   40.750000000000000       4.93975264325540612E-046
   41.250000000000000       3.12695415320201659E-048
   41.750000000000000       1.44451879836160127E-050
   42.250000000000000       4.33130087784620556E-053
   42.750000000000000       6.32583741470163061E-056
   43.250000000000000        0.0000000000000000     
   43.750000000000000        0.0000000000000000     
   44.250000000000000        0.0000000000000000     
   44.750000000000000        0.0000000000000000     
   45.250000000000000        0.0000000000000000     
   45.750000000000000        0.0000000000000000     
   46.250000000000000        0.0000000000000000     
   46.750000000000000        0.0000000000000000     
   47.250000000000000        0.0000000000000000     
   47.750000000000000        0.0000000000000000     
   48.250000000000000        0.0000000000000000     
   48.750000000000000        0.0000000000000000     
   49.250000000000000        0.0000000000000000     
   49.750000000000000        0.0000000000000000     
   50.250000000000000        0.0000000000000000     
   50.750000000000000        0.0000000000000000     
   51.250000000000000        0.0000000000000000     
   51.750000000000000        0.0000000000000000     
   52.250000000000000        0.0000000000000000     
   52.750000000000000        0.0000000000000000     
   53.250000000000000        0.0000000000000000     
   53.750000000000000        0.0000000000000000     
   54.250000000000000        0.0000000000000000     
   54.750000000000000        0.0000000000000000     
   55.250000000000000        0.0000000000000000     
   55.750000000000000        0.0000000000000000     
   56.250000000000000        0.0000000000000000     
   56.750000000000000        0.0000000000000000     
   57.250000000000000        0.0000000000000000     
   57.750000000000000        0.0000000000000000     
   58.250000000000000        0.0000000000000000     
   58.750000000000000        0.0000000000000000     
   59.250000000000000        0.0000000000000000     
   59.750000000000000        0.0000000000000000     
   60.250000000000000        0.0000000000000000     
   60.750000000000000        0.0000000000000000     
   61.250000000000000        0.0000000000000000     
   61.750000000000000        0.0000000000000000     
   62.250000000000000        0.0000000000000000     
   62.750000000000000        0.0000000000000000     
   63.250000000000000        0.0000000000000000     
   63.750000000000000        0.0000000000000000     
   64.250000000000000        0.0000000000000000     
   64.750000000000000        0.0000000000000000     
   65.250000000000000        0.0000000000000000     
   65.750000000000000        0.0000000000000000     
   66.250000000000000        0.0000000000000000     
   66.750000000000000        0.0000000000000000     
   67.250000000000000        0.0000000000000000     
   67.750000000000000        0.0000000000000000     
   68.250000000000000        0.0000000000000000     
   68.750000000000000        0.0000000000000000     
   69.250000000000000        0.0000000000000000     
   69.750000000000000        0.0000000000000000     
   70.250000000000000        0.0000000000000000     
   70.750000000000000        0.0000000000000000     
   71.250000000000000        0.0000000000000000     
   71.750000000000000        0.0000000000000000     
   72.250000000000000        0.0000000000000000     
   72.750000000000000        0.0000000000000000     
   73.250000000000000        0.0000000000000000     
   73.750000000000000        0.0000000000000000     
   74.250000000000000        0.0000000000000000     
   74.750000000000000        0.0000000000000000     
   75.250000000000000        0.0000000000000000     
   75.750000000000000        0.0000000000000000     
   76.250000000000000        0.0000000000000000     
   76.750000000000000        0.0000000000000000     
   77.250000000000000        0.0000000000000000     
   77.750000000000000        0.0000000000000000     
   78.250000000000000        0.0000000000000000     
   78.750000000000000        0.0000000000000000     
   79.250000000000000        0.0000000000000000     
   79.750000000000000        0.0000000000000000     
   80.250000000000000        0.0000000000000000     
   80.750000000000000        0.0000000000000000     
   81.250000000000000        0.0000000000000000     
   81.750000000000000        0.0000000000000000     
   82.250000000000000        0.0000000000000000     
   82.750000000000000        0.0000000000000000     
   83.250000000000000        0.0000000000000000     
   83.750000000000000        0.0000000000000000     
   84.250000000000000        0.0000000000000000     
   84.750000000000000        0.0000000000000000     
   85.250000000000000        0.0000000000000000     
   85.750000000000000        0.0000000000000000     
   86.250000000000000        0.0000000000000000     
   86.750000000000000        0.0000000000000000     
   87.250000000000000        0.0000000000000000     
   87.750000000000000        0.0000000000000000     
   88.250000000000000        0.0000000000000000     
   88.750000000000000        0.0000000000000000     
   89.250000000000000        0.0000000000000000     
   89.750000000000000        0.0000000000000000     
