  -10.750000000000000       0.14482257929443179     
  -10.250000000000000       0.14482257929443179     
  -9.7500000000000000       0.14394848412653108     
  -9.2500000000000000       0.14168246240263030     
  -8.7500000000000000       0.13844076552332513     
  -8.2500000000000000       0.13410560606045724     
  -7.7500000000000000       0.12935842343091811     
  -7.2500000000000000       0.12358095766616091     
  -6.7500000000000000       0.11711174998831793     
  -6.2500000000000000       0.11055314504170327     
  -5.7500000000000000       0.10363043015744575     
  -5.2500000000000000       9.63031290424695569E-002
  -4.7500000000000000       8.93997895037967616E-002
  -4.2500000000000000       8.24121000633927792E-002
  -3.7500000000000000       7.50181344902918906E-002
  -3.2500000000000000       6.85544920927325940E-002
  -2.7500000000000000       6.13504678856655050E-002
  -2.2500000000000000       5.35555938855612826E-002
  -1.7500000000000000       4.63224877077820715E-002
  -1.2500000000000000       3.81509337502200369E-002
 -0.75000000000000000       3.05200790988738452E-002
 -0.25000000000000000       2.44769852601723105E-002
  0.25000000000000000       1.82214801031513260E-002
  0.75000000000000000       1.19735778134766810E-002
   1.2500000000000000       7.75951985106059731E-003
   1.7500000000000000       4.75846507695679849E-003
   2.2500000000000000       2.08341760094405207E-003
   2.7500000000000000       1.26104886313332725E-003
   3.2500000000000000       3.74178816664835171E-004
   3.7500000000000000      -5.21081557662261808E-004
   4.2500000000000000       7.48155760798091107E-004
   4.7500000000000000       2.05307410346793799E-003
   5.2500000000000000       4.20177119986762763E-003
   5.7500000000000000       8.41625368239303992E-003
   6.2500000000000000       1.25998640265851530E-002
   6.7500000000000000       1.78894273137613045E-002
   7.2500000000000000       2.47432155075149145E-002
   7.7500000000000000       3.11655101184621919E-002
   8.2500000000000000       3.86460848174615262E-002
   8.7500000000000000       4.64654750908728223E-002
   9.2500000000000000       5.37914230790386069E-002
   9.7500000000000000       6.18877345644276225E-002
   10.250000000000000       6.90136089653277801E-002
   10.750000000000000       7.58089703291567885E-002
   11.250000000000000       8.20607495625658434E-002
   11.750000000000000       8.78910393276499669E-002
   12.250000000000000       9.19752904650678882E-002
   12.750000000000000       9.54595214824513066E-002
   13.250000000000000       9.81929149156279546E-002
   13.750000000000000       9.88377519270199761E-002
   14.250000000000000       9.92223767216126595E-002
   14.750000000000000       9.79535518782669590E-002
   15.250000000000000       9.52154027780918316E-002
   15.750000000000000       9.21063595703934535E-002
   16.250000000000000       8.73650451028902125E-002
   16.750000000000000       8.17241578192787060E-002
   17.250000000000000       7.57162481614419153E-002
   17.750000000000000       6.86460090086983971E-002
   18.250000000000000       6.11871876163655876E-002
   18.750000000000000       5.37994486482804637E-002
   19.250000000000000       4.60242591665446787E-002
   19.750000000000000       3.81596753320025406E-002
   20.250000000000000       3.08912452612768208E-002
   20.750000000000000       2.42305901276123510E-002
   21.250000000000000       1.79750849705914151E-002
   21.750000000000000       1.23447439758796584E-002
   22.250000000000000       7.76826143284305680E-003
   22.750000000000000       4.46023653571942305E-003
   23.250000000000000       2.32727236366320547E-003
   23.750000000000000       1.09776859383336122E-003
   24.250000000000000       4.65695732630635594E-004
   24.750000000000000       1.77032113487656591E-004
   25.250000000000000       6.02135166840520031E-005
   25.750000000000000       1.83297025613842187E-005
   26.250000000000000       5.00172779159848513E-006
   26.750000000000000       1.22630303905306442E-006
   27.250000000000000       2.70863148802195644E-007
   27.750000000000000       5.40470560831280042E-008
   28.250000000000000       9.76837400005447344E-009
   28.750000000000000       1.60317201705449758E-009
   29.250000000000000       2.39455560902964511E-010
   29.750000000000000       3.26156593163041414E-011
   30.250000000000000       4.05826518760191677E-012
   30.750000000000000       4.61968097144589402E-013
   31.250000000000000       4.81698157469705610E-014
   31.750000000000000       4.60527994807738482E-015
   32.250000000000000       4.03995528483209139E-016
   32.750000000000000       3.25352685410859503E-017
   33.250000000000000       2.40604862558843563E-018
   33.750000000000000       1.63394633049079950E-019
   34.250000000000000       1.01873225860398124E-020
   34.750000000000000       5.82864065348929751E-022
   35.250000000000000       3.05802111299087222E-023
   35.750000000000000       1.46973084511912405E-024
   36.250000000000000       6.46225480847863726E-026
   36.750000000000000       2.59511758278017964E-027
   37.250000000000000       9.49881956359127836E-029
   37.750000000000000       3.16116459749796086E-030
   38.250000000000000       9.53668383615995545E-032
   38.750000000000000       2.59879826751198368E-033
   39.250000000000000       6.36968985059840488E-035
   39.750000000000000       1.39703125835284911E-036
   40.250000000000000       2.72484534717511463E-038
   40.750000000000000       4.69070377285507997E-040
   41.250000000000000       7.06044197798571938E-042
   41.750000000000000       9.18368658858157252E-044
   42.250000000000000       1.01678707856629445E-045
   42.750000000000000       9.39247499731014375E-048
   43.250000000000000       7.04183284229009457E-050
   43.750000000000000       4.11586265013177176E-052
   44.250000000000000       1.75917754667787989E-054
   44.750000000000000       4.88993701716876818E-057
   45.250000000000000       6.63312129295818013E-060
   45.750000000000000        0.0000000000000000     
   46.250000000000000        0.0000000000000000     
   46.750000000000000        0.0000000000000000     
   47.250000000000000        0.0000000000000000     
   47.750000000000000        0.0000000000000000     
   48.250000000000000        0.0000000000000000     
   48.750000000000000        0.0000000000000000     
   49.250000000000000        0.0000000000000000     
   49.750000000000000        0.0000000000000000     
   50.250000000000000        0.0000000000000000     
   50.750000000000000        0.0000000000000000     
   51.250000000000000        0.0000000000000000     
   51.750000000000000        0.0000000000000000     
   52.250000000000000        0.0000000000000000     
   52.750000000000000        0.0000000000000000     
   53.250000000000000        0.0000000000000000     
   53.750000000000000        0.0000000000000000     
   54.250000000000000        0.0000000000000000     
   54.750000000000000        0.0000000000000000     
   55.250000000000000        0.0000000000000000     
   55.750000000000000        0.0000000000000000     
   56.250000000000000        0.0000000000000000     
   56.750000000000000        0.0000000000000000     
   57.250000000000000        0.0000000000000000     
   57.750000000000000        0.0000000000000000     
   58.250000000000000        0.0000000000000000     
   58.750000000000000        0.0000000000000000     
   59.250000000000000        0.0000000000000000     
   59.750000000000000        0.0000000000000000     
   60.250000000000000        0.0000000000000000     
   60.750000000000000        0.0000000000000000     
   61.250000000000000        0.0000000000000000     
   61.750000000000000        0.0000000000000000     
   62.250000000000000        0.0000000000000000     
   62.750000000000000        0.0000000000000000     
   63.250000000000000        0.0000000000000000     
   63.750000000000000        0.0000000000000000     
   64.250000000000000        0.0000000000000000     
   64.750000000000000        0.0000000000000000     
   65.250000000000000        0.0000000000000000     
   65.750000000000000        0.0000000000000000     
   66.250000000000000        0.0000000000000000     
   66.750000000000000        0.0000000000000000     
   67.250000000000000        0.0000000000000000     
   67.750000000000000        0.0000000000000000     
   68.250000000000000        0.0000000000000000     
   68.750000000000000        0.0000000000000000     
   69.250000000000000        0.0000000000000000     
   69.750000000000000        0.0000000000000000     
   70.250000000000000        0.0000000000000000     
   70.750000000000000        0.0000000000000000     
   71.250000000000000        0.0000000000000000     
   71.750000000000000        0.0000000000000000     
   72.250000000000000        0.0000000000000000     
   72.750000000000000        0.0000000000000000     
   73.250000000000000        0.0000000000000000     
   73.750000000000000        0.0000000000000000     
   74.250000000000000        0.0000000000000000     
   74.750000000000000        0.0000000000000000     
   75.250000000000000        0.0000000000000000     
   75.750000000000000        0.0000000000000000     
   76.250000000000000        0.0000000000000000     
   76.750000000000000        0.0000000000000000     
   77.250000000000000        0.0000000000000000     
   77.750000000000000        0.0000000000000000     
   78.250000000000000        0.0000000000000000     
   78.750000000000000        0.0000000000000000     
   79.250000000000000        0.0000000000000000     
   79.750000000000000        0.0000000000000000     
   80.250000000000000        0.0000000000000000     
   80.750000000000000        0.0000000000000000     
   81.250000000000000        0.0000000000000000     
   81.750000000000000        0.0000000000000000     
   82.250000000000000        0.0000000000000000     
   82.750000000000000        0.0000000000000000     
   83.250000000000000        0.0000000000000000     
   83.750000000000000        0.0000000000000000     
   84.250000000000000        0.0000000000000000     
   84.750000000000000        0.0000000000000000     
   85.250000000000000        0.0000000000000000     
   85.750000000000000        0.0000000000000000     
   86.250000000000000        0.0000000000000000     
   86.750000000000000        0.0000000000000000     
   87.250000000000000        0.0000000000000000     
   87.750000000000000        0.0000000000000000     
   88.250000000000000        0.0000000000000000     
   88.750000000000000        0.0000000000000000     
   89.250000000000000        0.0000000000000000     
   89.750000000000000        0.0000000000000000     
