  -10.750000000000000       1.24760800985416337E-002
  -10.250000000000000       1.24760800985416337E-002
  -9.7500000000000000       1.50537947089332807E-002
  -9.2500000000000000       1.80453476540263745E-002
  -8.7500000000000000       2.44204699773930070E-002
  -8.2500000000000000       3.10442523331303961E-002
  -7.7500000000000000       3.82066811128482647E-002
  -7.2500000000000000       4.67871215252569292E-002
  -6.7500000000000000       5.42467019457612207E-002
  -6.2500000000000000       6.16935101648333692E-002
  -5.7500000000000000       6.88612607086925566E-002
  -5.2500000000000000       7.60495864506946229E-002
  -4.7500000000000000       8.22858095276016721E-002
  -4.2500000000000000       8.76606052698941096E-002
  -3.7500000000000000       9.21928333407476264E-002
  -3.2500000000000000       9.53237271303273015E-002
  -2.7500000000000000       9.82522176619938931E-002
  -2.2500000000000000       9.90793970481638614E-002
  -1.7500000000000000       9.88176670492805914E-002
  -1.2500000000000000       9.81953713271220968E-002
 -0.75000000000000000       9.52104821388847083E-002
 -0.25000000000000000       9.19110952444630452E-002
  0.25000000000000000       8.74516676456603276E-002
  0.75000000000000000       8.15961670258194133E-002
   1.2500000000000000       7.57665045925477593E-002
   1.7500000000000000       6.84092135000336360E-002
   2.2500000000000000       6.11719055497547959E-002
   2.7500000000000000       5.39939769610002993E-002
   3.2500000000000000       4.56758134290057433E-002
   3.7500000000000000       3.79747204955085474E-002
   4.2500000000000000       3.10825129848106806E-002
   4.7500000000000000       2.43218537947155408E-002
   5.2500000000000000       1.76155821310827396E-002
   5.7500000000000000       1.23390528562036215E-002
   6.2500000000000000       7.68189081829027606E-003
   6.7500000000000000       4.42892345756569234E-003
   7.2500000000000000       3.05190956860974154E-003
   7.7500000000000000       6.50112948542450422E-004
   8.2500000000000000       1.74499926604649615E-004
   8.7500000000000000       1.05706150363914415E-004
   9.2500000000000000       5.34749770078703007E-005
   9.7500000000000000       2.21839899237815394E-003
   10.250000000000000       4.55677534566119487E-003
   10.750000000000000       7.93091001104793969E-003
   11.250000000000000       1.28646753870266684E-002
   11.750000000000000       1.80752032049027976E-002
   12.250000000000000       2.45361151503539106E-002
   12.750000000000000       3.14081478424726446E-002
   13.250000000000000       3.87537355606734080E-002
   13.750000000000000       4.61703191097335014E-002
   14.250000000000000       5.43557380830628142E-002
   14.750000000000000       6.17763340652843912E-002
   15.250000000000000       6.87549827581385303E-002
   15.750000000000000       7.62526692633419129E-002
   16.250000000000000       8.21446021229883389E-002
   16.750000000000000       8.75559577113401294E-002
   17.250000000000000       9.23530810097633742E-002
   17.750000000000000       9.54122004104363958E-002
   18.250000000000000       9.79527048421787588E-002
   18.750000000000000       9.92735272962067955E-002
   19.250000000000000       9.89308945802223338E-002
   19.750000000000000       9.78615243625754749E-002
   20.250000000000000       9.55332210237403029E-002
   20.750000000000000       9.17827930533426789E-002
   21.250000000000000       8.73233654545400723E-002
   21.750000000000000       8.19189059106750772E-002
   22.250000000000000       7.54326576280010264E-002
   22.750000000000000       6.85224410309753923E-002
   23.250000000000000       6.13660357977977369E-002
   23.750000000000000       5.36944641411852830E-002
   24.250000000000000       4.57642867091148375E-002
   24.750000000000000       3.81349681645240246E-002
   25.250000000000000       3.09778654262546083E-002
   25.750000000000000       2.41806463900841283E-002
   26.250000000000000       1.78186649435870190E-002
   26.750000000000000       1.22327749045947117E-002
   27.250000000000000       7.76471471147709841E-003
   27.750000000000000       4.53795954822390317E-003
   28.250000000000000       2.43510687420652686E-003
   28.750000000000000       1.19716584599542826E-003
   29.250000000000000       5.38387434731202623E-004
   29.750000000000000       2.21313056063180194E-004
   30.250000000000000       8.31612317985466510E-005
   30.750000000000000       2.85882108805862017E-005
   31.250000000000000       9.00323828357834955E-006
   31.750000000000000       2.60201988383723622E-006
   32.250000000000000       6.91459590975589911E-007
   32.750000000000000       1.69296085767905194E-007
   33.250000000000000       3.82672615415747958E-008
   33.750000000000000       8.00121565179736097E-009
   34.250000000000000       1.55037211285070881E-009
   34.750000000000000       2.78879760252999641E-010
   35.250000000000000       4.66434609983264789E-011
   35.750000000000000       7.26422559921361288E-012
   36.250000000000000       1.05483715735606382E-012
   36.750000000000000       1.42986111053474954E-013
   37.250000000000000       1.81122895753208423E-014
   37.750000000000000       2.14599484921590175E-015
   38.250000000000000       2.38019599571710891E-016
   38.750000000000000       2.47302494054804806E-017
   39.250000000000000       2.40841248602574766E-018
   39.750000000000000       2.19952064364430415E-019
   40.250000000000000       1.88444174813758640E-020
   40.750000000000000       1.51500107705644592E-021
   41.250000000000000       1.14312205215577152E-022
   41.750000000000000       8.09564699403922476E-024
   42.250000000000000       5.38115393430395865E-025
   42.750000000000000       3.35664063466818135E-026
   43.250000000000000       1.96442099647372549E-027
   43.750000000000000       1.07823089921894482E-028
   44.250000000000000       5.54797007643571072E-030
   44.750000000000000       2.67452738597099337E-031
   45.250000000000000       1.20709269330861154E-032
   45.750000000000000       5.09618741420574215E-034
   46.250000000000000       2.01060869472207924E-035
   46.750000000000000       7.40428280597857214E-037
   47.250000000000000       2.54173388076329054E-038
   47.750000000000000       8.12083910611757532E-040
   48.250000000000000       2.41063096377021498E-041
   48.750000000000000       6.63506190949864606E-043
   49.250000000000000       1.68944220269381966E-044
   49.750000000000000       3.96899027478962040E-046
   50.250000000000000       8.57707449545776970E-048
   50.750000000000000       1.69904005902283066E-049
   51.250000000000000       3.07266340734185217E-051
   51.750000000000000       5.04919147169188244E-053
   52.250000000000000       7.49740448606964547E-055
   52.750000000000000       9.99342851009529812E-057
   53.250000000000000       1.18626535867401478E-058
   53.750000000000000       1.24192850225293713E-060
   54.250000000000000       1.13294131837008918E-062
   54.750000000000000       8.86776287182930280E-065
   55.250000000000000       5.83574888958116726E-067
   55.750000000000000       3.14015658534587909E-069
   56.250000000000000       1.32671085459894983E-071
   56.750000000000000       4.12729880441567733E-074
   57.250000000000000       8.40595764434859096E-077
   57.750000000000000       8.40848018840511146E-080
   58.250000000000000        0.0000000000000000     
   58.750000000000000        0.0000000000000000     
   59.250000000000000        0.0000000000000000     
   59.750000000000000        0.0000000000000000     
   60.250000000000000        0.0000000000000000     
   60.750000000000000        0.0000000000000000     
   61.250000000000000        0.0000000000000000     
   61.750000000000000        0.0000000000000000     
   62.250000000000000        0.0000000000000000     
   62.750000000000000        0.0000000000000000     
   63.250000000000000        0.0000000000000000     
   63.750000000000000        0.0000000000000000     
   64.250000000000000        0.0000000000000000     
   64.750000000000000        0.0000000000000000     
   65.250000000000000        0.0000000000000000     
   65.750000000000000        0.0000000000000000     
   66.250000000000000        0.0000000000000000     
   66.750000000000000        0.0000000000000000     
   67.250000000000000        0.0000000000000000     
   67.750000000000000        0.0000000000000000     
   68.250000000000000        0.0000000000000000     
   68.750000000000000        0.0000000000000000     
   69.250000000000000        0.0000000000000000     
   69.750000000000000        0.0000000000000000     
   70.250000000000000        0.0000000000000000     
   70.750000000000000        0.0000000000000000     
   71.250000000000000        0.0000000000000000     
   71.750000000000000        0.0000000000000000     
   72.250000000000000        0.0000000000000000     
   72.750000000000000        0.0000000000000000     
   73.250000000000000        0.0000000000000000     
   73.750000000000000        0.0000000000000000     
   74.250000000000000        0.0000000000000000     
   74.750000000000000        0.0000000000000000     
   75.250000000000000        0.0000000000000000     
   75.750000000000000        0.0000000000000000     
   76.250000000000000        0.0000000000000000     
   76.750000000000000        0.0000000000000000     
   77.250000000000000        0.0000000000000000     
   77.750000000000000        0.0000000000000000     
   78.250000000000000        0.0000000000000000     
   78.750000000000000        0.0000000000000000     
   79.250000000000000        0.0000000000000000     
   79.750000000000000        0.0000000000000000     
   80.250000000000000        0.0000000000000000     
   80.750000000000000        0.0000000000000000     
   81.250000000000000        0.0000000000000000     
   81.750000000000000        0.0000000000000000     
   82.250000000000000        0.0000000000000000     
   82.750000000000000        0.0000000000000000     
   83.250000000000000        0.0000000000000000     
   83.750000000000000        0.0000000000000000     
   84.250000000000000        0.0000000000000000     
   84.750000000000000        0.0000000000000000     
   85.250000000000000        0.0000000000000000     
   85.750000000000000        0.0000000000000000     
   86.250000000000000        0.0000000000000000     
   86.750000000000000        0.0000000000000000     
   87.250000000000000        0.0000000000000000     
   87.750000000000000        0.0000000000000000     
   88.250000000000000        0.0000000000000000     
   88.750000000000000        0.0000000000000000     
   89.250000000000000        0.0000000000000000     
   89.750000000000000        0.0000000000000000     
