  -10.500000000000000        0.0000000000000000     
  -10.000000000000000      -1.10161996720495332E-002
  -9.5000000000000000      -2.22556957410782741E-002
  -9.0000000000000000      -3.24593621188788012E-002
  -8.5000000000000000      -4.25853388597908500E-002
  -8.0000000000000000      -5.08411501736339144E-002
  -7.5000000000000000      -5.84789646797808163E-002
  -7.0000000000000000      -6.68211963081765808E-002
  -6.5000000000000000      -7.27963195983806627E-002
  -6.0000000000000000      -7.73199936746652855E-002
  -5.5000000000000000      -8.07219294813431021E-002
  -5.0000000000000000      -8.13500734553397747E-002
  -4.5000000000000000      -8.01564373258619872E-002
  -4.0000000000000000      -7.78403831546574804E-002
  -3.5000000000000000      -7.26033543863798814E-002
  -3.0000000000000000      -6.54165044049423161E-002
  -2.5000000000000000      -5.79977790261463413E-002
  -2.0000000000000000      -4.77607030866665019E-002
  -1.5000000000000000      -3.67585072317350367E-002
  -1.0000000000000000      -2.57800288555663018E-002
 -0.50000000000000000      -1.22210701811891528E-002
   0.0000000000000000        0.0000000000000000     
  0.50000000000000000       1.22210701811891528E-002
   1.0000000000000000       2.57800288555663018E-002
   1.5000000000000000       3.67585072317350367E-002
   2.0000000000000000       4.77607030866665019E-002
   2.5000000000000000       5.79977790261463413E-002
   3.0000000000000000       6.54165044049424688E-002
   3.5000000000000000       7.26033543864058606E-002
   4.0000000000000000       7.78403831565725735E-002
   4.5000000000000000       8.01564374091090492E-002
   5.0000000000000000       8.13500758244729005E-002
   5.5000000000000000       8.07219758364206286E-002
   6.0000000000000000       7.73206310324177498E-002
   6.5000000000000000       7.28025095637599012E-002
   7.0000000000000000       6.68633864197761135E-002
   7.5000000000000000       5.86783683016575061E-002
   8.0000000000000000       5.14948845915656622E-002
   8.5000000000000000       4.41712963236561423E-002
   9.0000000000000000       3.58462456865725546E-002
   9.5000000000000000       2.91086881590040675E-002
   10.000000000000000       2.23657562760370132E-002
   10.500000000000000       1.59820962937769449E-002
   11.000000000000000       1.13495566039874957E-002
   11.500000000000000       6.85299241792578125E-003
   12.000000000000000       3.38688356769375250E-003
   12.500000000000000       1.58595746386529473E-003
   13.000000000000000       6.53734417931733924E-004
   13.500000000000000       1.99403621876707425E-004
   14.000000000000000       4.21901115995324726E-005
   14.500000000000000       6.18996537922705979E-006
   15.000000000000000       6.37357752473846730E-007
   15.500000000000000       4.63550775082402711E-008
   16.000000000000000       2.36913312261985999E-009
   16.500000000000000       8.32470665436951242E-011
   17.000000000000000       1.91509383648366793E-012
   17.500000000000000       2.59735435422140499E-014
   18.000000000000000       1.57463131507814710E-016
   18.500000000000000        0.0000000000000000     
   19.000000000000000        0.0000000000000000     
   19.500000000000000        0.0000000000000000     
   20.000000000000000        0.0000000000000000     
   20.500000000000000        0.0000000000000000     
   21.000000000000000        0.0000000000000000     
   21.500000000000000        0.0000000000000000     
   22.000000000000000        0.0000000000000000     
   22.500000000000000        0.0000000000000000     
   23.000000000000000        0.0000000000000000     
   23.500000000000000        0.0000000000000000     
   24.000000000000000        0.0000000000000000     
   24.500000000000000        0.0000000000000000     
   25.000000000000000        0.0000000000000000     
   25.500000000000000        0.0000000000000000     
   26.000000000000000        0.0000000000000000     
   26.500000000000000        0.0000000000000000     
   27.000000000000000        0.0000000000000000     
   27.500000000000000        0.0000000000000000     
   28.000000000000000        0.0000000000000000     
   28.500000000000000        0.0000000000000000     
   29.000000000000000        0.0000000000000000     
   29.500000000000000        0.0000000000000000     
   30.000000000000000        0.0000000000000000     
   30.500000000000000        0.0000000000000000     
   31.000000000000000        0.0000000000000000     
   31.500000000000000        0.0000000000000000     
   32.000000000000000        0.0000000000000000     
   32.500000000000000        0.0000000000000000     
   33.000000000000000        0.0000000000000000     
   33.500000000000000        0.0000000000000000     
   34.000000000000000        0.0000000000000000     
   34.500000000000000        0.0000000000000000     
   35.000000000000000        0.0000000000000000     
   35.500000000000000        0.0000000000000000     
   36.000000000000000        0.0000000000000000     
   36.500000000000000        0.0000000000000000     
   37.000000000000000        0.0000000000000000     
   37.500000000000000        0.0000000000000000     
   38.000000000000000        0.0000000000000000     
   38.500000000000000        0.0000000000000000     
   39.000000000000000        0.0000000000000000     
   39.500000000000000        0.0000000000000000     
   40.000000000000000        0.0000000000000000     
   40.500000000000000        0.0000000000000000     
   41.000000000000000        0.0000000000000000     
   41.500000000000000        0.0000000000000000     
   42.000000000000000        0.0000000000000000     
   42.500000000000000        0.0000000000000000     
   43.000000000000000        0.0000000000000000     
   43.500000000000000        0.0000000000000000     
   44.000000000000000        0.0000000000000000     
   44.500000000000000        0.0000000000000000     
   45.000000000000000        0.0000000000000000     
   45.500000000000000        0.0000000000000000     
   46.000000000000000        0.0000000000000000     
   46.500000000000000        0.0000000000000000     
   47.000000000000000        0.0000000000000000     
   47.500000000000000        0.0000000000000000     
   48.000000000000000        0.0000000000000000     
   48.500000000000000        0.0000000000000000     
   49.000000000000000        0.0000000000000000     
   49.500000000000000        0.0000000000000000     
   50.000000000000000        0.0000000000000000     
   50.500000000000000        0.0000000000000000     
   51.000000000000000        0.0000000000000000     
   51.500000000000000        0.0000000000000000     
   52.000000000000000        0.0000000000000000     
   52.500000000000000        0.0000000000000000     
   53.000000000000000        0.0000000000000000     
   53.500000000000000        0.0000000000000000     
   54.000000000000000        0.0000000000000000     
   54.500000000000000        0.0000000000000000     
   55.000000000000000        0.0000000000000000     
   55.500000000000000        0.0000000000000000     
   56.000000000000000        0.0000000000000000     
   56.500000000000000        0.0000000000000000     
   57.000000000000000        0.0000000000000000     
   57.500000000000000        0.0000000000000000     
   58.000000000000000        0.0000000000000000     
   58.500000000000000        0.0000000000000000     
   59.000000000000000        0.0000000000000000     
   59.500000000000000        0.0000000000000000     
   60.000000000000000        0.0000000000000000     
   60.500000000000000        0.0000000000000000     
   61.000000000000000        0.0000000000000000     
   61.500000000000000        0.0000000000000000     
   62.000000000000000        0.0000000000000000     
   62.500000000000000        0.0000000000000000     
   63.000000000000000        0.0000000000000000     
   63.500000000000000        0.0000000000000000     
   64.000000000000000        0.0000000000000000     
   64.500000000000000        0.0000000000000000     
   65.000000000000000        0.0000000000000000     
   65.500000000000000        0.0000000000000000     
   66.000000000000000        0.0000000000000000     
   66.500000000000000        0.0000000000000000     
   67.000000000000000        0.0000000000000000     
   67.500000000000000        0.0000000000000000     
   68.000000000000000        0.0000000000000000     
   68.500000000000000        0.0000000000000000     
   69.000000000000000        0.0000000000000000     
   69.500000000000000        0.0000000000000000     
   70.000000000000000        0.0000000000000000     
   70.500000000000000        0.0000000000000000     
   71.000000000000000        0.0000000000000000     
   71.500000000000000        0.0000000000000000     
   72.000000000000000        0.0000000000000000     
   72.500000000000000        0.0000000000000000     
   73.000000000000000        0.0000000000000000     
   73.500000000000000        0.0000000000000000     
   74.000000000000000        0.0000000000000000     
   74.500000000000000        0.0000000000000000     
   75.000000000000000        0.0000000000000000     
   75.500000000000000        0.0000000000000000     
   76.000000000000000        0.0000000000000000     
   76.500000000000000        0.0000000000000000     
   77.000000000000000        0.0000000000000000     
   77.500000000000000        0.0000000000000000     
   78.000000000000000        0.0000000000000000     
   78.500000000000000        0.0000000000000000     
   79.000000000000000        0.0000000000000000     
   79.500000000000000        0.0000000000000000     
   80.000000000000000        0.0000000000000000     
   80.500000000000000        0.0000000000000000     
   81.000000000000000        0.0000000000000000     
   81.500000000000000        0.0000000000000000     
   82.000000000000000        0.0000000000000000     
   82.500000000000000        0.0000000000000000     
   83.000000000000000        0.0000000000000000     
   83.500000000000000        0.0000000000000000     
   84.000000000000000        0.0000000000000000     
   84.500000000000000        0.0000000000000000     
   85.000000000000000        0.0000000000000000     
   85.500000000000000        0.0000000000000000     
   86.000000000000000        0.0000000000000000     
   86.500000000000000        0.0000000000000000     
   87.000000000000000        0.0000000000000000     
   87.500000000000000        0.0000000000000000     
   88.000000000000000        0.0000000000000000     
   88.500000000000000        0.0000000000000000     
   89.000000000000000        0.0000000000000000     
   89.500000000000000        0.0000000000000000     
