  -10.500000000000000        0.0000000000000000     
  -10.000000000000000      -1.04442498623070652E-002
  -9.5000000000000000      -2.10164404006106600E-002
  -9.0000000000000000      -3.07699253932602369E-002
  -8.5000000000000000      -3.94836809891026819E-002
  -8.0000000000000000      -4.81757640948922150E-002
  -7.5000000000000000      -5.43948489598035240E-002
  -7.0000000000000000      -6.00777779174646587E-002
  -6.5000000000000000      -6.47880758599968520E-002
  -6.0000000000000000      -6.65531739697135111E-002
  -5.5000000000000000      -6.76308728277950633E-002
  -5.0000000000000000      -6.66418492364579118E-002
  -4.5000000000000000      -6.42009174962656082E-002
  -4.0000000000000000      -6.08368585288547037E-002
  -3.5000000000000000      -5.41833905351004202E-002
  -3.0000000000000000      -4.75126424396867739E-002
  -2.5000000000000000      -4.12087948551816963E-002
  -2.0000000000000000      -3.30658713052755654E-002
  -1.5000000000000000      -2.54525448300810669E-002
  -1.0000000000000000      -1.76000009130892719E-002
 -0.50000000000000000      -8.32533427468264489E-003
   0.0000000000000000       1.49510903535432515E-007
  0.50000000000000000       8.32628464554962915E-003
   1.0000000000000000       1.76049359406588099E-002
   1.5000000000000000       2.54747613598338384E-002
   2.0000000000000000       3.31504748726729817E-002
   2.5000000000000000       4.14808189472240380E-002
   3.0000000000000000       4.82543530018744588E-002
   3.5000000000000000       5.59221308569128189E-002
   4.0000000000000000       6.44212848420152723E-002
   4.5000000000000000       7.08324739007856335E-002
   5.0000000000000000       7.76811463848757489E-002
   5.5000000000000000       8.40400138877486907E-002
   6.0000000000000000       8.87361418366616195E-002
   6.5000000000000000       9.35098500515302161E-002
   7.0000000000000000       9.63754336482913615E-002
   7.5000000000000000       9.81399858588675178E-002
   8.0000000000000000       9.94231852982098152E-002
   8.5000000000000000       9.88554389845287262E-002
   9.0000000000000000       9.72012279097288212E-002
   9.5000000000000000       9.45413874342633659E-002
   10.000000000000000       9.08661965970149199E-002
   10.500000000000000       8.55555927290524432E-002
   11.000000000000000       8.04219467347078720E-002
   11.500000000000000       7.35249470336526850E-002
   12.000000000000000       6.64313025164685877E-002
   12.500000000000000       5.93717579954260097E-002
   13.000000000000000       5.12474212033176141E-002
   13.500000000000000       4.37451368990639938E-002
   14.000000000000000       3.62976557308267236E-002
   14.500000000000000       2.87217741915333537E-002
   15.000000000000000       2.21829678669481015E-002
   15.500000000000000       1.64091410599536171E-002
   16.000000000000000       1.10392971484178093E-002
   16.500000000000000       6.63155640452007915E-003
   17.000000000000000       3.58442631316019562E-003
   17.500000000000000       1.73874032180596307E-003
   18.000000000000000       7.41710562074990960E-004
   18.500000000000000       2.72024090344980029E-004
   19.000000000000000       8.46035452560221801E-005
   19.500000000000000       2.22162796495596791E-005
   20.000000000000000       4.93258403102638189E-006
   20.500000000000000       9.29765388745855172E-007
   21.000000000000000       1.49510903513455081E-007
   21.500000000000000       2.06054782236409395E-008
   22.000000000000000       2.44353849455626934E-009
   22.500000000000000       2.50103224681898585E-010
   23.000000000000000       2.21413756939249754E-011
   23.500000000000000       1.69731615215410603E-012
   24.000000000000000       1.12675403192952254E-013
   24.500000000000000       6.47081125111384053E-015
   25.000000000000000       3.20760034257514061E-016
   25.500000000000000       1.36748898849805346E-017
   26.000000000000000       4.98782113488497896E-019
   26.500000000000000       1.54520773764775479E-020
   27.000000000000000       4.02592520937863064E-022
   27.500000000000000       8.70416638425314812E-024
   28.000000000000000       1.53304974112028349E-025
   28.500000000000000       2.14282875321641427E-027
   29.000000000000000       2.28611421762819504E-029
   29.500000000000000       1.74826841951263522E-031
   30.000000000000000       8.53225392683876260E-034
   30.500000000000000       1.99608233169698476E-036
   31.000000000000000        0.0000000000000000     
   31.500000000000000        0.0000000000000000     
   32.000000000000000        0.0000000000000000     
   32.500000000000000        0.0000000000000000     
   33.000000000000000        0.0000000000000000     
   33.500000000000000        0.0000000000000000     
   34.000000000000000        0.0000000000000000     
   34.500000000000000        0.0000000000000000     
   35.000000000000000        0.0000000000000000     
   35.500000000000000        0.0000000000000000     
   36.000000000000000        0.0000000000000000     
   36.500000000000000        0.0000000000000000     
   37.000000000000000        0.0000000000000000     
   37.500000000000000        0.0000000000000000     
   38.000000000000000        0.0000000000000000     
   38.500000000000000        0.0000000000000000     
   39.000000000000000        0.0000000000000000     
   39.500000000000000        0.0000000000000000     
   40.000000000000000        0.0000000000000000     
   40.500000000000000        0.0000000000000000     
   41.000000000000000        0.0000000000000000     
   41.500000000000000        0.0000000000000000     
   42.000000000000000        0.0000000000000000     
   42.500000000000000        0.0000000000000000     
   43.000000000000000        0.0000000000000000     
   43.500000000000000        0.0000000000000000     
   44.000000000000000        0.0000000000000000     
   44.500000000000000        0.0000000000000000     
   45.000000000000000        0.0000000000000000     
   45.500000000000000        0.0000000000000000     
   46.000000000000000        0.0000000000000000     
   46.500000000000000        0.0000000000000000     
   47.000000000000000        0.0000000000000000     
   47.500000000000000        0.0000000000000000     
   48.000000000000000        0.0000000000000000     
   48.500000000000000        0.0000000000000000     
   49.000000000000000        0.0000000000000000     
   49.500000000000000        0.0000000000000000     
   50.000000000000000        0.0000000000000000     
   50.500000000000000        0.0000000000000000     
   51.000000000000000        0.0000000000000000     
   51.500000000000000        0.0000000000000000     
   52.000000000000000        0.0000000000000000     
   52.500000000000000        0.0000000000000000     
   53.000000000000000        0.0000000000000000     
   53.500000000000000        0.0000000000000000     
   54.000000000000000        0.0000000000000000     
   54.500000000000000        0.0000000000000000     
   55.000000000000000        0.0000000000000000     
   55.500000000000000        0.0000000000000000     
   56.000000000000000        0.0000000000000000     
   56.500000000000000        0.0000000000000000     
   57.000000000000000        0.0000000000000000     
   57.500000000000000        0.0000000000000000     
   58.000000000000000        0.0000000000000000     
   58.500000000000000        0.0000000000000000     
   59.000000000000000        0.0000000000000000     
   59.500000000000000        0.0000000000000000     
   60.000000000000000        0.0000000000000000     
   60.500000000000000        0.0000000000000000     
   61.000000000000000        0.0000000000000000     
   61.500000000000000        0.0000000000000000     
   62.000000000000000        0.0000000000000000     
   62.500000000000000        0.0000000000000000     
   63.000000000000000        0.0000000000000000     
   63.500000000000000        0.0000000000000000     
   64.000000000000000        0.0000000000000000     
   64.500000000000000        0.0000000000000000     
   65.000000000000000        0.0000000000000000     
   65.500000000000000        0.0000000000000000     
   66.000000000000000        0.0000000000000000     
   66.500000000000000        0.0000000000000000     
   67.000000000000000        0.0000000000000000     
   67.500000000000000        0.0000000000000000     
   68.000000000000000        0.0000000000000000     
   68.500000000000000        0.0000000000000000     
   69.000000000000000        0.0000000000000000     
   69.500000000000000        0.0000000000000000     
   70.000000000000000        0.0000000000000000     
   70.500000000000000        0.0000000000000000     
   71.000000000000000        0.0000000000000000     
   71.500000000000000        0.0000000000000000     
   72.000000000000000        0.0000000000000000     
   72.500000000000000        0.0000000000000000     
   73.000000000000000        0.0000000000000000     
   73.500000000000000        0.0000000000000000     
   74.000000000000000        0.0000000000000000     
   74.500000000000000        0.0000000000000000     
   75.000000000000000        0.0000000000000000     
   75.500000000000000        0.0000000000000000     
   76.000000000000000        0.0000000000000000     
   76.500000000000000        0.0000000000000000     
   77.000000000000000        0.0000000000000000     
   77.500000000000000        0.0000000000000000     
   78.000000000000000        0.0000000000000000     
   78.500000000000000        0.0000000000000000     
   79.000000000000000        0.0000000000000000     
   79.500000000000000        0.0000000000000000     
   80.000000000000000        0.0000000000000000     
   80.500000000000000        0.0000000000000000     
   81.000000000000000        0.0000000000000000     
   81.500000000000000        0.0000000000000000     
   82.000000000000000        0.0000000000000000     
   82.500000000000000        0.0000000000000000     
   83.000000000000000        0.0000000000000000     
   83.500000000000000        0.0000000000000000     
   84.000000000000000        0.0000000000000000     
   84.500000000000000        0.0000000000000000     
   85.000000000000000        0.0000000000000000     
   85.500000000000000        0.0000000000000000     
   86.000000000000000        0.0000000000000000     
   86.500000000000000        0.0000000000000000     
   87.000000000000000        0.0000000000000000     
   87.500000000000000        0.0000000000000000     
   88.000000000000000        0.0000000000000000     
   88.500000000000000        0.0000000000000000     
   89.000000000000000        0.0000000000000000     
   89.500000000000000        0.0000000000000000     
