  -10.500000000000000        0.0000000000000000     
  -10.000000000000000      -2.78320916701604989E-003
  -9.5000000000000000      -6.95595261400848951E-003
  -9.0000000000000000      -1.03175811136706399E-002
  -8.5000000000000000      -1.57850458511229995E-002
  -8.0000000000000000      -1.96723338811564119E-002
  -7.5000000000000000      -2.31877079938052968E-002
  -7.0000000000000000      -2.73266681868181045E-002
  -6.5000000000000000      -2.94833620023311274E-002
  -6.0000000000000000      -3.17231907335978752E-002
  -5.5000000000000000      -3.30457492797177899E-002
  -5.0000000000000000      -3.32998457951619448E-002
  -4.5000000000000000      -3.28376879801986696E-002
  -4.0000000000000000      -3.18007101299441694E-002
  -3.5000000000000000      -2.99456458253636107E-002
  -3.0000000000000000      -2.65536284510725605E-002
  -2.5000000000000000      -2.39857835159596466E-002
  -2.0000000000000000      -1.96060101049591942E-002
  -1.5000000000000000      -1.46593325426710962E-002
  -1.0000000000000000      -1.09156089582306600E-002
 -0.50000000000000000      -4.67942250342060460E-003
   0.0000000000000000        0.0000000000000000     
  0.50000000000000000       4.67942250342060460E-003
   1.0000000000000000       1.09156089582306600E-002
   1.5000000000000000       1.46593325426710962E-002
   2.0000000000000000       1.96060101049591942E-002
   2.5000000000000000       2.39857835159596466E-002
   3.0000000000000000       2.65536284510725605E-002
   3.5000000000000000       2.99456458253636107E-002
   4.0000000000000000       3.18007101299441694E-002
   4.5000000000000000       3.28376879801986696E-002
   5.0000000000000000       3.32998457951619448E-002
   5.5000000000000000       3.30457492797177968E-002
   6.0000000000000000       3.17231907335978752E-002
   6.5000000000000000       2.94833620023311378E-002
   7.0000000000000000       2.73266681868181080E-002
   7.5000000000000000       2.31877079938052864E-002
   8.0000000000000000       1.96723482023448033E-002
   8.5000000000000000       1.57859044063665549E-002
   9.0000000000000000       1.03360095893268427E-002
   9.5000000000000000       7.12647224006899768E-003
   10.000000000000000       3.45439119303318689E-003
   10.500000000000000       1.36240854416714500E-003
   11.000000000000000       6.71182026017143394E-004
   11.500000000000000       1.70519626060505736E-004
   12.000000000000000       1.84284756562071102E-005
   12.500000000000000       8.58555243566432831E-007
   13.000000000000000       1.43211883830931249E-008
   13.500000000000000        0.0000000000000000     
   14.000000000000000        0.0000000000000000     
   14.500000000000000        0.0000000000000000     
   15.000000000000000        0.0000000000000000     
   15.500000000000000        0.0000000000000000     
   16.000000000000000        0.0000000000000000     
   16.500000000000000        0.0000000000000000     
   17.000000000000000        0.0000000000000000     
   17.500000000000000        0.0000000000000000     
   18.000000000000000        0.0000000000000000     
   18.500000000000000        0.0000000000000000     
   19.000000000000000        0.0000000000000000     
   19.500000000000000        0.0000000000000000     
   20.000000000000000        0.0000000000000000     
   20.500000000000000        0.0000000000000000     
   21.000000000000000        0.0000000000000000     
   21.500000000000000        0.0000000000000000     
   22.000000000000000        0.0000000000000000     
   22.500000000000000        0.0000000000000000     
   23.000000000000000        0.0000000000000000     
   23.500000000000000        0.0000000000000000     
   24.000000000000000        0.0000000000000000     
   24.500000000000000        0.0000000000000000     
   25.000000000000000        0.0000000000000000     
   25.500000000000000        0.0000000000000000     
   26.000000000000000        0.0000000000000000     
   26.500000000000000        0.0000000000000000     
   27.000000000000000        0.0000000000000000     
   27.500000000000000        0.0000000000000000     
   28.000000000000000        0.0000000000000000     
   28.500000000000000        0.0000000000000000     
   29.000000000000000        0.0000000000000000     
   29.500000000000000        0.0000000000000000     
   30.000000000000000        0.0000000000000000     
   30.500000000000000        0.0000000000000000     
   31.000000000000000        0.0000000000000000     
   31.500000000000000        0.0000000000000000     
   32.000000000000000        0.0000000000000000     
   32.500000000000000        0.0000000000000000     
   33.000000000000000        0.0000000000000000     
   33.500000000000000        0.0000000000000000     
   34.000000000000000        0.0000000000000000     
   34.500000000000000        0.0000000000000000     
   35.000000000000000        0.0000000000000000     
   35.500000000000000        0.0000000000000000     
   36.000000000000000        0.0000000000000000     
   36.500000000000000        0.0000000000000000     
   37.000000000000000        0.0000000000000000     
   37.500000000000000        0.0000000000000000     
   38.000000000000000        0.0000000000000000     
   38.500000000000000        0.0000000000000000     
   39.000000000000000        0.0000000000000000     
   39.500000000000000        0.0000000000000000     
   40.000000000000000        0.0000000000000000     
   40.500000000000000        0.0000000000000000     
   41.000000000000000        0.0000000000000000     
   41.500000000000000        0.0000000000000000     
   42.000000000000000        0.0000000000000000     
   42.500000000000000        0.0000000000000000     
   43.000000000000000        0.0000000000000000     
   43.500000000000000        0.0000000000000000     
   44.000000000000000        0.0000000000000000     
   44.500000000000000        0.0000000000000000     
   45.000000000000000        0.0000000000000000     
   45.500000000000000        0.0000000000000000     
   46.000000000000000        0.0000000000000000     
   46.500000000000000        0.0000000000000000     
   47.000000000000000        0.0000000000000000     
   47.500000000000000        0.0000000000000000     
   48.000000000000000        0.0000000000000000     
   48.500000000000000        0.0000000000000000     
   49.000000000000000        0.0000000000000000     
   49.500000000000000        0.0000000000000000     
   50.000000000000000        0.0000000000000000     
   50.500000000000000        0.0000000000000000     
   51.000000000000000        0.0000000000000000     
   51.500000000000000        0.0000000000000000     
   52.000000000000000        0.0000000000000000     
   52.500000000000000        0.0000000000000000     
   53.000000000000000        0.0000000000000000     
   53.500000000000000        0.0000000000000000     
   54.000000000000000        0.0000000000000000     
   54.500000000000000        0.0000000000000000     
   55.000000000000000        0.0000000000000000     
   55.500000000000000        0.0000000000000000     
   56.000000000000000        0.0000000000000000     
   56.500000000000000        0.0000000000000000     
   57.000000000000000        0.0000000000000000     
   57.500000000000000        0.0000000000000000     
   58.000000000000000        0.0000000000000000     
   58.500000000000000        0.0000000000000000     
   59.000000000000000        0.0000000000000000     
   59.500000000000000        0.0000000000000000     
   60.000000000000000        0.0000000000000000     
   60.500000000000000        0.0000000000000000     
   61.000000000000000        0.0000000000000000     
   61.500000000000000        0.0000000000000000     
   62.000000000000000        0.0000000000000000     
   62.500000000000000        0.0000000000000000     
   63.000000000000000        0.0000000000000000     
   63.500000000000000        0.0000000000000000     
   64.000000000000000        0.0000000000000000     
   64.500000000000000        0.0000000000000000     
   65.000000000000000        0.0000000000000000     
   65.500000000000000        0.0000000000000000     
   66.000000000000000        0.0000000000000000     
   66.500000000000000        0.0000000000000000     
   67.000000000000000        0.0000000000000000     
   67.500000000000000        0.0000000000000000     
   68.000000000000000        0.0000000000000000     
   68.500000000000000        0.0000000000000000     
   69.000000000000000        0.0000000000000000     
   69.500000000000000        0.0000000000000000     
   70.000000000000000        0.0000000000000000     
   70.500000000000000        0.0000000000000000     
   71.000000000000000        0.0000000000000000     
   71.500000000000000        0.0000000000000000     
   72.000000000000000        0.0000000000000000     
   72.500000000000000        0.0000000000000000     
   73.000000000000000        0.0000000000000000     
   73.500000000000000        0.0000000000000000     
   74.000000000000000        0.0000000000000000     
   74.500000000000000        0.0000000000000000     
   75.000000000000000        0.0000000000000000     
   75.500000000000000        0.0000000000000000     
   76.000000000000000        0.0000000000000000     
   76.500000000000000        0.0000000000000000     
   77.000000000000000        0.0000000000000000     
   77.500000000000000        0.0000000000000000     
   78.000000000000000        0.0000000000000000     
   78.500000000000000        0.0000000000000000     
   79.000000000000000        0.0000000000000000     
   79.500000000000000        0.0000000000000000     
   80.000000000000000        0.0000000000000000     
   80.500000000000000        0.0000000000000000     
   81.000000000000000        0.0000000000000000     
   81.500000000000000        0.0000000000000000     
   82.000000000000000        0.0000000000000000     
   82.500000000000000        0.0000000000000000     
   83.000000000000000        0.0000000000000000     
   83.500000000000000        0.0000000000000000     
   84.000000000000000        0.0000000000000000     
   84.500000000000000        0.0000000000000000     
   85.000000000000000        0.0000000000000000     
   85.500000000000000        0.0000000000000000     
   86.000000000000000        0.0000000000000000     
   86.500000000000000        0.0000000000000000     
   87.000000000000000        0.0000000000000000     
   87.500000000000000        0.0000000000000000     
   88.000000000000000        0.0000000000000000     
   88.500000000000000        0.0000000000000000     
   89.000000000000000        0.0000000000000000     
   89.500000000000000        0.0000000000000000     
