  -10.500000000000000        0.0000000000000000     
  -10.000000000000000      -2.21729133604685585E-003
  -9.5000000000000000      -3.53363602561664785E-003
  -9.0000000000000000      -5.90301846979539822E-003
  -8.5000000000000000      -7.28320641527667456E-003
  -8.0000000000000000      -9.07263103311298745E-003
  -7.5000000000000000      -1.02313533953009017E-002
  -7.0000000000000000      -1.10401122496024406E-002
  -6.5000000000000000      -1.23354365217922882E-002
  -6.0000000000000000      -1.21365408333036877E-002
  -5.5000000000000000      -1.28799742860660274E-002
  -5.0000000000000000      -1.22994804495058993E-002
  -4.5000000000000000      -1.18338722206955092E-002
  -4.0000000000000000      -1.19244660125443630E-002
  -3.5000000000000000      -9.41985324983635880E-003
  -3.0000000000000000      -8.94677634971205449E-003
  -2.5000000000000000      -8.04107998958481125E-003
  -2.0000000000000000      -5.26842428501796307E-003
  -1.5000000000000000      -3.82892081809359762E-003
  -1.0000000000000000      -1.86615095554659239E-003
 -0.50000000000000000      -5.97315771095421845E-004
   0.0000000000000000       1.00110115962427244E-004
  0.50000000000000000       9.26276842312450332E-004
   1.0000000000000000       2.65537901992725887E-003
   1.5000000000000000       5.61806770511911156E-003
   2.0000000000000000       8.89875014446933621E-003
   2.5000000000000000       1.46716941876035810E-002
   3.0000000000000000       1.98974979846912349E-002
   3.5000000000000000       2.57655941295782433E-002
   4.0000000000000000       3.42112476004862373E-002
   4.5000000000000000       4.05529905316573194E-002
   5.0000000000000000       4.83723315571275084E-002
   5.5000000000000000       5.67512465865405713E-002
   6.0000000000000000       6.34428494640330021E-002
   6.5000000000000000       7.13680197983070919E-002
   7.0000000000000000       7.77918217011117491E-002
   7.5000000000000000       8.36181491004676508E-002
   8.0000000000000000       8.92227404706401606E-002
   8.5000000000000000       9.33169724927077754E-002
   9.0000000000000000       9.62762885986855749E-002
   9.5000000000000000       9.83111492634914791E-002
   10.000000000000000       9.94250646678341149E-002
   10.500000000000000       9.87359815162081461E-002
   11.000000000000000       9.72077733317873033E-002
   11.500000000000000       9.47775132378747970E-002
   12.000000000000000       9.03732701288901402E-002
   12.500000000000000       8.60337660774310869E-002
   13.000000000000000       8.01501094375271228E-002
   13.500000000000000       7.33867957051667907E-002
   14.000000000000000       6.67517094515092391E-002
   14.500000000000000       5.90325832765144082E-002
   15.000000000000000       5.13063086307231978E-002
   15.500000000000000       4.38712723003892302E-002
   16.000000000000000       3.60728511065671886E-002
   16.500000000000000       2.87191182993734445E-002
   17.000000000000000       2.22867814747594838E-002
   17.500000000000000       1.63457398988519804E-002
   18.000000000000000       1.09507141078291140E-002
   18.500000000000000       6.63056318806518746E-003
   19.000000000000000       3.63002155168766667E-003
   19.500000000000000       1.78755454459642114E-003
   20.000000000000000       7.81947728884136058E-004
   20.500000000000000       2.99984600201942014E-004
   21.000000000000000       1.00110115962418828E-004
   21.500000000000000       2.89764710150461479E-005
   22.000000000000000       7.28033549648158694E-006
   22.500000000000000       1.59234242909545664E-006
   23.000000000000000       3.04307763674222121E-007
   23.500000000000000       5.10099535710837940E-008
   24.000000000000000       7.52715011136613333E-009
   24.500000000000000       9.80889870027374251E-010
   25.000000000000000       1.13182389793565330E-010
   25.500000000000000       1.15883478604703181E-011
   26.000000000000000       1.05443319797331623E-012
   26.500000000000000       8.53485965422830399E-014
   27.000000000000000       6.14793800404409526E-015
   27.500000000000000       3.94038604963701743E-016
   28.000000000000000       2.24531142029578306E-017
   28.500000000000000       1.13581340243345262E-018
   29.000000000000000       5.08950662267399196E-020
   29.500000000000000       2.01403362246051930E-021
   30.000000000000000       7.01037656270128491E-023
   30.500000000000000       2.13526545251548875E-024
   31.000000000000000       5.65352133222297141E-026
   31.500000000000000       1.29019185048058134E-027
   32.000000000000000       2.51012265088074181E-029
   32.500000000000000       4.10387411420819678E-031
   33.000000000000000       5.53035428631008617E-033
   33.500000000000000       5.97943927512077632E-035
   34.000000000000000       4.98517931776248133E-037
   34.500000000000000       3.00781095569261690E-039
   35.000000000000000       1.16857639240806850E-041
   35.500000000000000       2.19471573369906772E-044
   36.000000000000000        0.0000000000000000     
   36.500000000000000        0.0000000000000000     
   37.000000000000000        0.0000000000000000     
   37.500000000000000        0.0000000000000000     
   38.000000000000000        0.0000000000000000     
   38.500000000000000        0.0000000000000000     
   39.000000000000000        0.0000000000000000     
   39.500000000000000        0.0000000000000000     
   40.000000000000000        0.0000000000000000     
   40.500000000000000        0.0000000000000000     
   41.000000000000000        0.0000000000000000     
   41.500000000000000        0.0000000000000000     
   42.000000000000000        0.0000000000000000     
   42.500000000000000        0.0000000000000000     
   43.000000000000000        0.0000000000000000     
   43.500000000000000        0.0000000000000000     
   44.000000000000000        0.0000000000000000     
   44.500000000000000        0.0000000000000000     
   45.000000000000000        0.0000000000000000     
   45.500000000000000        0.0000000000000000     
   46.000000000000000        0.0000000000000000     
   46.500000000000000        0.0000000000000000     
   47.000000000000000        0.0000000000000000     
   47.500000000000000        0.0000000000000000     
   48.000000000000000        0.0000000000000000     
   48.500000000000000        0.0000000000000000     
   49.000000000000000        0.0000000000000000     
   49.500000000000000        0.0000000000000000     
   50.000000000000000        0.0000000000000000     
   50.500000000000000        0.0000000000000000     
   51.000000000000000        0.0000000000000000     
   51.500000000000000        0.0000000000000000     
   52.000000000000000        0.0000000000000000     
   52.500000000000000        0.0000000000000000     
   53.000000000000000        0.0000000000000000     
   53.500000000000000        0.0000000000000000     
   54.000000000000000        0.0000000000000000     
   54.500000000000000        0.0000000000000000     
   55.000000000000000        0.0000000000000000     
   55.500000000000000        0.0000000000000000     
   56.000000000000000        0.0000000000000000     
   56.500000000000000        0.0000000000000000     
   57.000000000000000        0.0000000000000000     
   57.500000000000000        0.0000000000000000     
   58.000000000000000        0.0000000000000000     
   58.500000000000000        0.0000000000000000     
   59.000000000000000        0.0000000000000000     
   59.500000000000000        0.0000000000000000     
   60.000000000000000        0.0000000000000000     
   60.500000000000000        0.0000000000000000     
   61.000000000000000        0.0000000000000000     
   61.500000000000000        0.0000000000000000     
   62.000000000000000        0.0000000000000000     
   62.500000000000000        0.0000000000000000     
   63.000000000000000        0.0000000000000000     
   63.500000000000000        0.0000000000000000     
   64.000000000000000        0.0000000000000000     
   64.500000000000000        0.0000000000000000     
   65.000000000000000        0.0000000000000000     
   65.500000000000000        0.0000000000000000     
   66.000000000000000        0.0000000000000000     
   66.500000000000000        0.0000000000000000     
   67.000000000000000        0.0000000000000000     
   67.500000000000000        0.0000000000000000     
   68.000000000000000        0.0000000000000000     
   68.500000000000000        0.0000000000000000     
   69.000000000000000        0.0000000000000000     
   69.500000000000000        0.0000000000000000     
   70.000000000000000        0.0000000000000000     
   70.500000000000000        0.0000000000000000     
   71.000000000000000        0.0000000000000000     
   71.500000000000000        0.0000000000000000     
   72.000000000000000        0.0000000000000000     
   72.500000000000000        0.0000000000000000     
   73.000000000000000        0.0000000000000000     
   73.500000000000000        0.0000000000000000     
   74.000000000000000        0.0000000000000000     
   74.500000000000000        0.0000000000000000     
   75.000000000000000        0.0000000000000000     
   75.500000000000000        0.0000000000000000     
   76.000000000000000        0.0000000000000000     
   76.500000000000000        0.0000000000000000     
   77.000000000000000        0.0000000000000000     
   77.500000000000000        0.0000000000000000     
   78.000000000000000        0.0000000000000000     
   78.500000000000000        0.0000000000000000     
   79.000000000000000        0.0000000000000000     
   79.500000000000000        0.0000000000000000     
   80.000000000000000        0.0000000000000000     
   80.500000000000000        0.0000000000000000     
   81.000000000000000        0.0000000000000000     
   81.500000000000000        0.0000000000000000     
   82.000000000000000        0.0000000000000000     
   82.500000000000000        0.0000000000000000     
   83.000000000000000        0.0000000000000000     
   83.500000000000000        0.0000000000000000     
   84.000000000000000        0.0000000000000000     
   84.500000000000000        0.0000000000000000     
   85.000000000000000        0.0000000000000000     
   85.500000000000000        0.0000000000000000     
   86.000000000000000        0.0000000000000000     
   86.500000000000000        0.0000000000000000     
   87.000000000000000        0.0000000000000000     
   87.500000000000000        0.0000000000000000     
   88.000000000000000        0.0000000000000000     
   88.500000000000000        0.0000000000000000     
   89.000000000000000        0.0000000000000000     
   89.500000000000000        0.0000000000000000     
