  -10.500000000000000        0.0000000000000000     
  -10.000000000000000       3.18373229506550099E-003
  -9.5000000000000000       5.29529959812675803E-003
  -9.0000000000000000       8.22624999309290277E-003
  -8.5000000000000000       1.08156830278349578E-002
  -8.0000000000000000       1.27383635946580996E-002
  -7.5000000000000000       1.48234090281103813E-002
  -7.0000000000000000       1.61659655446019720E-002
  -6.5000000000000000       1.72363381032029916E-002
  -6.0000000000000000       1.79455997187537332E-002
  -5.5000000000000000       1.83575876609935879E-002
  -5.0000000000000000       1.76943585490272198E-002
  -4.5000000000000000       1.73105798989841020E-002
  -4.0000000000000000       1.65528450706553566E-002
  -3.5000000000000000       1.41292684095880410E-002
  -3.0000000000000000       1.30156552867321425E-002
  -2.5000000000000000       1.11241985565232494E-002
  -2.0000000000000000       7.98133923830920793E-003
  -1.5000000000000000       5.90230744883174507E-003
  -1.0000000000000000       3.74762880623372673E-003
 -0.50000000000000000       2.14950917006199614E-003
   0.0000000000000000       8.01888151841351074E-004
  0.50000000000000000      -2.45636023399064564E-005
   1.0000000000000000       1.09121080375456725E-005
   1.5000000000000000       7.62454920244606620E-004
   2.0000000000000000       2.94466481957179112E-003
   2.5000000000000000       5.18549772460599225E-003
   3.0000000000000000       9.29468333867642521E-003
   3.5000000000000000       1.46209084736055178E-002
   4.0000000000000000       1.94400490963786352E-002
   4.5000000000000000       2.65271312042485961E-002
   5.0000000000000000       3.37063095099851065E-002
   5.5000000000000000       4.05731611531895617E-002
   6.0000000000000000       4.87623844506100343E-002
   6.5000000000000000       5.63046531386240459E-002
   7.0000000000000000       6.37695781955137653E-002
   7.5000000000000000       7.12901437153935225E-002
   8.0000000000000000       7.77389747630792688E-002
   8.5000000000000000       8.36896076132884054E-002
   9.0000000000000000       8.92652303225860005E-002
   9.5000000000000000       9.32614500164360427E-002
   10.000000000000000       9.62652469204664935E-002
   10.500000000000000       9.83727042647638272E-002
   11.000000000000000       9.94489792155319463E-002
   11.500000000000000       9.85567496145628025E-002
   12.000000000000000       9.74914803156789328E-002
   12.500000000000000       9.45052906411232851E-002
   13.000000000000000       9.04773383577372886E-002
   13.500000000000000       8.61135527435023945E-002
   14.000000000000000       7.99355437400967178E-002
   14.500000000000000       7.35409912415962014E-002
   15.000000000000000       6.67079841668523216E-002
   15.500000000000000       5.89307487896595927E-002
   16.000000000000000       5.14006678443336279E-002
   16.500000000000000       4.38377094214971522E-002
   17.000000000000000       3.59928824039538811E-002
   17.500000000000000       2.87501036139051723E-002
   18.000000000000000       2.23099334614199132E-002
   18.500000000000000       1.63077139190039890E-002
   19.000000000000000       1.09174522636550780E-002
   19.500000000000000       6.63234147401417767E-003
   20.000000000000000       3.65079232468797001E-003
   20.500000000000000       1.81124993132608420E-003
   21.000000000000000       8.01888151841310525E-004
   21.500000000000000       3.13695636395991797E-004
   22.000000000000000       1.07748589583299553E-004
   22.500000000000000       3.24208950621425446E-005
   23.000000000000000       8.55179422593384337E-006
   23.500000000000000       1.98236212522709250E-006
   24.000000000000000       4.05163988573826782E-007
   24.500000000000000       7.32692884288887850E-008
   25.000000000000000       1.17630800804160390E-008
   25.500000000000000       1.68173561680787481E-009
   26.000000000000000       2.14678684236762167E-010
   26.500000000000000       2.45235441809531812E-011
   27.000000000000000       2.51140131845269575E-012
   27.500000000000000       2.30871200843059957E-013
   28.000000000000000       1.90692597674139974E-014
   28.500000000000000       1.41581009793246144E-015
   29.000000000000000       9.44895657512934754E-017
   29.500000000000000       5.66588972446032315E-018
   30.000000000000000       3.04958884129096450E-019
   30.500000000000000       1.47114465053099488E-020
   31.000000000000000       6.34755250479394078E-022
   31.500000000000000       2.44286672299236827E-023
   32.000000000000000       8.35611621533843469E-025
   32.500000000000000       2.52922714655177901E-026
   33.000000000000000       6.73639000285638148E-028
   33.500000000000000       1.56777963943710765E-029
   34.000000000000000       3.16030456235243943E-031
   34.500000000000000       5.45588759520824120E-033
   35.000000000000000       7.94928495394124170E-035
   35.500000000000000       9.58537262374806635E-037
   36.000000000000000       9.30886468869800808E-039
   36.500000000000000       6.99621717265873662E-041
   37.000000000000000       3.81821489962307099E-043
   37.500000000000000       1.34616078711759294E-045
   38.000000000000000       2.30132624517923478E-048
   38.500000000000000        0.0000000000000000     
   39.000000000000000        0.0000000000000000     
   39.500000000000000        0.0000000000000000     
   40.000000000000000        0.0000000000000000     
   40.500000000000000        0.0000000000000000     
   41.000000000000000        0.0000000000000000     
   41.500000000000000        0.0000000000000000     
   42.000000000000000        0.0000000000000000     
   42.500000000000000        0.0000000000000000     
   43.000000000000000        0.0000000000000000     
   43.500000000000000        0.0000000000000000     
   44.000000000000000        0.0000000000000000     
   44.500000000000000        0.0000000000000000     
   45.000000000000000        0.0000000000000000     
   45.500000000000000        0.0000000000000000     
   46.000000000000000        0.0000000000000000     
   46.500000000000000        0.0000000000000000     
   47.000000000000000        0.0000000000000000     
   47.500000000000000        0.0000000000000000     
   48.000000000000000        0.0000000000000000     
   48.500000000000000        0.0000000000000000     
   49.000000000000000        0.0000000000000000     
   49.500000000000000        0.0000000000000000     
   50.000000000000000        0.0000000000000000     
   50.500000000000000        0.0000000000000000     
   51.000000000000000        0.0000000000000000     
   51.500000000000000        0.0000000000000000     
   52.000000000000000        0.0000000000000000     
   52.500000000000000        0.0000000000000000     
   53.000000000000000        0.0000000000000000     
   53.500000000000000        0.0000000000000000     
   54.000000000000000        0.0000000000000000     
   54.500000000000000        0.0000000000000000     
   55.000000000000000        0.0000000000000000     
   55.500000000000000        0.0000000000000000     
   56.000000000000000        0.0000000000000000     
   56.500000000000000        0.0000000000000000     
   57.000000000000000        0.0000000000000000     
   57.500000000000000        0.0000000000000000     
   58.000000000000000        0.0000000000000000     
   58.500000000000000        0.0000000000000000     
   59.000000000000000        0.0000000000000000     
   59.500000000000000        0.0000000000000000     
   60.000000000000000        0.0000000000000000     
   60.500000000000000        0.0000000000000000     
   61.000000000000000        0.0000000000000000     
   61.500000000000000        0.0000000000000000     
   62.000000000000000        0.0000000000000000     
   62.500000000000000        0.0000000000000000     
   63.000000000000000        0.0000000000000000     
   63.500000000000000        0.0000000000000000     
   64.000000000000000        0.0000000000000000     
   64.500000000000000        0.0000000000000000     
   65.000000000000000        0.0000000000000000     
   65.500000000000000        0.0000000000000000     
   66.000000000000000        0.0000000000000000     
   66.500000000000000        0.0000000000000000     
   67.000000000000000        0.0000000000000000     
   67.500000000000000        0.0000000000000000     
   68.000000000000000        0.0000000000000000     
   68.500000000000000        0.0000000000000000     
   69.000000000000000        0.0000000000000000     
   69.500000000000000        0.0000000000000000     
   70.000000000000000        0.0000000000000000     
   70.500000000000000        0.0000000000000000     
   71.000000000000000        0.0000000000000000     
   71.500000000000000        0.0000000000000000     
   72.000000000000000        0.0000000000000000     
   72.500000000000000        0.0000000000000000     
   73.000000000000000        0.0000000000000000     
   73.500000000000000        0.0000000000000000     
   74.000000000000000        0.0000000000000000     
   74.500000000000000        0.0000000000000000     
   75.000000000000000        0.0000000000000000     
   75.500000000000000        0.0000000000000000     
   76.000000000000000        0.0000000000000000     
   76.500000000000000        0.0000000000000000     
   77.000000000000000        0.0000000000000000     
   77.500000000000000        0.0000000000000000     
   78.000000000000000        0.0000000000000000     
   78.500000000000000        0.0000000000000000     
   79.000000000000000        0.0000000000000000     
   79.500000000000000        0.0000000000000000     
   80.000000000000000        0.0000000000000000     
   80.500000000000000        0.0000000000000000     
   81.000000000000000        0.0000000000000000     
   81.500000000000000        0.0000000000000000     
   82.000000000000000        0.0000000000000000     
   82.500000000000000        0.0000000000000000     
   83.000000000000000        0.0000000000000000     
   83.500000000000000        0.0000000000000000     
   84.000000000000000        0.0000000000000000     
   84.500000000000000        0.0000000000000000     
   85.000000000000000        0.0000000000000000     
   85.500000000000000        0.0000000000000000     
   86.000000000000000        0.0000000000000000     
   86.500000000000000        0.0000000000000000     
   87.000000000000000        0.0000000000000000     
   87.500000000000000        0.0000000000000000     
   88.000000000000000        0.0000000000000000     
   88.500000000000000        0.0000000000000000     
   89.000000000000000        0.0000000000000000     
   89.500000000000000        0.0000000000000000     
