  -10.500000000000000        0.0000000000000000     
  -10.000000000000000       6.97566705715601046E-003
  -9.5000000000000000       1.47136084865452307E-002
  -9.0000000000000000       2.16326965627819251E-002
  -8.5000000000000000       2.73207975451297200E-002
  -8.0000000000000000       3.37135860846832294E-002
  -7.5000000000000000       3.80608207515230751E-002
  -7.0000000000000000       4.18734939118192775E-002
  -6.5000000000000000       4.53751563762485599E-002
  -6.0000000000000000       4.62273704590929965E-002
  -5.5000000000000000       4.71511272863345890E-002
  -5.0000000000000000       4.69338327974010844E-002
  -4.5000000000000000       4.45522264989605121E-002
  -4.0000000000000000       4.20859027012134498E-002
  -3.5000000000000000       3.84106303868315610E-002
  -3.0000000000000000       3.32650741920599291E-002
  -2.5000000000000000       2.79200763838544294E-002
  -2.0000000000000000       2.24712707796902930E-002
  -1.5000000000000000       1.66552614189948017E-002
  -1.0000000000000000       1.08797462225771573E-002
 -0.50000000000000000       6.39692490155841214E-003
   0.0000000000000000       3.67077281079278154E-003
  0.50000000000000000       2.07260627290207014E-003
   1.0000000000000000       8.30995952331687530E-004
   1.5000000000000000      -5.84661099434563087E-005
   2.0000000000000000      -3.68281716381579850E-005
   2.5000000000000000       9.00833163092332797E-004
   3.0000000000000000       2.68593738675913189E-003
   3.5000000000000000       5.36561842292097510E-003
   4.0000000000000000       9.38824327611167790E-003
   4.5000000000000000       1.43548937225537535E-002
   5.0000000000000000       1.96608771361598822E-002
   5.5000000000000000       2.65213556801635608E-002
   6.0000000000000000       3.36357650265123945E-002
   6.5000000000000000       4.06226485362350259E-002
   7.0000000000000000       4.88330414834308446E-002
   7.5000000000000000       5.62149065694248842E-002
   8.0000000000000000       6.38457003316415805E-002
   8.5000000000000000       7.13603408312819543E-002
   9.0000000000000000       7.75627490551673016E-002
   9.5000000000000000       8.39090618341886141E-002
   10.000000000000000       8.91548453747217778E-002
   10.500000000000000       9.33313186330137490E-002
   11.000000000000000       9.61305124318777710E-002
   11.500000000000000       9.86226703207338101E-002
   12.000000000000000       9.91954456179488381E-002
   12.500000000000000       9.86811383764074485E-002
   13.000000000000000       9.75592864162742046E-002
   13.500000000000000       9.42757273204017782E-002
   14.000000000000000       9.07065353899177695E-002
   14.500000000000000       8.59978048654099908E-002
   15.000000000000000       7.98631351104091280E-002
   15.500000000000000       7.36724802716228616E-002
   16.000000000000000       6.65946925300352210E-002
   16.500000000000000       5.89070194301584832E-002
   17.000000000000000       5.14736240243710563E-002
   17.500000000000000       4.37738394664277317E-002
   18.000000000000000       3.59411297302921207E-002
   18.500000000000000       2.87850032873859622E-002
   19.000000000000000       2.23191127826344073E-002
   19.500000000000000       1.62695641982354838E-002
   20.000000000000000       1.08891197721991840E-002
   20.500000000000000       6.63498036717356451E-003
   21.000000000000000       3.67077281079280582E-003
   21.500000000000000       1.83455080728688481E-003
   22.000000000000000       8.21622402709639007E-004
   22.500000000000000       3.27231110815849699E-004
   23.000000000000000       1.15329825417664875E-004
   23.500000000000000       3.59062595607878256E-005
   24.000000000000000       9.88184852695509915E-006
   24.500000000000000       2.40934332476521887E-006
   25.000000000000000       5.21952954124303416E-007
   25.500000000000000       1.00791355707704706E-007
   26.000000000000000       1.74035257790109232E-008
   26.500000000000000       2.69487529312363460E-009
   27.000000000000000       3.75196268595265120E-010
   27.500000000000000       4.70734964764021245E-011
   28.000000000000000       5.33230898063250881E-012
   28.500000000000000       5.46186060918291998E-013
   29.000000000000000       5.06480115510129452E-014
   29.500000000000000       4.25536636611249605E-015
   30.000000000000000       3.24091421768553325E-016
   30.500000000000000       2.23770683872701636E-017
   31.000000000000000       1.40034533798121729E-018
   31.500000000000000       7.93761838356383920E-020
   32.000000000000000       4.07118183452570810E-021
   32.500000000000000       1.88663880150264713E-022
   33.000000000000000       7.88402916410761143E-024
   33.500000000000000       2.96357107890738259E-025
   34.000000000000000       9.98926258128543504E-027
   34.500000000000000       3.00762552417789229E-028
   35.000000000000000       8.05044141916811685E-030
   35.500000000000000       1.90447939010091067E-031
   36.000000000000000       3.95315691141584663E-033
   36.500000000000000       7.13490532113231710E-035
   37.000000000000000       1.10693216472390409E-036
   37.500000000000000       1.45441824230802280E-038
   38.000000000000000       1.58673792544042232E-040
   38.500000000000000       1.39856662299971042E-042
   39.000000000000000       9.56812140991462493E-045
   39.500000000000000       4.76676538834884002E-047
   40.000000000000000       1.53824045562803347E-049
   40.500000000000000       2.41311546886506231E-052
   41.000000000000000        0.0000000000000000     
   41.500000000000000        0.0000000000000000     
   42.000000000000000        0.0000000000000000     
   42.500000000000000        0.0000000000000000     
   43.000000000000000        0.0000000000000000     
   43.500000000000000        0.0000000000000000     
   44.000000000000000        0.0000000000000000     
   44.500000000000000        0.0000000000000000     
   45.000000000000000        0.0000000000000000     
   45.500000000000000        0.0000000000000000     
   46.000000000000000        0.0000000000000000     
   46.500000000000000        0.0000000000000000     
   47.000000000000000        0.0000000000000000     
   47.500000000000000        0.0000000000000000     
   48.000000000000000        0.0000000000000000     
   48.500000000000000        0.0000000000000000     
   49.000000000000000        0.0000000000000000     
   49.500000000000000        0.0000000000000000     
   50.000000000000000        0.0000000000000000     
   50.500000000000000        0.0000000000000000     
   51.000000000000000        0.0000000000000000     
   51.500000000000000        0.0000000000000000     
   52.000000000000000        0.0000000000000000     
   52.500000000000000        0.0000000000000000     
   53.000000000000000        0.0000000000000000     
   53.500000000000000        0.0000000000000000     
   54.000000000000000        0.0000000000000000     
   54.500000000000000        0.0000000000000000     
   55.000000000000000        0.0000000000000000     
   55.500000000000000        0.0000000000000000     
   56.000000000000000        0.0000000000000000     
   56.500000000000000        0.0000000000000000     
   57.000000000000000        0.0000000000000000     
   57.500000000000000        0.0000000000000000     
   58.000000000000000        0.0000000000000000     
   58.500000000000000        0.0000000000000000     
   59.000000000000000        0.0000000000000000     
   59.500000000000000        0.0000000000000000     
   60.000000000000000        0.0000000000000000     
   60.500000000000000        0.0000000000000000     
   61.000000000000000        0.0000000000000000     
   61.500000000000000        0.0000000000000000     
   62.000000000000000        0.0000000000000000     
   62.500000000000000        0.0000000000000000     
   63.000000000000000        0.0000000000000000     
   63.500000000000000        0.0000000000000000     
   64.000000000000000        0.0000000000000000     
   64.500000000000000        0.0000000000000000     
   65.000000000000000        0.0000000000000000     
   65.500000000000000        0.0000000000000000     
   66.000000000000000        0.0000000000000000     
   66.500000000000000        0.0000000000000000     
   67.000000000000000        0.0000000000000000     
   67.500000000000000        0.0000000000000000     
   68.000000000000000        0.0000000000000000     
   68.500000000000000        0.0000000000000000     
   69.000000000000000        0.0000000000000000     
   69.500000000000000        0.0000000000000000     
   70.000000000000000        0.0000000000000000     
   70.500000000000000        0.0000000000000000     
   71.000000000000000        0.0000000000000000     
   71.500000000000000        0.0000000000000000     
   72.000000000000000        0.0000000000000000     
   72.500000000000000        0.0000000000000000     
   73.000000000000000        0.0000000000000000     
   73.500000000000000        0.0000000000000000     
   74.000000000000000        0.0000000000000000     
   74.500000000000000        0.0000000000000000     
   75.000000000000000        0.0000000000000000     
   75.500000000000000        0.0000000000000000     
   76.000000000000000        0.0000000000000000     
   76.500000000000000        0.0000000000000000     
   77.000000000000000        0.0000000000000000     
   77.500000000000000        0.0000000000000000     
   78.000000000000000        0.0000000000000000     
   78.500000000000000        0.0000000000000000     
   79.000000000000000        0.0000000000000000     
   79.500000000000000        0.0000000000000000     
   80.000000000000000        0.0000000000000000     
   80.500000000000000        0.0000000000000000     
   81.000000000000000        0.0000000000000000     
   81.500000000000000        0.0000000000000000     
   82.000000000000000        0.0000000000000000     
   82.500000000000000        0.0000000000000000     
   83.000000000000000        0.0000000000000000     
   83.500000000000000        0.0000000000000000     
   84.000000000000000        0.0000000000000000     
   84.500000000000000        0.0000000000000000     
   85.000000000000000        0.0000000000000000     
   85.500000000000000        0.0000000000000000     
   86.000000000000000        0.0000000000000000     
   86.500000000000000        0.0000000000000000     
   87.000000000000000        0.0000000000000000     
   87.500000000000000        0.0000000000000000     
   88.000000000000000        0.0000000000000000     
   88.500000000000000        0.0000000000000000     
   89.000000000000000        0.0000000000000000     
   89.500000000000000        0.0000000000000000     
