  -10.500000000000000        0.0000000000000000     
  -10.000000000000000       1.36094192854654510E-002
  -9.5000000000000000       2.76645805823463667E-002
  -9.0000000000000000       4.07439077451142717E-002
  -8.5000000000000000       5.18654513445549817E-002
  -8.0000000000000000       6.32676589283799745E-002
  -7.5000000000000000       7.18733440958082559E-002
  -7.0000000000000000       7.89450375011766653E-002
  -6.5000000000000000       8.53339742632059223E-002
  -6.0000000000000000       8.72633680745216467E-002
  -5.5000000000000000       8.92071163230248043E-002
  -5.0000000000000000       8.83471681130839487E-002
  -4.5000000000000000       8.44449598657728562E-002
  -4.0000000000000000       8.07210370066776400E-002
  -3.5000000000000000       7.36991230130786823E-002
  -3.0000000000000000       6.65143580270507184E-002
  -2.5000000000000000       5.91241084466109790E-002
  -2.0000000000000000       5.10216996359777256E-002
  -1.5000000000000000       4.40240175027978228E-002
  -1.0000000000000000       3.59472018049693462E-002
 -0.50000000000000000       2.86115320326242178E-002
   0.0000000000000000       2.23094691163161635E-002
  0.50000000000000000       1.64309701723677030E-002
   1.0000000000000000       1.07966616366811374E-002
   1.5000000000000000       6.24737967158811927E-003
   2.0000000000000000       4.20362186627458619E-003
   2.5000000000000000       1.74421865357087045E-003
   3.0000000000000000       7.38354597423089391E-004
   3.5000000000000000       3.54486860542991297E-004
   4.0000000000000000      -5.80036007740319915E-004
   4.5000000000000000       1.28298028678996870E-003
   5.0000000000000000       2.53644615870529362E-003
   5.5000000000000000       5.18608898261927517E-003
   6.0000000000000000       9.89420155816841604E-003
   6.5000000000000000       1.37760585890529461E-002
   7.0000000000000000       2.00420894607602623E-002
   7.5000000000000000       2.66201196130126452E-002
   8.0000000000000000       3.32603125949778797E-002
   8.5000000000000000       4.10978323923139183E-002
   9.0000000000000000       4.85850618007284685E-002
   9.5000000000000000       5.62352040803818093E-002
   10.000000000000000       6.41286656122140447E-002
   10.500000000000000       7.10724832470469581E-002
   11.000000000000000       7.77380848974277283E-002
   11.500000000000000       8.38997846604536274E-002
   12.000000000000000       8.93289695272082573E-002
   12.500000000000000       9.29632835972899058E-002
   13.000000000000000       9.65279705689723044E-002
   13.500000000000000       9.84934577632409908E-002
   14.000000000000000       9.89870932885642263E-002
   14.500000000000000       9.91098598886864524E-002
   15.000000000000000       9.71567659825385843E-002
   15.500000000000000       9.43898367659607579E-002
   16.000000000000000       9.08709112726228396E-002
   16.500000000000000       8.56849470469903812E-002
   17.000000000000000       8.00106478777715541E-002
   17.500000000000000       7.36998149534345004E-002
   18.000000000000000       6.63923519024216535E-002
   18.500000000000000       5.89882454964072087E-002
   19.000000000000000       5.15160879735904395E-002
   19.500000000000000       4.36292554558476917E-002
   20.000000000000000       3.59009809201054839E-002
   20.500000000000000       2.88458090730238995E-002
   21.000000000000000       2.23094691163161496E-002
   21.500000000000000       1.61966931319679937E-002
   22.000000000000000       1.08428825215450102E-002
   22.500000000000000       6.64214171853827213E-003
   23.000000000000000       3.70923352866187874E-003
   23.500000000000000       1.88008160377465573E-003
   24.000000000000000       8.60360722052089461E-004
   24.500000000000000       3.53794920187177210E-004
   25.000000000000000       1.30353121165762282E-004
   25.500000000000000       4.29931055723967786E-005
   26.000000000000000       1.27029991662719957E-005
   26.500000000000000       3.36853968332141944E-006
   27.000000000000000       8.03650151486821114E-007
   27.500000000000000       1.72963572374100170E-007
   28.000000000000000       3.36733727225684959E-008
   28.500000000000000       5.94557978945193344E-009
   29.000000000000000       9.54385560661176549E-010
   29.500000000000000       1.39578928702683597E-010
   30.000000000000000       1.86344696194084453E-011
   30.500000000000000       2.27477787783621179E-012
   31.000000000000000       2.54272440746550598E-013
   31.500000000000000       2.60557635018286180E-014
   32.000000000000000       2.44992815708673302E-015
   32.500000000000000       2.11517301959633042E-016
   33.000000000000000       1.67755979671716302E-017
   33.500000000000000       1.22248975773322660E-018
   34.000000000000000       8.18542532144993782E-020
   34.500000000000000       5.03449198345658927E-021
   35.000000000000000       2.84295520734128033E-022
   35.500000000000000       1.47282842248597524E-023
   36.000000000000000       6.99275255984265400E-025
   36.500000000000000       3.03858783856477873E-026
   37.000000000000000       1.20639820198218800E-027
   37.500000000000000       4.36725399880343649E-029
   38.000000000000000       1.43794331607576858E-030
   38.500000000000000       4.29329412812890092E-032
   39.000000000000000       1.15824348105503857E-033
   39.500000000000000       2.81130702657065012E-035
   40.000000000000000       6.10774890449083640E-037
   40.500000000000000       1.18037086290148239E-038
   41.000000000000000       2.01385066440335759E-040
   41.500000000000000       3.00496732639886216E-042
   42.000000000000000       3.87565184657526364E-044
   42.500000000000000       4.25573267287993626E-046
   43.000000000000000       3.89972158192494138E-048
   43.500000000000000       2.90092970249619011E-050
   44.000000000000000       1.68265599616689238E-052
   44.500000000000000       7.13852826690236321E-055
   45.000000000000000       1.96990436158271977E-057
   45.500000000000000       2.65324851718327227E-060
   46.000000000000000        0.0000000000000000     
   46.500000000000000        0.0000000000000000     
   47.000000000000000        0.0000000000000000     
   47.500000000000000        0.0000000000000000     
   48.000000000000000        0.0000000000000000     
   48.500000000000000        0.0000000000000000     
   49.000000000000000        0.0000000000000000     
   49.500000000000000        0.0000000000000000     
   50.000000000000000        0.0000000000000000     
   50.500000000000000        0.0000000000000000     
   51.000000000000000        0.0000000000000000     
   51.500000000000000        0.0000000000000000     
   52.000000000000000        0.0000000000000000     
   52.500000000000000        0.0000000000000000     
   53.000000000000000        0.0000000000000000     
   53.500000000000000        0.0000000000000000     
   54.000000000000000        0.0000000000000000     
   54.500000000000000        0.0000000000000000     
   55.000000000000000        0.0000000000000000     
   55.500000000000000        0.0000000000000000     
   56.000000000000000        0.0000000000000000     
   56.500000000000000        0.0000000000000000     
   57.000000000000000        0.0000000000000000     
   57.500000000000000        0.0000000000000000     
   58.000000000000000        0.0000000000000000     
   58.500000000000000        0.0000000000000000     
   59.000000000000000        0.0000000000000000     
   59.500000000000000        0.0000000000000000     
   60.000000000000000        0.0000000000000000     
   60.500000000000000        0.0000000000000000     
   61.000000000000000        0.0000000000000000     
   61.500000000000000        0.0000000000000000     
   62.000000000000000        0.0000000000000000     
   62.500000000000000        0.0000000000000000     
   63.000000000000000        0.0000000000000000     
   63.500000000000000        0.0000000000000000     
   64.000000000000000        0.0000000000000000     
   64.500000000000000        0.0000000000000000     
   65.000000000000000        0.0000000000000000     
   65.500000000000000        0.0000000000000000     
   66.000000000000000        0.0000000000000000     
   66.500000000000000        0.0000000000000000     
   67.000000000000000        0.0000000000000000     
   67.500000000000000        0.0000000000000000     
   68.000000000000000        0.0000000000000000     
   68.500000000000000        0.0000000000000000     
   69.000000000000000        0.0000000000000000     
   69.500000000000000        0.0000000000000000     
   70.000000000000000        0.0000000000000000     
   70.500000000000000        0.0000000000000000     
   71.000000000000000        0.0000000000000000     
   71.500000000000000        0.0000000000000000     
   72.000000000000000        0.0000000000000000     
   72.500000000000000        0.0000000000000000     
   73.000000000000000        0.0000000000000000     
   73.500000000000000        0.0000000000000000     
   74.000000000000000        0.0000000000000000     
   74.500000000000000        0.0000000000000000     
   75.000000000000000        0.0000000000000000     
   75.500000000000000        0.0000000000000000     
   76.000000000000000        0.0000000000000000     
   76.500000000000000        0.0000000000000000     
   77.000000000000000        0.0000000000000000     
   77.500000000000000        0.0000000000000000     
   78.000000000000000        0.0000000000000000     
   78.500000000000000        0.0000000000000000     
   79.000000000000000        0.0000000000000000     
   79.500000000000000        0.0000000000000000     
   80.000000000000000        0.0000000000000000     
   80.500000000000000        0.0000000000000000     
   81.000000000000000        0.0000000000000000     
   81.500000000000000        0.0000000000000000     
   82.000000000000000        0.0000000000000000     
   82.500000000000000        0.0000000000000000     
   83.000000000000000        0.0000000000000000     
   83.500000000000000        0.0000000000000000     
   84.000000000000000        0.0000000000000000     
   84.500000000000000        0.0000000000000000     
   85.000000000000000        0.0000000000000000     
   85.500000000000000        0.0000000000000000     
   86.000000000000000        0.0000000000000000     
   86.500000000000000        0.0000000000000000     
   87.000000000000000        0.0000000000000000     
   87.500000000000000        0.0000000000000000     
   88.000000000000000        0.0000000000000000     
   88.500000000000000        0.0000000000000000     
   89.000000000000000        0.0000000000000000     
   89.500000000000000        0.0000000000000000     
