  -10.500000000000000        0.0000000000000000     
  -10.000000000000000       1.49028203639599253E-002
  -9.5000000000000000       3.01973193304020775E-002
  -9.0000000000000000       4.38143095390428131E-002
  -8.5000000000000000       5.70090018495178694E-002
  -8.0000000000000000       6.84572838672894840E-002
  -7.5000000000000000       7.83770696464321931E-002
  -7.0000000000000000       8.66536153466175990E-002
  -6.5000000000000000       9.23438302587385046E-002
  -6.0000000000000000       9.66206198077098066E-002
  -5.5000000000000000       9.88835284496687311E-002
  -5.0000000000000000       9.93584889668267246E-002
  -4.5000000000000000       9.87074156409217807E-002
  -4.0000000000000000       9.71660802494305198E-002
  -3.5000000000000000       9.45061884553147213E-002
  -3.0000000000000000       9.07200674911483596E-002
  -2.5000000000000000       8.59044101635857427E-002
  -2.0000000000000000       7.97817387678215473E-002
  -1.5000000000000000       7.35710891024159708E-002
  -1.0000000000000000       6.67371382546199793E-002
 -0.50000000000000000       5.86734523434684907E-002
   0.0000000000000000       5.14575119534525921E-002
  0.50000000000000000       4.39283290933669621E-002
   1.0000000000000000       3.55104532181477819E-002
   1.5000000000000000       2.88595305579626600E-002
   2.0000000000000000       2.26401212493253581E-002
   2.5000000000000000       1.58860911669652695E-002
   3.0000000000000000       1.07426646021978999E-002
   3.5000000000000000       6.78955161773180799E-003
   4.0000000000000000       3.63740138178050756E-003
   4.5000000000000000       2.11649122622339925E-003
   5.0000000000000000       9.29089293894612336E-004
   5.5000000000000000      -3.46640876523259249E-004
   6.0000000000000000       1.19244540710695089E-004
   6.5000000000000000       9.70270730343663550E-004
   7.0000000000000000       2.23383923516275954E-003
   7.5000000000000000       5.88921494973152458E-003
   8.0000000000000000       9.24596499878679173E-003
   8.5000000000000000       1.40433963145830294E-002
   9.0000000000000000       2.02612153708437576E-002
   9.5000000000000000       2.62371119548450993E-002
   10.000000000000000       3.36400787969091675E-002
   10.500000000000000       4.09677519245144686E-002
   11.000000000000000       4.85428971771684689E-002
   11.500000000000000       5.64344199680418407E-002
   12.000000000000000       6.40754671242471097E-002
   12.500000000000000       7.10521283940854648E-002
   13.000000000000000       7.77020993797290227E-002
   13.500000000000000       8.42618247556984196E-002
   14.000000000000000       8.88717355893045152E-002
   14.500000000000000       9.32638781149206231E-002
   15.000000000000000       9.65946408061705980E-002
   15.500000000000000       9.81571679935134417E-002
   16.000000000000000       9.93895217363710559E-002
   16.500000000000000       9.88996088563308118E-002
   17.000000000000000       9.70569963240229538E-002
   17.500000000000000       9.46444197456629277E-002
   18.000000000000000       9.06565505817813339E-002
   18.500000000000000       8.56605698851004849E-002
   19.000000000000000       8.01438505022538383E-002
   19.500000000000000       7.35461233489693167E-002
   20.000000000000000       6.63399323088879472E-002
   20.500000000000000       5.90857337583924197E-002
   21.000000000000000       5.14575119534525921E-002
   21.500000000000000       4.35160476784430955E-002
   22.000000000000000       3.59076591638798417E-002
   22.500000000000000       2.88844963114092655E-002
   23.000000000000000       2.22780095148931330E-002
   23.500000000000000       1.61299314454505030E-002
   24.000000000000000       1.08061815115647972E-002
   24.500000000000000       6.65132032738360857E-003
   25.000000000000000       3.74648530718810560E-003
   25.500000000000000       1.92429801081442104E-003
   26.000000000000000       8.98056524350193523E-004
   26.500000000000000       3.79719579632002539E-004
   27.000000000000000       1.45223542249865793E-004
   27.500000000000000       5.02228741615381400E-005
   28.000000000000000       1.57189924759068721E-005
   28.500000000000000       4.45984046646182194E-006
   29.000000000000000       1.14948635948407841E-006
   29.500000000000000       2.69770126041411752E-007
   30.000000000000000       5.77865640907061708E-008
   30.500000000000000       1.13243544009803677E-008
   31.000000000000000       2.03473556422305731E-009
   31.500000000000000       3.35886332528588411E-010
   32.000000000000000       5.10349806893705804E-011
   32.500000000000000       7.14912614076041725E-012
   33.000000000000000       9.24660376966223093E-013
   33.500000000000000       1.10562838245267298E-013
   34.000000000000000       1.22351120829575734E-014
   34.500000000000000       1.25422697839811777E-015
   35.000000000000000       1.19189232725625372E-016
   35.500000000000000       1.05061007084050738E-017
   36.000000000000000       8.59349382221731246E-019
   36.500000000000000       6.52426416293989527E-020
   37.000000000000000       4.59797593163352214E-021
   37.500000000000000       3.00776801163385266E-022
   38.000000000000000       1.82583408707441032E-023
   38.500000000000000       1.02811043091954201E-024
   39.000000000000000       5.36690194076846938E-026
   39.500000000000000       2.59521944518249029E-027
   40.000000000000000       1.16135019309343174E-028
   40.500000000000000       4.80359615462640442E-030
   41.000000000000000       1.83380480169750373E-031
   41.500000000000000       6.45020761364920693E-033
   42.000000000000000       2.08614846259269526E-034
   42.500000000000000       6.18916235686575153E-036
   43.000000000000000       1.67965889145467054E-037
   43.500000000000000       4.15616556936539178E-039
   44.000000000000000       9.34071717217143920E-041
   44.500000000000000       1.89809528562250028E-042
   45.000000000000000       3.46876080317546622E-044
   45.500000000000000       5.66445801253307714E-046
   46.000000000000000       8.20147713910400066E-048
   46.500000000000000       1.04286482210420100E-049
   47.000000000000000       1.15074775386828741E-051
   47.500000000000000       1.08520087655105247E-053
   48.000000000000000       8.57150105545662706E-056
   48.500000000000000       5.51534410285731235E-058
   49.000000000000000       2.77656992079026371E-060
   49.500000000000000       1.02567537702748218E-062
   50.000000000000000       2.47224689874921790E-065
   50.500000000000000       2.91727759602244232E-068
   51.000000000000000        0.0000000000000000     
   51.500000000000000        0.0000000000000000     
   52.000000000000000        0.0000000000000000     
   52.500000000000000        0.0000000000000000     
   53.000000000000000        0.0000000000000000     
   53.500000000000000        0.0000000000000000     
   54.000000000000000        0.0000000000000000     
   54.500000000000000        0.0000000000000000     
   55.000000000000000        0.0000000000000000     
   55.500000000000000        0.0000000000000000     
   56.000000000000000        0.0000000000000000     
   56.500000000000000        0.0000000000000000     
   57.000000000000000        0.0000000000000000     
   57.500000000000000        0.0000000000000000     
   58.000000000000000        0.0000000000000000     
   58.500000000000000        0.0000000000000000     
   59.000000000000000        0.0000000000000000     
   59.500000000000000        0.0000000000000000     
   60.000000000000000        0.0000000000000000     
   60.500000000000000        0.0000000000000000     
   61.000000000000000        0.0000000000000000     
   61.500000000000000        0.0000000000000000     
   62.000000000000000        0.0000000000000000     
   62.500000000000000        0.0000000000000000     
   63.000000000000000        0.0000000000000000     
   63.500000000000000        0.0000000000000000     
   64.000000000000000        0.0000000000000000     
   64.500000000000000        0.0000000000000000     
   65.000000000000000        0.0000000000000000     
   65.500000000000000        0.0000000000000000     
   66.000000000000000        0.0000000000000000     
   66.500000000000000        0.0000000000000000     
   67.000000000000000        0.0000000000000000     
   67.500000000000000        0.0000000000000000     
   68.000000000000000        0.0000000000000000     
   68.500000000000000        0.0000000000000000     
   69.000000000000000        0.0000000000000000     
   69.500000000000000        0.0000000000000000     
   70.000000000000000        0.0000000000000000     
   70.500000000000000        0.0000000000000000     
   71.000000000000000        0.0000000000000000     
   71.500000000000000        0.0000000000000000     
   72.000000000000000        0.0000000000000000     
   72.500000000000000        0.0000000000000000     
   73.000000000000000        0.0000000000000000     
   73.500000000000000        0.0000000000000000     
   74.000000000000000        0.0000000000000000     
   74.500000000000000        0.0000000000000000     
   75.000000000000000        0.0000000000000000     
   75.500000000000000        0.0000000000000000     
   76.000000000000000        0.0000000000000000     
   76.500000000000000        0.0000000000000000     
   77.000000000000000        0.0000000000000000     
   77.500000000000000        0.0000000000000000     
   78.000000000000000        0.0000000000000000     
   78.500000000000000        0.0000000000000000     
   79.000000000000000        0.0000000000000000     
   79.500000000000000        0.0000000000000000     
   80.000000000000000        0.0000000000000000     
   80.500000000000000        0.0000000000000000     
   81.000000000000000        0.0000000000000000     
   81.500000000000000        0.0000000000000000     
   82.000000000000000        0.0000000000000000     
   82.500000000000000        0.0000000000000000     
   83.000000000000000        0.0000000000000000     
   83.500000000000000        0.0000000000000000     
   84.000000000000000        0.0000000000000000     
   84.500000000000000        0.0000000000000000     
   85.000000000000000        0.0000000000000000     
   85.500000000000000        0.0000000000000000     
   86.000000000000000        0.0000000000000000     
   86.500000000000000        0.0000000000000000     
   87.000000000000000        0.0000000000000000     
   87.500000000000000        0.0000000000000000     
   88.000000000000000        0.0000000000000000     
   88.500000000000000        0.0000000000000000     
   89.000000000000000        0.0000000000000000     
   89.500000000000000        0.0000000000000000     
