  -10.500000000000000        0.0000000000000000     
  -10.000000000000000       1.07364487220146763E-002
  -9.5000000000000000       2.09607370784566302E-002
  -9.0000000000000000       3.07501232172184800E-002
  -8.5000000000000000       4.06001572720441906E-002
  -8.0000000000000000       4.84997400316622834E-002
  -7.5000000000000000       5.69980465036581327E-002
  -7.0000000000000000       6.46349933545720678E-002
  -6.5000000000000000       7.02856664501918943E-002
  -6.0000000000000000       7.83012127160258586E-002
  -5.5000000000000000       8.39318966809593642E-002
  -5.0000000000000000       8.88083948808695706E-002
  -4.5000000000000000       9.38614257920369066E-002
  -4.0000000000000000       9.59195495339016102E-002
  -3.5000000000000000       9.84782056236729597E-002
  -3.0000000000000000       9.94505539487088724E-002
  -2.5000000000000000       9.87257182251891630E-002
  -2.0000000000000000       9.72229360264342674E-002
  -1.5000000000000000       9.43833342440449086E-002
  -1.0000000000000000       9.09730207479086533E-002
 -0.50000000000000000       8.53943407307563435E-002
   0.0000000000000000       8.01109999634906922E-002
  0.50000000000000000       7.38009101892584396E-002
   1.0000000000000000       6.59246375200011475E-002
   1.5000000000000000       5.93348243810374529E-002
   2.0000000000000000       5.14069244948349643E-002
   2.5000000000000000       4.33919897679308220E-002
   3.0000000000000000       3.58807000313853194E-002
   3.5000000000000000       2.88492892523900327E-002
   4.0000000000000000       2.25438003507186617E-002
   4.5000000000000000       1.57215888767285802E-002
   5.0000000000000000       1.09346260251250663E-002
   5.5000000000000000       6.60974802669375520E-003
   6.0000000000000000       3.68329312224438109E-003
   6.5000000000000000       2.53515475566276540E-003
   7.0000000000000000       3.19427698924625752E-004
   7.5000000000000000       1.00631328153071345E-005
   8.0000000000000000       2.08334620827520348E-004
   8.5000000000000000       4.26308502776528444E-004
   9.0000000000000000       2.83918932100820243E-003
   9.5000000000000000       5.59079299249032324E-003
   10.000000000000000       9.11523262959923648E-003
   10.500000000000000       1.44785217710589938E-002
   11.000000000000000       1.98502134313680682E-002
   11.500000000000000       2.65458748064373480E-002
   12.000000000000000       3.35704060335351093E-002
   12.500000000000000       4.09688852994375616E-002
   13.000000000000000       4.85481109746958711E-002
   13.500000000000000       5.66030593026748616E-002
   14.000000000000000       6.40197125581171561E-002
   14.500000000000000       7.08535257804864260E-002
   15.000000000000000       7.82015045612546034E-002
   15.500000000000000       8.38794086126479904E-002
   16.000000000000000       8.89669605626154658E-002
   16.500000000000000       9.35140681946154961E-002
   17.000000000000000       9.62279276839092812E-002
   17.500000000000000       9.84255872846933888E-002
   18.000000000000000       9.94002148795361806E-002
   18.500000000000000       9.86719273027560212E-002
   19.000000000000000       9.72696583791861497E-002
   19.500000000000000       9.45940547458823527E-002
   20.000000000000000       9.05121755947712880E-002
   20.500000000000000       8.57841115047546510E-002
   21.000000000000000       8.01109999634906783E-002
   21.500000000000000       7.34111394152601737E-002
   22.000000000000000       6.63854826731384851E-002
   22.500000000000000       5.91241038791999185E-002
   23.000000000000000       5.13602021420832069E-002
   23.500000000000000       4.34457806903640123E-002
   24.000000000000000       3.59310391005579488E-002
   24.500000000000000       2.89019075913695377E-002
   25.000000000000000       2.22354222007110115E-002
   25.500000000000000       1.60689464741499942E-002
   26.000000000000000       1.07760603433797331E-002
   26.500000000000000       6.66223609501046497E-003
   27.000000000000000       3.78300127706158139E-003
   27.500000000000000       1.96729542573201082E-003
   28.000000000000000       9.34708498065144056E-004
   28.500000000000000       4.05050352247890476E-004
   29.000000000000000       1.59963795565530825E-004
   29.500000000000000       5.75811729920378730E-005
   30.000000000000000       1.89103329825303634E-005
   30.500000000000000       5.67469416295094002E-006
   31.000000000000000       1.55894848589655179E-006
   31.500000000000000       3.92887479673124358E-007
   32.000000000000000       9.10282400414002407E-008
   32.500000000000000       1.94296533657514814E-008
   33.000000000000000       3.82829097175282736E-009
   33.500000000000000       6.97608846786194332E-010
   34.000000000000000       1.17771645239937680E-010
   34.500000000000000       1.84493388157134278E-011
   35.000000000000000       2.68569133595175054E-012
   35.500000000000000       3.63769114879947324E-013
   36.000000000000000       4.58972082499121790E-014
   36.500000000000000       5.39974173009781258E-015
   37.000000000000000       5.92874875498919732E-016
   37.500000000000000       6.07963025685162028E-017
   38.000000000000000       5.82614944349563657E-018
   38.500000000000000       5.22023185508696328E-019
   39.000000000000000       4.37485233352286427E-020
   39.500000000000000       3.43015136677432508E-021
   40.000000000000000       2.51651666084226948E-022
   40.500000000000000       1.72755853610454353E-023
   41.000000000000000       1.10961127059563689E-024
   41.500000000000000       6.66684853463354985E-026
   42.000000000000000       3.74571457414077563E-027
   42.500000000000000       1.96702476264060139E-028
   43.000000000000000       9.64903230814930917E-030
   43.500000000000000       4.41805930257719844E-031
   44.000000000000000       1.88651789731925926E-032
   44.500000000000000       7.50423955374484400E-034
   45.000000000000000       2.77730518363838141E-035
   45.500000000000000       9.54944108909471300E-037
   46.000000000000000       3.04534905626491845E-038
   46.500000000000000       8.98993580357723896E-040
   47.000000000000000       2.45112014769852428E-041
   47.500000000000000       6.15661690339374190E-043
   48.000000000000000       1.42036051649268093E-044
   48.500000000000000       2.99944374868324699E-046
   49.000000000000000       5.77474453326350354E-048
   49.500000000000000       1.00889208467087233E-049
   50.000000000000000       1.59068285694538625E-051
   50.500000000000000       2.24854149964205000E-053
   51.000000000000000       2.82725009467855644E-055
   51.500000000000000       3.13165983671836753E-057
   52.000000000000000       3.01923683410428314E-059
   52.500000000000000       2.49486776067593042E-061
   53.000000000000000       1.73149274508926036E-063
   53.500000000000000       9.81583493078925700E-066
   54.000000000000000       4.36494714171596491E-068
   54.500000000000000       1.42785246967679027E-070
   55.000000000000000       3.05506017892701822E-073
   55.500000000000000       3.20758063827709499E-076
   56.000000000000000        0.0000000000000000     
   56.500000000000000        0.0000000000000000     
   57.000000000000000        0.0000000000000000     
   57.500000000000000        0.0000000000000000     
   58.000000000000000        0.0000000000000000     
   58.500000000000000        0.0000000000000000     
   59.000000000000000        0.0000000000000000     
   59.500000000000000        0.0000000000000000     
   60.000000000000000        0.0000000000000000     
   60.500000000000000        0.0000000000000000     
   61.000000000000000        0.0000000000000000     
   61.500000000000000        0.0000000000000000     
   62.000000000000000        0.0000000000000000     
   62.500000000000000        0.0000000000000000     
   63.000000000000000        0.0000000000000000     
   63.500000000000000        0.0000000000000000     
   64.000000000000000        0.0000000000000000     
   64.500000000000000        0.0000000000000000     
   65.000000000000000        0.0000000000000000     
   65.500000000000000        0.0000000000000000     
   66.000000000000000        0.0000000000000000     
   66.500000000000000        0.0000000000000000     
   67.000000000000000        0.0000000000000000     
   67.500000000000000        0.0000000000000000     
   68.000000000000000        0.0000000000000000     
   68.500000000000000        0.0000000000000000     
   69.000000000000000        0.0000000000000000     
   69.500000000000000        0.0000000000000000     
   70.000000000000000        0.0000000000000000     
   70.500000000000000        0.0000000000000000     
   71.000000000000000        0.0000000000000000     
   71.500000000000000        0.0000000000000000     
   72.000000000000000        0.0000000000000000     
   72.500000000000000        0.0000000000000000     
   73.000000000000000        0.0000000000000000     
   73.500000000000000        0.0000000000000000     
   74.000000000000000        0.0000000000000000     
   74.500000000000000        0.0000000000000000     
   75.000000000000000        0.0000000000000000     
   75.500000000000000        0.0000000000000000     
   76.000000000000000        0.0000000000000000     
   76.500000000000000        0.0000000000000000     
   77.000000000000000        0.0000000000000000     
   77.500000000000000        0.0000000000000000     
   78.000000000000000        0.0000000000000000     
   78.500000000000000        0.0000000000000000     
   79.000000000000000        0.0000000000000000     
   79.500000000000000        0.0000000000000000     
   80.000000000000000        0.0000000000000000     
   80.500000000000000        0.0000000000000000     
   81.000000000000000        0.0000000000000000     
   81.500000000000000        0.0000000000000000     
   82.000000000000000        0.0000000000000000     
   82.500000000000000        0.0000000000000000     
   83.000000000000000        0.0000000000000000     
   83.500000000000000        0.0000000000000000     
   84.000000000000000        0.0000000000000000     
   84.500000000000000        0.0000000000000000     
   85.000000000000000        0.0000000000000000     
   85.500000000000000        0.0000000000000000     
   86.000000000000000        0.0000000000000000     
   86.500000000000000        0.0000000000000000     
   87.000000000000000        0.0000000000000000     
   87.500000000000000        0.0000000000000000     
   88.000000000000000        0.0000000000000000     
   88.500000000000000        0.0000000000000000     
   89.000000000000000        0.0000000000000000     
   89.500000000000000        0.0000000000000000     
