  -10.750000000000000       2.13146171693754868E-003
  -10.250000000000000       2.13146171693754868E-003
  -9.7500000000000000       4.56351215000040146E-003
  -9.2500000000000000       7.47892686366982955E-003
  -8.7500000000000000       1.23932818898175069E-002
  -8.2500000000000000       1.86972463727088332E-002
  -7.7500000000000000       2.43499526813679770E-002
  -7.2500000000000000       3.13013716368419348E-002
  -6.7500000000000000       3.89276007053023856E-002
  -6.2500000000000000       4.58686807021229936E-002
  -5.7500000000000000       5.45037160298163376E-002
  -5.2500000000000000       6.19409129506358971E-002
  -4.7500000000000000       6.84156247877241719E-002
  -4.2500000000000000       7.63598779555855478E-002
  -3.7500000000000000       8.22472429921711490E-002
  -3.2500000000000000       8.74444531369198419E-002
  -2.7500000000000000       9.22716761855529310E-002
  -2.2500000000000000       9.55592578630389267E-002
  -1.7500000000000000       9.79414005566520418E-002
  -1.2500000000000000       9.90424774221905224E-002
 -0.75000000000000000       9.92570819091978668E-002
 -0.25000000000000000       9.76929882939740063E-002
  0.25000000000000000       9.54206593198181352E-002
  0.75000000000000000       9.21092353557788346E-002
   1.2500000000000000       8.70558618006067042E-002
   1.7500000000000000       8.19781780198977628E-002
   2.2500000000000000       7.55874591431566906E-002
   2.7500000000000000       6.84427175810806143E-002
   3.2500000000000000       6.12954568153823293E-002
   3.7500000000000000       5.37853364295002578E-002
   4.2500000000000000       4.59580459987715684E-002
   4.7500000000000000       3.78351655687090560E-002
   5.2500000000000000       3.10871004037399541E-002
   5.7500000000000000       2.43895521603606918E-002
   6.2500000000000000       1.75942805020786186E-002
   6.7500000000000000       1.23987503939721275E-002
   7.2500000000000000       7.67604889240360716E-003
   7.7500000000000000       4.38008986655001251E-003
   8.2500000000000000       3.00171858612728343E-003
   8.7500000000000000       7.54508296171586910E-004
   9.2500000000000000       6.55425010186603196E-005
   9.7500000000000000       1.96430522098404130E-004
   10.250000000000000       5.09573880306101595E-005
   10.750000000000000       2.18399636983433515E-003
   11.250000000000000       4.58602697183732588E-003
   11.750000000000000       7.93777323509828325E-003
   12.250000000000000       1.28150162395617648E-002
   12.750000000000000       1.81080957740862164E-002
   13.250000000000000       2.44919854352636003E-002
   13.750000000000000       3.13903546623731378E-002
   14.250000000000000       3.87817969675845753E-002
   14.750000000000000       4.61224060815462328E-002
   15.250000000000000       5.43111587985128791E-002
   15.750000000000000       6.18269502520049224E-002
   16.250000000000000       6.87166587995356043E-002
   16.750000000000000       7.61996909473764417E-002
   17.250000000000000       8.21910916919940948E-002
   17.750000000000000       8.75089009496511361E-002
   18.250000000000000       9.23465521783985721E-002
   18.750000000000000       9.54449064090910626E-002
   19.250000000000000       9.79005782826980614E-002
   19.750000000000000       9.92893334051857396E-002
   20.250000000000000       9.89573787456414500E-002
   20.750000000000000       9.78262522574712967E-002
   21.250000000000000       9.55539232833155089E-002
   21.750000000000000       9.18095321922224039E-002
   22.250000000000000       8.73027177836018520E-002
   22.750000000000000       8.19373557459436574E-002
   23.250000000000000       7.54731076892088126E-002
   23.750000000000000       6.85175935739261999E-002
   24.250000000000000       6.13599046281130683E-002
   24.750000000000000       5.37291851293181660E-002
   25.250000000000000       4.57978589905154859E-002
   25.750000000000000       3.81361995801193371E-002
   26.250000000000000       3.09731377019554846E-002
   26.750000000000000       2.41969949062377093E-002
   27.250000000000000       1.78480057295630490E-002
   27.750000000000000       1.22529457260766965E-002
   28.250000000000000       7.76502668677702367E-003
   28.750000000000000       4.52209562539005426E-003
   29.250000000000000       2.41244032199077352E-003
   29.750000000000000       1.17569011553733606E-003
   30.250000000000000       5.22203705544283534E-004
   30.750000000000000       2.11060269313888033E-004
   31.250000000000000       7.75677316291798586E-005
   31.750000000000000       2.59243092982261347E-005
   32.250000000000000       7.88507462139985742E-006
   32.750000000000000       2.18516690280058871E-006
   33.250000000000000       5.52530378584126500E-007
   33.750000000000000       1.27665513803747241E-007
   34.250000000000000       2.69950556951465383E-008
   34.750000000000000       5.23115777169549542E-009
   35.250000000000000       9.30177632968376482E-010
   35.750000000000000       1.51938788037245738E-010
   36.250000000000000       2.28195435260672528E-011
   36.750000000000000       3.15353220168736752E-012
   37.250000000000000       4.01206999639587147E-013
   37.750000000000000       4.70066635753424558E-014
   38.250000000000000       5.07243241306305206E-015
   38.750000000000000       5.04068770363629526E-016
   39.250000000000000       4.61138671209404518E-017
   39.750000000000000       3.88140428921540713E-018
   40.250000000000000       3.00329783010332618E-019
   40.750000000000000       2.13391635297703761E-020
   41.250000000000000       1.39031364119142537E-021
   41.750000000000000       8.29176554205674878E-023
   42.250000000000000       4.51710222508867332E-024
   42.750000000000000       2.24205143289679755E-025
   43.250000000000000       1.01084007165985335E-026
   43.750000000000000       4.12472259717976742E-028
   44.250000000000000       1.51670654143055306E-029
   44.750000000000000       4.99976065332579081E-031
   45.250000000000000       1.46831550517835603E-032
   45.750000000000000       3.81242714702774986E-034
   46.250000000000000       8.66983824364097545E-036
   46.750000000000000       1.70655442207979757E-037
   47.250000000000000       2.86381695212354504E-039
   47.750000000000000       4.01583773268570445E-041
   48.250000000000000       4.57733537378713561E-043
   48.750000000000000       4.07334215138714520E-045
   49.250000000000000       2.65446797728328141E-047
   49.750000000000000       1.12654113081883074E-049
   50.250000000000000       2.33625286358115210E-052
   50.750000000000000        0.0000000000000000     
   51.250000000000000        0.0000000000000000     
   51.750000000000000        0.0000000000000000     
   52.250000000000000        0.0000000000000000     
   52.750000000000000        0.0000000000000000     
   53.250000000000000        0.0000000000000000     
   53.750000000000000        0.0000000000000000     
   54.250000000000000        0.0000000000000000     
   54.750000000000000        0.0000000000000000     
   55.250000000000000        0.0000000000000000     
   55.750000000000000        0.0000000000000000     
   56.250000000000000        0.0000000000000000     
   56.750000000000000        0.0000000000000000     
   57.250000000000000        0.0000000000000000     
   57.750000000000000        0.0000000000000000     
   58.250000000000000        0.0000000000000000     
   58.750000000000000        0.0000000000000000     
   59.250000000000000        0.0000000000000000     
   59.750000000000000        0.0000000000000000     
   60.250000000000000        0.0000000000000000     
   60.750000000000000        0.0000000000000000     
   61.250000000000000        0.0000000000000000     
   61.750000000000000        0.0000000000000000     
   62.250000000000000        0.0000000000000000     
   62.750000000000000        0.0000000000000000     
   63.250000000000000        0.0000000000000000     
   63.750000000000000        0.0000000000000000     
   64.250000000000000        0.0000000000000000     
   64.750000000000000        0.0000000000000000     
   65.250000000000000        0.0000000000000000     
   65.750000000000000        0.0000000000000000     
   66.250000000000000        0.0000000000000000     
   66.750000000000000        0.0000000000000000     
   67.250000000000000        0.0000000000000000     
   67.750000000000000        0.0000000000000000     
   68.250000000000000        0.0000000000000000     
   68.750000000000000        0.0000000000000000     
   69.250000000000000        0.0000000000000000     
   69.750000000000000        0.0000000000000000     
   70.250000000000000        0.0000000000000000     
   70.750000000000000        0.0000000000000000     
   71.250000000000000        0.0000000000000000     
   71.750000000000000        0.0000000000000000     
   72.250000000000000        0.0000000000000000     
   72.750000000000000        0.0000000000000000     
   73.250000000000000        0.0000000000000000     
   73.750000000000000        0.0000000000000000     
   74.250000000000000        0.0000000000000000     
   74.750000000000000        0.0000000000000000     
   75.250000000000000        0.0000000000000000     
   75.750000000000000        0.0000000000000000     
   76.250000000000000        0.0000000000000000     
   76.750000000000000        0.0000000000000000     
   77.250000000000000        0.0000000000000000     
   77.750000000000000        0.0000000000000000     
   78.250000000000000        0.0000000000000000     
   78.750000000000000        0.0000000000000000     
   79.250000000000000        0.0000000000000000     
   79.750000000000000        0.0000000000000000     
   80.250000000000000        0.0000000000000000     
   80.750000000000000        0.0000000000000000     
   81.250000000000000        0.0000000000000000     
   81.750000000000000        0.0000000000000000     
   82.250000000000000        0.0000000000000000     
   82.750000000000000        0.0000000000000000     
   83.250000000000000        0.0000000000000000     
   83.750000000000000        0.0000000000000000     
   84.250000000000000        0.0000000000000000     
   84.750000000000000        0.0000000000000000     
   85.250000000000000        0.0000000000000000     
   85.750000000000000        0.0000000000000000     
   86.250000000000000        0.0000000000000000     
   86.750000000000000        0.0000000000000000     
   87.250000000000000        0.0000000000000000     
   87.750000000000000        0.0000000000000000     
   88.250000000000000        0.0000000000000000     
   88.750000000000000        0.0000000000000000     
   89.250000000000000        0.0000000000000000     
   89.750000000000000        0.0000000000000000     
