  -10.500000000000000        0.0000000000000000     
  -10.000000000000000       9.63095711122539250E-003
  -9.5000000000000000       1.87118482994670966E-002
  -9.0000000000000000       2.74587708273602085E-002
  -8.5000000000000000       3.58860132146160277E-002
  -8.0000000000000000       4.27656887653492662E-002
  -7.5000000000000000       4.92860359078099025E-002
  -7.0000000000000000       5.42801343408104847E-002
  -6.5000000000000000       5.75305181775458835E-002
  -6.0000000000000000       6.01727961979732287E-002
  -5.5000000000000000       6.09117181224277590E-002
  -5.0000000000000000       5.97741950194100868E-002
  -4.5000000000000000       5.78608045905296617E-002
  -4.0000000000000000       5.42873188738647594E-002
  -3.5000000000000000       4.89721616460805503E-002
  -3.0000000000000000       4.35057562320937397E-002
  -2.5000000000000000       3.67778261758695962E-002
  -2.0000000000000000       2.90540696630468658E-002
  -1.5000000000000000       2.26389766254248420E-002
  -1.0000000000000000       1.66993224344335958E-002
 -0.50000000000000000       1.09941255434388204E-002
   0.0000000000000000       6.81754050123397834E-003
  0.50000000000000000       3.93739885554243978E-003
   1.0000000000000000       1.76938822422669233E-003
   1.5000000000000000       8.28899489516151050E-004
   2.0000000000000000       3.89658735166196666E-004
   2.5000000000000000      -3.08973636901747363E-004
   3.0000000000000000       7.27752646391174440E-004
   3.5000000000000000       2.85940313195073587E-003
   4.0000000000000000       5.01812639677289528E-003
   4.5000000000000000       9.15478950356952287E-003
   5.0000000000000000       1.41857567148976280E-002
   5.5000000000000000       1.92909783196114210E-002
   6.0000000000000000       2.61436525652158740E-002
   6.5000000000000000       3.33080074871194842E-002
   7.0000000000000000       4.02343799686806364E-002
   7.5000000000000000       4.83826279474520032E-002
   8.0000000000000000       5.58969310831370636E-002
   8.5000000000000000       6.33903865465740013E-002
   9.0000000000000000       7.10262445366486583E-002
   9.5000000000000000       7.72743192158390629E-002
   10.000000000000000       8.35629730452736447E-002
   10.500000000000000       8.89022863313964629E-002
   11.000000000000000       9.31939301564990719E-002
   11.500000000000000       9.59861675153060034E-002
   12.000000000000000       9.84850153640081105E-002
   12.500000000000000       9.92763997611776638E-002
   13.000000000000000       9.86626198483161188E-002
   13.500000000000000       9.76686638532051205E-002
   14.000000000000000       9.45145142876555600E-002
   14.500000000000000       9.08385254605993120E-002
   15.000000000000000       8.63164470833261699E-002
   15.500000000000000       8.02026842621611502E-002
   16.000000000000000       7.39598740073469374E-002
   16.500000000000000       6.70151580609801290E-002
   17.000000000000000       5.93032985617414563E-002
   17.500000000000000       5.18223061252967507E-002
   18.000000000000000       4.41985824061539509E-002
   18.500000000000000       3.63537005956067749E-002
   19.000000000000000       2.91115787539421474E-002
   19.500000000000000       2.26264772959610221E-002
   20.000000000000000       1.65831067282973046E-002
   20.500000000000000       1.11559113474722620E-002
   21.000000000000000       6.81754050123396793E-003
   21.500000000000000       3.77561305150903199E-003
   22.000000000000000       1.88560393036296941E-003
   22.500000000000000       8.41398818979943253E-004
   23.000000000000000       3.32149644270889684E-004
   23.500000000000000       1.15151943361078838E-004
   24.000000000000000       3.49264723309984887E-005
   24.500000000000000       9.25865273449671265E-006
   25.000000000000000       2.14670889620954558E-006
   25.500000000000000       4.36033119048645743E-007
   26.000000000000000       7.77269607912394220E-008
   26.500000000000000       1.21798779745159828E-008
   27.000000000000000       1.67986294024058496E-009
   27.500000000000000       2.04066119303425088E-010
   28.000000000000000       2.18355778082735595E-011
   28.500000000000000       2.05672026055823905E-012
   29.000000000000000       1.70284723449878435E-013
   29.500000000000000       1.23636720780132069E-014
   30.000000000000000       7.84548619760111491E-016
   30.500000000000000       4.33097558266364303E-017
   31.000000000000000       2.06719491434442115E-018
   31.500000000000000       8.46275021461961447E-020
   32.000000000000000       2.94026447461616451E-021
   32.500000000000000       8.54898221707700908E-023
   33.000000000000000       2.04096969968132143E-024
   33.500000000000000       3.89553631501342976E-026
   34.000000000000000       5.71457771716879525E-028
   34.500000000000000       6.04820273493900351E-030
   35.000000000000000       4.11030567026522507E-032
   35.500000000000000       1.34675808331101835E-034
   36.000000000000000        0.0000000000000000     
   36.500000000000000        0.0000000000000000     
   37.000000000000000        0.0000000000000000     
   37.500000000000000        0.0000000000000000     
   38.000000000000000        0.0000000000000000     
   38.500000000000000        0.0000000000000000     
   39.000000000000000        0.0000000000000000     
   39.500000000000000        0.0000000000000000     
   40.000000000000000        0.0000000000000000     
   40.500000000000000        0.0000000000000000     
   41.000000000000000        0.0000000000000000     
   41.500000000000000        0.0000000000000000     
   42.000000000000000        0.0000000000000000     
   42.500000000000000        0.0000000000000000     
   43.000000000000000        0.0000000000000000     
   43.500000000000000        0.0000000000000000     
   44.000000000000000        0.0000000000000000     
   44.500000000000000        0.0000000000000000     
   45.000000000000000        0.0000000000000000     
   45.500000000000000        0.0000000000000000     
   46.000000000000000        0.0000000000000000     
   46.500000000000000        0.0000000000000000     
   47.000000000000000        0.0000000000000000     
   47.500000000000000        0.0000000000000000     
   48.000000000000000        0.0000000000000000     
   48.500000000000000        0.0000000000000000     
   49.000000000000000        0.0000000000000000     
   49.500000000000000        0.0000000000000000     
   50.000000000000000        0.0000000000000000     
   50.500000000000000        0.0000000000000000     
   51.000000000000000        0.0000000000000000     
   51.500000000000000        0.0000000000000000     
   52.000000000000000        0.0000000000000000     
   52.500000000000000        0.0000000000000000     
   53.000000000000000        0.0000000000000000     
   53.500000000000000        0.0000000000000000     
   54.000000000000000        0.0000000000000000     
   54.500000000000000        0.0000000000000000     
   55.000000000000000        0.0000000000000000     
   55.500000000000000        0.0000000000000000     
   56.000000000000000        0.0000000000000000     
   56.500000000000000        0.0000000000000000     
   57.000000000000000        0.0000000000000000     
   57.500000000000000        0.0000000000000000     
   58.000000000000000        0.0000000000000000     
   58.500000000000000        0.0000000000000000     
   59.000000000000000        0.0000000000000000     
   59.500000000000000        0.0000000000000000     
   60.000000000000000        0.0000000000000000     
   60.500000000000000        0.0000000000000000     
   61.000000000000000        0.0000000000000000     
   61.500000000000000        0.0000000000000000     
   62.000000000000000        0.0000000000000000     
   62.500000000000000        0.0000000000000000     
   63.000000000000000        0.0000000000000000     
   63.500000000000000        0.0000000000000000     
   64.000000000000000        0.0000000000000000     
   64.500000000000000        0.0000000000000000     
   65.000000000000000        0.0000000000000000     
   65.500000000000000        0.0000000000000000     
   66.000000000000000        0.0000000000000000     
   66.500000000000000        0.0000000000000000     
   67.000000000000000        0.0000000000000000     
   67.500000000000000        0.0000000000000000     
   68.000000000000000        0.0000000000000000     
   68.500000000000000        0.0000000000000000     
   69.000000000000000        0.0000000000000000     
   69.500000000000000        0.0000000000000000     
   70.000000000000000        0.0000000000000000     
   70.500000000000000        0.0000000000000000     
   71.000000000000000        0.0000000000000000     
   71.500000000000000        0.0000000000000000     
   72.000000000000000        0.0000000000000000     
   72.500000000000000        0.0000000000000000     
   73.000000000000000        0.0000000000000000     
   73.500000000000000        0.0000000000000000     
   74.000000000000000        0.0000000000000000     
   74.500000000000000        0.0000000000000000     
   75.000000000000000        0.0000000000000000     
   75.500000000000000        0.0000000000000000     
   76.000000000000000        0.0000000000000000     
   76.500000000000000        0.0000000000000000     
   77.000000000000000        0.0000000000000000     
   77.500000000000000        0.0000000000000000     
   78.000000000000000        0.0000000000000000     
   78.500000000000000        0.0000000000000000     
   79.000000000000000        0.0000000000000000     
   79.500000000000000        0.0000000000000000     
   80.000000000000000        0.0000000000000000     
   80.500000000000000        0.0000000000000000     
   81.000000000000000        0.0000000000000000     
   81.500000000000000        0.0000000000000000     
   82.000000000000000        0.0000000000000000     
   82.500000000000000        0.0000000000000000     
   83.000000000000000        0.0000000000000000     
   83.500000000000000        0.0000000000000000     
   84.000000000000000        0.0000000000000000     
   84.500000000000000        0.0000000000000000     
   85.000000000000000        0.0000000000000000     
   85.500000000000000        0.0000000000000000     
   86.000000000000000        0.0000000000000000     
   86.500000000000000        0.0000000000000000     
   87.000000000000000        0.0000000000000000     
   87.500000000000000        0.0000000000000000     
   88.000000000000000        0.0000000000000000     
   88.500000000000000        0.0000000000000000     
   89.000000000000000        0.0000000000000000     
   89.500000000000000        0.0000000000000000     
