  -10.500000000000000        0.0000000000000000     
  -10.000000000000000      -9.56043653705561857E-005
  -9.5000000000000000       2.31964858702948839E-004
  -9.0000000000000000      -1.75853985196467659E-004
  -8.5000000000000000      -2.24280207113452488E-004
  -8.0000000000000000       5.13594164653911629E-004
  -7.5000000000000000      -1.48197447558066214E-004
  -7.0000000000000000      -4.33791041427282064E-004
  -6.5000000000000000       3.98687333488322352E-004
  -6.0000000000000000      -8.09374632591144472E-005
  -5.5000000000000000       9.29158487760898589E-005
  -5.0000000000000000       2.81807529931398263E-004
  -4.5000000000000000      -5.75241910872212499E-004
  -4.0000000000000000      -6.35058032352746001E-004
  -3.5000000000000000      -1.62639054473336824E-004
  -3.0000000000000000       4.38849672030332261E-004
  -2.5000000000000000       2.50166858371435753E-003
  -2.0000000000000000       5.53351516628760275E-003
  -1.5000000000000000       8.86801462779712724E-003
  -1.0000000000000000       1.41491309108000320E-002
 -0.50000000000000000       1.99937923583102389E-002
   0.0000000000000000       2.59216856109896893E-002
  0.50000000000000000       3.33316082152813262E-002
   1.0000000000000000       4.07826413962732587E-002
   1.5000000000000000       4.83021321155066227E-002
   2.0000000000000000       5.62059189180649996E-002
   2.5000000000000000       6.35700710608055469E-002
   3.0000000000000000       7.09377913220215900E-002
   3.5000000000000000       7.77160826711207064E-002
   4.0000000000000000       8.36795193490193767E-002
   4.5000000000000000       8.89900271218842243E-002
   5.0000000000000000       9.29722434296479244E-002
   5.5000000000000000       9.64752657754219811E-002
   6.0000000000000000       9.83442498484836114E-002
   6.5000000000000000       9.91007682389477007E-002
   7.0000000000000000       9.90266502579724428E-002
   7.5000000000000000       9.72884017644840976E-002
   8.0000000000000000       9.45734256751784713E-002
   8.5000000000000000       9.07207482671560927E-002
   9.0000000000000000       8.63114173671892942E-002
   9.5000000000000000       7.99281765883226442E-002
   10.000000000000000       7.35919583496279783E-002
   10.500000000000000       6.72427701539720785E-002
   11.000000000000000       5.90606052087851024E-002
   11.500000000000000       5.15330773859100089E-002
   12.000000000000000       4.39445899170434473E-002
   12.500000000000000       3.59469506959267313E-002
   13.000000000000000       2.97038804354158824E-002
   13.500000000000000       2.22890918621222837E-002
   14.000000000000000       1.58347785881180481E-002
   14.500000000000000       1.11750020068464399E-002
   15.000000000000000       6.87411422221382261E-003
   15.500000000000000       4.22039046318628715E-003
   16.000000000000000       2.21648393181726180E-003
   16.500000000000000       7.24689731881027069E-004
   17.000000000000000      -2.00910992963793491E-004
   17.500000000000000      -2.74239639562202367E-005
   18.000000000000000       6.77432329539721196E-004
   18.500000000000000       2.41319937227333497E-003
   19.000000000000000       5.57029918939827041E-003
   19.500000000000000       8.93677856207352600E-003
   20.000000000000000       1.40471005260575724E-002
   20.500000000000000       2.00677803746145585E-002
   21.000000000000000       2.59217586512710436E-002
   21.500000000000000       3.32579214036095028E-002
   22.000000000000000       4.08857032692540034E-002
   22.500000000000000       4.82368373824289126E-002
   23.000000000000000       5.61800293098225073E-002
   23.500000000000000       6.36903438337312333E-002
   24.000000000000000       7.07853978781304155E-002
   24.500000000000000       7.77974790059766802E-002
   25.000000000000000       8.37497998070175498E-002
   25.500000000000000       8.87779216502636026E-002
   26.000000000000000       9.32095833235549454E-002
   26.500000000000000       9.63637039717696736E-002
   27.000000000000000       9.82697170103670192E-002
   27.500000000000000       9.92640430498925863E-002
   28.000000000000000       9.89429409931687209E-002
   28.500000000000000       9.72430044463487714E-002
   29.000000000000000       9.45937097803437876E-002
   29.500000000000000       9.09110795530395088E-002
   30.000000000000000       8.59681310614991701E-002
   30.500000000000000       8.01166080712444606E-002
   31.000000000000000       7.37665041790155351E-002
   31.500000000000000       6.68635331374244080E-002
   32.000000000000000       5.93307554035432741E-002
   32.500000000000000       5.14895440101289237E-002
   33.000000000000000       4.37771575965498483E-002
   33.500000000000000       3.63615621889235782E-002
   34.000000000000000       2.92105703759271626E-002
   34.500000000000000       2.23918919915450237E-002
   35.000000000000000       1.61848603647415587E-002
   35.500000000000000       1.09395894843029966E-002
   36.000000000000000       6.88051884735630965E-003
   36.500000000000000       4.01591281075762072E-003
   37.000000000000000       2.17201629579024703E-003
   37.500000000000000       1.08782617111365760E-003
   38.000000000000000       5.04427497255242516E-004
   38.500000000000000       2.16611424513009208E-004
   39.000000000000000       8.61892083457439616E-005
   39.500000000000000       3.18035311218187330E-005
   40.000000000000000       1.08942507563962188E-005
   40.500000000000000       3.46836930875273251E-006
   41.000000000000000       1.02753698576922294E-006
   41.500000000000000       2.83636677493822942E-007
   42.000000000000000       7.30402813469236098E-008
   42.500000000000000       1.75679549468150273E-008
   43.000000000000000       3.95125264204375293E-009
   43.500000000000000       8.31889932068807257E-010
   44.000000000000000       1.64111820767759324E-010
   44.500000000000000       3.03628684284067011E-011
   45.000000000000000       5.27254264804333575E-012
   45.500000000000000       8.59955932974920556E-013
   46.000000000000000       1.31817936685502891E-013
   46.500000000000000       1.89993050077831857E-014
   47.000000000000000       2.57601318654257218E-015
   47.500000000000000       3.28660712825984759E-016
   48.000000000000000       3.94674589558285692E-017
   48.500000000000000       4.46153923913232804E-018
   49.000000000000000       4.74795956058351297E-019
   49.500000000000000       4.75650838247866625E-020
   50.000000000000000       4.48507453168349634E-021
   50.500000000000000       3.97970002551380559E-022
   51.000000000000000       3.32189565854636886E-023
   51.500000000000000       2.60727644356072352E-024
   52.000000000000000       1.92316517077234797E-025
   52.500000000000000       1.33225436003898215E-026
   53.000000000000000       8.66079328096747409E-028
   53.500000000000000       5.27872609795741323E-029
   54.000000000000000       3.01328034077572113E-030
   54.500000000000000       1.60900692652287148E-031
   55.000000000000000       8.02558964553497723E-033
   55.500000000000000       3.73339731486979413E-034
   56.000000000000000       1.61678189280594442E-035
   56.500000000000000       6.50461384890261487E-037
   57.000000000000000       2.42545106730234383E-038
   57.500000000000000       8.35983835365304170E-040
   58.000000000000000       2.65522755341053171E-041
   58.500000000000000       7.74404255937651259E-043
   59.000000000000000       2.06547036446793120E-044
   59.500000000000000       5.01402120503167001E-046
   60.000000000000000       1.10163795752914784E-047
   60.500000000000000       2.17616970406468496E-049
   61.000000000000000       3.83425549191759521E-051
   61.500000000000000       5.96721809697210090E-053
   62.000000000000000       8.10399289732036853E-055
   62.500000000000000       9.45687734900200330E-057
   63.000000000000000       9.29146209713003965E-059
   63.500000000000000       7.47464763173057826E-061
   64.000000000000000       4.72773049409169955E-063
   64.500000000000000       2.20471111955090173E-065
   65.000000000000000       6.73972772059677225E-068
   65.500000000000000       1.01318817206806637E-070
   66.000000000000000        0.0000000000000000     
   66.500000000000000        0.0000000000000000     
   67.000000000000000        0.0000000000000000     
   67.500000000000000        0.0000000000000000     
   68.000000000000000        0.0000000000000000     
   68.500000000000000        0.0000000000000000     
   69.000000000000000        0.0000000000000000     
   69.500000000000000        0.0000000000000000     
   70.000000000000000        0.0000000000000000     
   70.500000000000000        0.0000000000000000     
   71.000000000000000        0.0000000000000000     
   71.500000000000000        0.0000000000000000     
   72.000000000000000        0.0000000000000000     
   72.500000000000000        0.0000000000000000     
   73.000000000000000        0.0000000000000000     
   73.500000000000000        0.0000000000000000     
   74.000000000000000        0.0000000000000000     
   74.500000000000000        0.0000000000000000     
   75.000000000000000        0.0000000000000000     
   75.500000000000000        0.0000000000000000     
   76.000000000000000        0.0000000000000000     
   76.500000000000000        0.0000000000000000     
   77.000000000000000        0.0000000000000000     
   77.500000000000000        0.0000000000000000     
   78.000000000000000        0.0000000000000000     
   78.500000000000000        0.0000000000000000     
   79.000000000000000        0.0000000000000000     
   79.500000000000000        0.0000000000000000     
   80.000000000000000        0.0000000000000000     
   80.500000000000000        0.0000000000000000     
   81.000000000000000        0.0000000000000000     
   81.500000000000000        0.0000000000000000     
   82.000000000000000        0.0000000000000000     
   82.500000000000000        0.0000000000000000     
   83.000000000000000        0.0000000000000000     
   83.500000000000000        0.0000000000000000     
   84.000000000000000        0.0000000000000000     
   84.500000000000000        0.0000000000000000     
   85.000000000000000        0.0000000000000000     
   85.500000000000000        0.0000000000000000     
   86.000000000000000        0.0000000000000000     
   86.500000000000000        0.0000000000000000     
   87.000000000000000        0.0000000000000000     
   87.500000000000000        0.0000000000000000     
   88.000000000000000        0.0000000000000000     
   88.500000000000000        0.0000000000000000     
   89.000000000000000        0.0000000000000000     
   89.500000000000000        0.0000000000000000     
