  -10.500000000000000        0.0000000000000000     
  -10.000000000000000      -2.57055966585453453E-004
  -9.5000000000000000       1.35686851157016465E-004
  -9.0000000000000000       2.97805924340181001E-004
  -8.5000000000000000      -5.81700887512631628E-004
  -8.0000000000000000       3.73803000127286011E-004
  -7.5000000000000000       1.56561167493454376E-004
  -7.0000000000000000      -5.50082883127089492E-004
  -6.5000000000000000       5.82486768902913351E-004
  -6.0000000000000000      -3.56588133072672749E-004
  -5.5000000000000000      -2.70345375698199291E-005
  -5.0000000000000000       4.76493039213145026E-004
  -4.5000000000000000      -6.43525553937087649E-004
  -4.0000000000000000       2.90708903918557825E-004
  -3.5000000000000000       1.26742800983937028E-004
  -3.0000000000000000      -1.07226562605681775E-004
  -2.5000000000000000       1.99414474309703708E-005
  -2.0000000000000000      -1.92510974376919222E-004
  -1.5000000000000000       9.49236196131875257E-005
  -1.0000000000000000       7.81752728259618983E-005
 -0.50000000000000000       4.19493180746318144E-004
   0.0000000000000000      -3.00107770431042020E-004
  0.50000000000000000      -4.09310190041485230E-004
   1.0000000000000000      -5.28495583672114575E-004
   1.5000000000000000      -8.27356614724018445E-004
   2.0000000000000000       1.04454778027260808E-003
   2.5000000000000000       2.27078885269524442E-003
   3.0000000000000000       5.13056779362601554E-003
   3.5000000000000000       9.51078287358823882E-003
   4.0000000000000000       1.39129801715724647E-002
   4.5000000000000000       1.99160840254752614E-002
   5.0000000000000000       2.61468010046185251E-002
   5.5000000000000000       3.33461127144629027E-002
   6.0000000000000000       4.08262922827756849E-002
   6.5000000000000000       4.83849669197265395E-002
   7.0000000000000000       5.62271862655531474E-002
   7.5000000000000000       6.36247124776878337E-002
   8.0000000000000000       7.10114052977631888E-002
   8.5000000000000000       7.78498653049362888E-002
   9.0000000000000000       8.35978958637575986E-002
   9.5000000000000000       8.90059702571448785E-002
   10.000000000000000       9.31650099871585424E-002
   10.500000000000000       9.64062606472943506E-002
   11.000000000000000       9.81825724098795982E-002
   11.500000000000000       9.94022603138426941E-002
   12.000000000000000       9.89884937890341543E-002
   12.500000000000000       9.68624501599515964E-002
   13.000000000000000       9.49730348529270463E-002
   13.500000000000000       9.09048660252644025E-002
   14.000000000000000       8.54415125434974110E-002
   14.500000000000000       8.05296219050280898E-002
   15.000000000000000       7.35272033338385672E-002
   15.500000000000000       6.68547646758860387E-002
   16.000000000000000       5.94319778030212645E-002
   16.500000000000000       5.10108782483060033E-002
   17.000000000000000       4.39086319015688856E-002
   17.500000000000000       3.65390610662690990E-002
   18.000000000000000       2.90996854031835596E-002
   18.500000000000000       2.21464764879371820E-002
   19.000000000000000       1.60735172804655664E-002
   19.500000000000000       1.08406512820466427E-002
   20.000000000000000       7.11345028259644657E-003
   20.500000000000000       4.44894923901698221E-003
   21.000000000000000       1.95704241662120366E-003
   21.500000000000000       8.13730860694959778E-004
   22.000000000000000      -9.11736288334797024E-005
   22.500000000000000      -4.15500710251677204E-004
   23.000000000000000       9.71419546317991555E-004
   23.500000000000000       2.45962505109411766E-003
   24.000000000000000       5.07717921918138856E-003
   24.500000000000000       9.46590712851142629E-003
   25.000000000000000       1.40851700646675935E-002
   25.500000000000000       1.96747545429511797E-002
   26.000000000000000       2.63673180334836263E-002
   26.500000000000000       3.32446812018376975E-002
   27.000000000000000       4.07629408231691553E-002
   27.500000000000000       4.85677747013181921E-002
   28.000000000000000       5.60472809242899550E-002
   28.500000000000000       6.36790589054814227E-002
   29.000000000000000       7.11121366525392096E-002
   29.500000000000000       7.76869661374454540E-002
   30.000000000000000       8.36900330148859922E-002
   30.500000000000000       8.90194806926996318E-002
   31.000000000000000       9.31604494938850364E-002
   31.500000000000000       9.62636492171082825E-002
   32.000000000000000       9.84350678831721060E-002
   32.500000000000000       9.92800838981170164E-002
   33.000000000000000       9.87828250150966092E-002
   33.500000000000000       9.72812518759291756E-002
   34.000000000000000       9.46999631862359831E-002
   34.500000000000000       9.08026511790099022E-002
   35.000000000000000       8.58116895822415154E-002
   35.500000000000000       8.01299406731080521E-002
   36.000000000000000       7.38204305535271055E-002
   36.500000000000000       6.67803301463526233E-002
   37.000000000000000       5.91758612273297624E-002
   37.500000000000000       5.14125790997204402E-002
   38.000000000000000       4.37884725168601607E-002
   38.500000000000000       3.63623396227014464E-002
   39.000000000000000       2.91386326980201185E-002
   39.500000000000000       2.22746584155392308E-002
   40.000000000000000       1.60887232111276701E-002
   40.500000000000000       1.09083736477496984E-002
   41.000000000000000       6.91581146159622739E-003
   41.500000000000000       4.09164551461643766E-003
   42.000000000000000       2.25715018705225506E-003
   42.500000000000000       1.16085159439057459E-003
   43.000000000000000       5.56785503012920124E-004
   43.500000000000000       2.49209919156135717E-004
   44.000000000000000       1.04176809760162691E-004
   44.500000000000000       4.07128233658549807E-005
   45.000000000000000       1.48906933245641404E-005
   45.500000000000000       5.10289750689796921E-006
   46.000000000000000       1.64037388530444209E-006
   46.500000000000000       4.95219998560488427E-007
   47.000000000000000       1.40565343441562314E-007
   47.500000000000000       3.75544780348509524E-008
   48.000000000000000       9.45377747737648620E-009
   48.500000000000000       2.24460873366918470E-009
   49.000000000000000       5.03119815772146858E-010
   49.500000000000000       1.06554717920652551E-010
   50.000000000000000       2.13397785355948796E-011
   50.500000000000000       4.04425874832893770E-012
   51.000000000000000       7.25781948557491198E-013
   51.500000000000000       1.23409607862707099E-013
   52.000000000000000       1.98928152394002880E-014
   52.500000000000000       3.04122789802426700E-015
   53.000000000000000       4.41144392182377979E-016
   53.500000000000000       6.07349233132634954E-017
   54.000000000000000       7.93857708114176349E-018
   54.500000000000000       9.85344028019481892E-019
   55.000000000000000       1.16156385700890353E-019
   55.500000000000000       1.30062384543430647E-020
   56.000000000000000       1.38334893122731362E-021
   56.500000000000000       1.39757651665083048E-022
   57.000000000000000       1.34106519312125531E-023
   57.500000000000000       1.22206699296533229E-024
   58.000000000000000       1.05736405884536382E-025
   58.500000000000000       8.68409324868155373E-027
   59.000000000000000       6.76787388633026744E-028
   59.500000000000000       5.00305827448287818E-029
   60.000000000000000       3.50647586132781269E-030
   60.500000000000000       2.32874341854065506E-031
   61.000000000000000       1.46459117102964484E-032
   61.500000000000000       8.71658178774616395E-034
   62.000000000000000       4.90525708279588352E-035
   62.500000000000000       2.60777543706578921E-036
   63.000000000000000       1.30837115168668891E-037
   63.500000000000000       6.18801519680822992E-039
   64.000000000000000       2.75537717722116722E-040
   64.500000000000000       1.15346798413826430E-041
   65.000000000000000       4.53250830644671816E-043
   65.500000000000000       1.66883394973651482E-044
   66.000000000000000       5.74605915927955749E-046
   66.500000000000000       1.84605792672922403E-047
   67.000000000000000       5.52017977628961218E-049
   67.500000000000000       1.53202822957223808E-050
   68.000000000000000       3.93362190956097933E-052
   68.500000000000000       9.30978549227073619E-054
   69.000000000000000       2.02245555504270917E-055
   69.500000000000000       4.01320741377905487E-057
   70.000000000000000       7.23268805190720950E-059
   70.500000000000000       1.17590915959619549E-060
   71.000000000000000       1.71081796935049694E-062
   71.500000000000000       2.20554884901617211E-064
   72.000000000000000       2.48889513882733853E-066
   72.500000000000000       2.42058879246596076E-068
   73.000000000000000       1.98787801976696649E-070
   73.500000000000000       1.34048130626307302E-072
   74.000000000000000       7.12665515003152944E-075
   74.500000000000000       2.80100807910982031E-077
   75.000000000000000       7.23553378254878368E-080
   75.500000000000000       9.21489274394904326E-083
   76.000000000000000        0.0000000000000000     
   76.500000000000000        0.0000000000000000     
   77.000000000000000        0.0000000000000000     
   77.500000000000000        0.0000000000000000     
   78.000000000000000        0.0000000000000000     
   78.500000000000000        0.0000000000000000     
   79.000000000000000        0.0000000000000000     
   79.500000000000000        0.0000000000000000     
   80.000000000000000        0.0000000000000000     
   80.500000000000000        0.0000000000000000     
   81.000000000000000        0.0000000000000000     
   81.500000000000000        0.0000000000000000     
   82.000000000000000        0.0000000000000000     
   82.500000000000000        0.0000000000000000     
   83.000000000000000        0.0000000000000000     
   83.500000000000000        0.0000000000000000     
   84.000000000000000        0.0000000000000000     
   84.500000000000000        0.0000000000000000     
   85.000000000000000        0.0000000000000000     
   85.500000000000000        0.0000000000000000     
   86.000000000000000        0.0000000000000000     
   86.500000000000000        0.0000000000000000     
   87.000000000000000        0.0000000000000000     
   87.500000000000000        0.0000000000000000     
   88.000000000000000        0.0000000000000000     
   88.500000000000000        0.0000000000000000     
   89.000000000000000        0.0000000000000000     
   89.500000000000000        0.0000000000000000     
