  -10.500000000000000        0.0000000000000000     
  -10.000000000000000       1.14403375984122168E-004
  -9.5000000000000000      -3.22464726505185324E-005
  -9.0000000000000000      -2.48729887692733282E-004
  -8.5000000000000000       4.89996887172273392E-004
  -8.0000000000000000      -3.99215511127800477E-004
  -7.5000000000000000      -6.03623318619695749E-005
  -7.0000000000000000       5.55897214664699177E-004
  -6.5000000000000000      -6.72293057105596641E-004
  -6.0000000000000000       3.37245214146225181E-004
  -5.5000000000000000       1.35382698013853314E-004
  -5.0000000000000000      -4.38419698940790774E-004
  -4.5000000000000000       5.24651370927776235E-004
  -4.0000000000000000      -4.13018823775978931E-004
  -3.5000000000000000       7.27280553616530185E-005
  -3.0000000000000000       2.94929772638792337E-004
  -2.5000000000000000      -3.03331876912280257E-004
  -2.0000000000000000       3.26374612406459300E-005
  -1.5000000000000000      -1.31063910888262199E-005
  -1.0000000000000000       2.34223419801354252E-004
 -0.50000000000000000      -1.86942959847961394E-004
   0.0000000000000000       3.94278436825245187E-005
  0.50000000000000000      -1.38539387919417125E-004
   1.0000000000000000      -1.20901865034055427E-004
   1.5000000000000000       6.07653248327681434E-004
   2.0000000000000000      -1.86959888076121481E-004
   2.5000000000000000       6.52850675351879955E-005
   3.0000000000000000      -4.18592073969583517E-004
   3.5000000000000000      -1.10507548275269271E-003
   4.0000000000000000      -1.09239334840401407E-004
   4.5000000000000000       5.15618027689882744E-004
   5.0000000000000000       2.28397809360628146E-003
   5.5000000000000000       5.42982634005891637E-003
   6.0000000000000000       9.19405812294339306E-003
   6.5000000000000000       1.41919260470569283E-002
   7.0000000000000000       1.97366915952801800E-002
   7.5000000000000000       2.62739522916645880E-002
   8.0000000000000000       3.34141733728356496E-002
   8.5000000000000000       4.07046436793018912E-002
   9.0000000000000000       4.86379040291758866E-002
   9.5000000000000000       5.60062837579837075E-002
   10.000000000000000       6.38072016291780508E-002
   10.500000000000000       7.10713678434596319E-002
   11.000000000000000       7.77440032215169913E-002
   11.500000000000000       8.37173299617842426E-002
   12.000000000000000       8.89460849530087916E-002
   12.500000000000000       9.33672991351610637E-002
   13.000000000000000       9.60793702594119753E-002
   13.500000000000000       9.84365045569577102E-002
   14.000000000000000       9.96024935378793108E-002
   14.500000000000000       9.82953366889611213E-002
   15.000000000000000       9.75558221488208588E-002
   15.500000000000000       9.48246751000293847E-002
   16.000000000000000       9.03982498152827302E-002
   16.500000000000000       8.61391893907569595E-002
   17.000000000000000       7.98909898251057293E-002
   17.500000000000000       7.38175613206251413E-002
   18.000000000000000       6.69904333386747847E-002
   18.500000000000000       5.89130033633799566E-002
   19.000000000000000       5.12733194366886622E-002
   19.500000000000000       4.39403947860224353E-002
   20.000000000000000       3.64571543016112692E-002
   20.500000000000000       2.89790971124563625E-002
   21.000000000000000       2.22560928559413160E-002
   21.500000000000000       1.58359521390810352E-002
   22.000000000000000       1.09047444804994467E-002
   22.500000000000000       7.38373233721605071E-003
   23.000000000000000       4.09405504213735446E-003
   23.500000000000000       2.25926548306761791E-003
   24.000000000000000       7.99763829054166999E-004
   24.500000000000000      -4.50772632657169491E-004
   25.000000000000000       9.61032843817526822E-006
   25.500000000000000       7.95590415308116338E-004
   26.000000000000000       2.21544564975141838E-003
   26.500000000000000       5.44733386109496308E-003
   27.000000000000000       9.32545574524635407E-003
   27.500000000000000       1.39980303873376358E-002
   28.000000000000000       1.98979729122582376E-002
   28.500000000000000       2.62491103123698756E-002
   29.000000000000000       3.32756142032550745E-002
   29.500000000000000       4.09334388477162886E-002
   30.000000000000000       4.84493772634089701E-002
   30.500000000000000       5.60669261866784049E-002
   31.000000000000000       6.38436779820335809E-002
   31.500000000000000       7.10556858534208413E-002
   32.000000000000000       7.76660760258537364E-002
   32.500000000000000       8.38102180594182122E-002
   33.000000000000000       8.90062846665557184E-002
   33.500000000000000       9.31060837531918484E-002
   34.000000000000000       9.63399747899466447E-002
   34.500000000000000       9.84718392275667487E-002
   35.000000000000000       9.92072493535941374E-002
   35.500000000000000       9.87717290296594302E-002
   36.000000000000000       9.73439461894954894E-002
   36.500000000000000       9.46897434674894706E-002
   37.000000000000000       9.07227741556462797E-002
   37.500000000000000       8.57812319000184065E-002
   38.000000000000000       8.01575472766762331E-002
   38.500000000000000       7.38169243135760322E-002
   39.000000000000000       6.67178633929888798E-002
   39.500000000000000       5.91121500977831726E-002
   40.000000000000000       5.13928387898560934E-002
   40.500000000000000       4.37945131228699713E-002
   41.000000000000000       3.63514622014983677E-002
   41.500000000000000       2.90948718774047127E-002
   42.000000000000000       2.22166650122587878E-002
   42.500000000000000       1.60456597219000921E-002
   43.000000000000000       1.08971150258451045E-002
   43.500000000000000       6.93506714312955297E-003
   44.000000000000000       4.12885811580549107E-003
   44.500000000000000       2.29816555804141258E-003
   45.000000000000000       1.19599607607082299E-003
   45.500000000000000       5.82211801782909610E-004
   46.000000000000000       2.65311035483987772E-004
   46.500000000000000       1.13278507428987929E-004
   47.000000000000000       4.53629147223007565E-005
   47.500000000000000       1.70564555621675224E-005
   48.000000000000000       6.02836748225196027E-006
   48.500000000000000       2.00505668803417406E-006
   49.000000000000000       6.28286598667297391E-007
   49.500000000000000       1.85681959444787712E-007
   50.000000000000000       5.18110201441433880E-008
   50.500000000000000       1.36632577167416781E-008
   51.000000000000000       3.40864728746057489E-009
   51.500000000000000       8.05187001247878740E-010
   52.000000000000000       1.80245236734151371E-010
   52.500000000000000       3.82668339094690195E-011
   53.000000000000000       7.71056457489468192E-012
   53.500000000000000       1.47550981878442224E-012
   54.000000000000000       2.68319517750940391E-013
   54.500000000000000       4.63931394474125737E-014
   55.000000000000000       7.63061327362063150E-015
   55.500000000000000       1.19442397535102601E-015
   56.000000000000000       1.77998819065391051E-016
   56.500000000000000       2.52626508825410591E-017
   57.000000000000000       3.41558854880413328E-018
   57.500000000000000       4.40024695903359140E-019
   58.000000000000000       5.40246818932475355E-020
   58.500000000000000       6.32220881210584039E-021
   59.000000000000000       7.05251215922046166E-022
   59.500000000000000       7.49951873118475009E-023
   60.000000000000000       7.60208650293753141E-024
   60.500000000000000       7.34541629544926919E-025
   61.000000000000000       6.76452472762993614E-026
   61.500000000000000       5.93645050902687947E-027
   62.000000000000000       4.96357221328857110E-028
   62.500000000000000       3.95299406760870150E-029
   63.000000000000000       2.99767832971208081E-030
   63.500000000000000       2.16375955872074730E-031
   64.000000000000000       1.48597082946641237E-032
   64.500000000000000       9.70451526015192385E-034
   65.000000000000000       6.02359520835241507E-035
   65.500000000000000       3.55125119118069980E-036
   66.000000000000000       1.98720655701370630E-037
   66.500000000000000       1.05462340342601020E-038
   67.000000000000000       5.30350278428904989E-040
   67.500000000000000       2.52473280621099635E-041
   68.000000000000000       1.13654188176423384E-042
   68.500000000000000       4.83228193474485614E-044
   69.000000000000000       1.93793395891292773E-045
   69.500000000000000       7.31991124071502324E-047
   70.000000000000000       2.59981510439875961E-048
   70.500000000000000       8.66680051312097874E-050
   71.000000000000000       2.70628713019659229E-051
   71.500000000000000       7.89773432734612360E-053
   72.000000000000000       2.14851847916275524E-054
   72.500000000000000       5.43297102303200120E-056
   73.000000000000000       1.27287480187908044E-057
   73.500000000000000       2.75280412328632080E-059
   74.000000000000000       5.47218055686084780E-061
   74.500000000000000       9.94960608441538772E-063
   75.000000000000000       1.64519879339946465E-064
   75.500000000000000       2.45727287891017605E-066
   76.000000000000000       3.28841518507833228E-068
   76.500000000000000       3.90419253597105793E-070
   77.000000000000000       4.06226323968966239E-072
   77.500000000000000       3.64696710965645481E-074
   78.000000000000000       2.76783424461123285E-076
   78.500000000000000       1.72674788555706033E-078
   79.000000000000000       8.50234308334178935E-081
   79.500000000000000       3.09818839873919710E-083
   80.000000000000000       7.42762312620709014E-086
   80.500000000000000       8.78800653834251715E-089
   81.000000000000000        0.0000000000000000     
   81.500000000000000        0.0000000000000000     
   82.000000000000000        0.0000000000000000     
   82.500000000000000        0.0000000000000000     
   83.000000000000000        0.0000000000000000     
   83.500000000000000        0.0000000000000000     
   84.000000000000000        0.0000000000000000     
   84.500000000000000        0.0000000000000000     
   85.000000000000000        0.0000000000000000     
   85.500000000000000        0.0000000000000000     
   86.000000000000000        0.0000000000000000     
   86.500000000000000        0.0000000000000000     
   87.000000000000000        0.0000000000000000     
   87.500000000000000        0.0000000000000000     
   88.000000000000000        0.0000000000000000     
   88.500000000000000        0.0000000000000000     
   89.000000000000000        0.0000000000000000     
   89.500000000000000        0.0000000000000000     
