  -10.500000000000000        0.0000000000000000     
  -10.000000000000000      -2.42060588891567939E-005
  -9.5000000000000000      -2.66669815207162169E-005
  -9.0000000000000000       1.69690673744884654E-004
  -8.5000000000000000      -3.18693795991882806E-004
  -8.0000000000000000       3.10875764745079336E-004
  -7.5000000000000000      -4.53655973089745764E-005
  -7.0000000000000000      -3.59877268551296039E-004
  -6.5000000000000000       5.90843642278464322E-004
  -6.0000000000000000      -4.08037613275361304E-004
  -5.5000000000000000      -7.81753222819027058E-005
  -5.0000000000000000       4.75162299296456923E-004
  -4.5000000000000000      -5.02613373579430364E-004
  -4.0000000000000000       2.48575488854237484E-004
  -3.5000000000000000       2.92175178321684500E-005
  -3.0000000000000000      -2.19375765895011535E-004
  -2.5000000000000000       3.12202798747200790E-004
  -2.0000000000000000      -2.19886146019499852E-004
  -1.5000000000000000      -3.56068184457383578E-005
  -1.0000000000000000       1.32272718526180893E-004
 -0.50000000000000000       9.07278253346291723E-005
   0.0000000000000000      -2.30226623362472739E-004
  0.50000000000000000      -8.36611729850795052E-006
   1.0000000000000000       2.22139821315406739E-004
   1.5000000000000000      -1.66490847654994847E-004
   2.0000000000000000       2.21884365037146607E-004
   2.5000000000000000      -2.35345002187381113E-004
   3.0000000000000000      -2.46531324790301833E-004
   3.5000000000000000       4.31940573500950791E-004
   4.0000000000000000      -2.88595397084050046E-005
   4.5000000000000000       2.40714700954864817E-004
   5.0000000000000000       6.68120513859552477E-005
   5.5000000000000000      -9.59197250839365512E-004
   6.0000000000000000      -5.58125216520811616E-004
   6.5000000000000000      -4.50020591486196479E-004
   7.0000000000000000       4.72125152618313600E-004
   7.5000000000000000       2.42589137290532978E-003
   8.0000000000000000       5.26978489249640102E-003
   8.5000000000000000       9.40806797527281649E-003
   9.0000000000000000       1.39935730593099897E-002
   9.5000000000000000       1.98924407282230105E-002
   10.000000000000000       2.62961622150242151E-002
   10.500000000000000       3.33206877373009927E-002
   11.000000000000000       4.09707683072292189E-002
   11.500000000000000       4.83966294132989472E-002
   12.000000000000000       5.62025973275300239E-002
   12.500000000000000       6.37854416835292870E-002
   13.000000000000000       7.11448416684964668E-002
   13.500000000000000       7.77207931015466424E-002
   14.000000000000000       8.36350313425771041E-002
   14.500000000000000       8.93366557727597460E-002
   15.000000000000000       9.29024732152111121E-002
   15.500000000000000       9.62376334709575398E-002
   16.000000000000000       9.89294542779029507E-002
   16.500000000000000       9.87137810115515102E-002
   17.000000000000000       9.89586124111833665E-002
   17.500000000000000       9.74972268995728253E-002
   18.000000000000000       9.43945804535414323E-002
   18.500000000000000       9.09443586032097073E-002
   19.000000000000000       8.56217965678793824E-002
   19.500000000000000       8.00618468174075781E-002
   20.000000000000000       7.40024671027302017E-002
   20.500000000000000       6.66983135937328220E-002
   21.000000000000000       5.88288958835360976E-002
   21.500000000000000       5.14165723674692848E-002
   22.000000000000000       4.39451218950970973E-002
   22.500000000000000       3.62516221647671555E-002
   23.000000000000000       2.92040206533490561E-002
   23.500000000000000       2.19469269879913054E-002
   24.000000000000000       1.57910938078472951E-002
   24.500000000000000       1.12413142442703007E-002
   25.000000000000000       7.02226048352189679E-003
   25.500000000000000       4.33925809704181417E-003
   26.000000000000000       2.39763901097607380E-003
   26.500000000000000       3.76075133112551275E-004
   27.000000000000000      -1.34827681471151118E-004
   27.500000000000000       3.03919254070952606E-005
   28.000000000000000       4.67593080583316258E-004
   28.500000000000000       2.46247758529385963E-003
   29.000000000000000       5.44816093521529026E-003
   29.500000000000000       9.18473493273432376E-003
   30.000000000000000       1.41780262437917540E-002
   30.500000000000000       1.98512483092789030E-002
   31.000000000000000       2.61999998066800403E-002
   31.500000000000000       3.34597607900658650E-002
   32.000000000000000       4.08985918983984786E-002
   32.500000000000000       4.83813285496220505E-002
   33.000000000000000       5.62149524318765192E-002
   33.500000000000000       6.38737795133793446E-002
   34.000000000000000       7.09930162581026425E-002
   34.500000000000000       7.77526155938105534E-002
   35.000000000000000       8.38679374722434839E-002
   35.500000000000000       8.89449396745344983E-002
   36.000000000000000       9.31266283658624405E-002
   36.500000000000000       9.64207670252252291E-002
   37.000000000000000       9.84468859099362215E-002
   37.500000000000000       9.91493115003612979E-002
   38.000000000000000       9.88059792586205021E-002
   38.500000000000000       9.73890620716452438E-002
   39.000000000000000       9.46459711122736302E-002
   39.500000000000000       9.06548324994655708E-002
   40.000000000000000       8.57762823368732330E-002
   40.500000000000000       8.01814613088152606E-002
   41.000000000000000       7.37948631861621296E-002
   41.500000000000000       6.66515815882001705E-002
   42.000000000000000       5.90591225068985912E-002
   42.500000000000000       5.13809426649657688E-002
   43.000000000000000       4.37983132718234164E-002
   43.500000000000000       3.63341053394602709E-002
   44.000000000000000       2.90475366653374159E-002
   44.500000000000000       2.21595952951757352E-002
   45.000000000000000       1.60056102398003740E-002
   45.500000000000000       1.08883209808648303E-002
   46.000000000000000       6.95517768693910444E-003
   46.500000000000000       4.16562628085701860E-003
   47.000000000000000       2.33823302826330738E-003
   47.500000000000000       1.23031415198344919E-003
   48.000000000000000       6.07179997772714611E-004
   48.500000000000000       2.81284973378467806E-004
   49.000000000000000       1.22439069639316325E-004
   49.500000000000000       5.01293312026301077E-005
   50.000000000000000       1.93257530827122340E-005
   50.500000000000000       7.02321301570421243E-006
   51.000000000000000       2.40863703282084500E-006
   51.500000000000000       7.80398097788868524E-007
   52.000000000000000       2.39127972798763557E-007
   52.500000000000000       6.93676286898136433E-008
   53.000000000000000       1.90685969980420213E-008
   53.500000000000000       4.97184447015099223E-009
   54.000000000000000       1.23064248074998407E-009
   54.500000000000000       2.89412386437943182E-010
   55.000000000000000       6.47149853243367466E-011
   55.500000000000000       1.37690302604078212E-011
   56.000000000000000       2.78931588786048568E-012
   56.500000000000000       5.38332171602235912E-013
   57.000000000000000       9.90379409536945827E-014
   57.500000000000000       1.73768223711096814E-014
   58.000000000000000       2.90907286184626745E-015
   58.500000000000000       4.64870551209274561E-016
   59.000000000000000       7.09350208895280708E-017
   59.500000000000000       1.03390222004701514E-017
   60.000000000000000       1.43982108276933844E-018
   60.500000000000000       1.91623962498901933E-019
   61.000000000000000       2.43773988109675712E-020
   61.500000000000000       2.96474661020345560E-021
   62.000000000000000       3.44746200716487917E-022
   62.500000000000000       3.83314143657926316E-023
   63.000000000000000       4.07538100365842681E-024
   63.500000000000000       4.14321024294662414E-025
   64.000000000000000       4.02755218454810975E-026
   64.500000000000000       3.74320332914309609E-027
   65.000000000000000       3.32574185560306245E-028
   65.500000000000000       2.82425073844428587E-029
   66.000000000000000       2.29190018389690233E-030
   66.500000000000000       1.77686673037379700E-031
   67.000000000000000       1.31567867326795426E-032
   67.500000000000000       9.30098760816181423E-034
   68.000000000000000       6.27508077503836532E-035
   68.500000000000000       4.03854183083202018E-036
   69.000000000000000       2.47813380680864605E-037
   69.500000000000000       1.44901909228565645E-038
   70.000000000000000       8.06862617921272481E-040
   70.500000000000000       4.27561717308758455E-041
   71.000000000000000       2.15445641420590758E-042
   71.500000000000000       1.03144944365492920E-043
   72.000000000000000       4.68731137168946940E-045
   72.500000000000000       2.01984794230141553E-046
   73.000000000000000       8.24405615416263557E-048
   73.500000000000000       3.18309193246835977E-049
   74.000000000000000       1.16103840501834900E-050
   74.500000000000000       3.99460980042412829E-052
   75.000000000000000       1.29420765891364920E-053
   75.500000000000000       3.94119410575279850E-055
   76.000000000000000       1.12576633323057684E-056
   76.500000000000000       3.00929013322214180E-058
   77.000000000000000       7.50851739957440071E-060
   77.500000000000000       1.74364336803861540E-061
   78.000000000000000       3.75619865837397018E-063
   78.500000000000000       7.47832828473516598E-065
   79.000000000000000       1.37014526644957885E-066
   79.500000000000000       2.29872517718558521E-068
   80.000000000000000       3.51123856129365116E-070
   80.500000000000000       4.84987145197788821E-072
   81.000000000000000       6.00843221299250133E-074
   81.500000000000000       6.61081991075140821E-076
   82.000000000000000       6.38091744559182318E-078
   82.500000000000000       5.31947913642453341E-080
   83.000000000000000       3.75250240081448292E-082
   83.500000000000000       2.17803793867391369E-084
   84.000000000000000       9.98696572319836590E-087
   84.500000000000000       3.39199462501810578E-089
   85.000000000000000       7.58638717509044710E-092
   85.500000000000000       8.38089612802745547E-095
   86.000000000000000        0.0000000000000000     
   86.500000000000000        0.0000000000000000     
   87.000000000000000        0.0000000000000000     
   87.500000000000000        0.0000000000000000     
   88.000000000000000        0.0000000000000000     
   88.500000000000000        0.0000000000000000     
   89.000000000000000        0.0000000000000000     
   89.500000000000000        0.0000000000000000     
