-5.000000000000000000e-01 0.000000000000000000e+00
5.000000000000000000e-01 1.231165940486229037e-03
1.500000000000000000e+00 1.089934758116321845e-02
2.500000000000000000e+00 2.928932188134526077e-02
3.500000000000000000e+00 5.460095002604532788e-02
4.500000000000000000e+00 8.435655349597694086e-02
5.500000000000000000e+00 1.156434465040231258e-01
6.500000000000000000e+00 1.453990499739546971e-01
7.500000000000000000e+00 1.707106781186547573e-01
8.500000000000000000e+00 1.891006524188367788e-01
9.500000000000000000e+00 1.987688340595137881e-01
1.050000000000000000e+01 1.987688340595137881e-01
1.150000000000000000e+01 1.891006524188367788e-01
1.250000000000000000e+01 1.707106781186547573e-01
1.350000000000000000e+01 1.453990499739546971e-01
1.450000000000000000e+01 1.156434465040231258e-01
1.550000000000000000e+01 8.435655349597694086e-02
1.650000000000000000e+01 5.460095002604532788e-02
1.750000000000000000e+01 2.928932188134526077e-02
1.850000000000000000e+01 1.089934758116321845e-02
1.950000000000000000e+01 1.231165940486229037e-03
2.050000000000000000e+01 0.000000000000000000e+00
2.150000000000000000e+01 0.000000000000000000e+00
2.250000000000000000e+01 0.000000000000000000e+00
2.350000000000000000e+01 0.000000000000000000e+00
2.450000000000000000e+01 0.000000000000000000e+00
2.550000000000000000e+01 0.000000000000000000e+00
2.650000000000000000e+01 0.000000000000000000e+00
2.750000000000000000e+01 0.000000000000000000e+00
2.850000000000000000e+01 0.000000000000000000e+00
2.950000000000000000e+01 0.000000000000000000e+00
3.050000000000000000e+01 0.000000000000000000e+00
3.150000000000000000e+01 0.000000000000000000e+00
3.250000000000000000e+01 0.000000000000000000e+00
3.350000000000000000e+01 0.000000000000000000e+00
3.450000000000000000e+01 0.000000000000000000e+00
3.550000000000000000e+01 0.000000000000000000e+00
3.650000000000000000e+01 0.000000000000000000e+00
3.750000000000000000e+01 0.000000000000000000e+00
3.850000000000000000e+01 0.000000000000000000e+00
3.950000000000000000e+01 0.000000000000000000e+00
4.050000000000000000e+01 0.000000000000000000e+00
4.150000000000000000e+01 0.000000000000000000e+00
4.250000000000000000e+01 0.000000000000000000e+00
4.350000000000000000e+01 0.000000000000000000e+00
4.450000000000000000e+01 0.000000000000000000e+00
4.550000000000000000e+01 0.000000000000000000e+00
4.650000000000000000e+01 0.000000000000000000e+00
4.750000000000000000e+01 0.000000000000000000e+00
4.850000000000000000e+01 0.000000000000000000e+00
4.950000000000000000e+01 0.000000000000000000e+00
5.050000000000000000e+01 0.000000000000000000e+00
5.150000000000000000e+01 0.000000000000000000e+00
5.250000000000000000e+01 0.000000000000000000e+00
5.350000000000000000e+01 0.000000000000000000e+00
5.450000000000000000e+01 0.000000000000000000e+00
5.550000000000000000e+01 0.000000000000000000e+00
5.650000000000000000e+01 0.000000000000000000e+00
5.750000000000000000e+01 0.000000000000000000e+00
5.850000000000000000e+01 0.000000000000000000e+00
5.950000000000000000e+01 0.000000000000000000e+00
6.050000000000000000e+01 0.000000000000000000e+00
6.150000000000000000e+01 0.000000000000000000e+00
6.250000000000000000e+01 0.000000000000000000e+00
6.350000000000000000e+01 0.000000000000000000e+00
6.450000000000000000e+01 0.000000000000000000e+00
6.550000000000000000e+01 0.000000000000000000e+00
6.650000000000000000e+01 0.000000000000000000e+00
6.750000000000000000e+01 0.000000000000000000e+00
6.850000000000000000e+01 0.000000000000000000e+00
6.950000000000000000e+01 0.000000000000000000e+00
7.050000000000000000e+01 0.000000000000000000e+00
7.150000000000000000e+01 0.000000000000000000e+00
7.250000000000000000e+01 0.000000000000000000e+00
7.350000000000000000e+01 0.000000000000000000e+00
7.450000000000000000e+01 0.000000000000000000e+00
7.550000000000000000e+01 0.000000000000000000e+00
7.650000000000000000e+01 0.000000000000000000e+00
7.750000000000000000e+01 0.000000000000000000e+00
7.850000000000000000e+01 0.000000000000000000e+00
7.950000000000000000e+01 0.000000000000000000e+00
8.050000000000000000e+01 0.000000000000000000e+00
8.150000000000000000e+01 0.000000000000000000e+00
8.250000000000000000e+01 0.000000000000000000e+00
8.350000000000000000e+01 0.000000000000000000e+00
8.450000000000000000e+01 0.000000000000000000e+00
8.550000000000000000e+01 0.000000000000000000e+00
8.650000000000000000e+01 0.000000000000000000e+00
8.750000000000000000e+01 0.000000000000000000e+00
8.850000000000000000e+01 0.000000000000000000e+00
8.950000000000000000e+01 0.000000000000000000e+00
9.050000000000000000e+01 0.000000000000000000e+00
9.150000000000000000e+01 0.000000000000000000e+00
9.250000000000000000e+01 0.000000000000000000e+00
9.350000000000000000e+01 0.000000000000000000e+00
9.450000000000000000e+01 0.000000000000000000e+00
9.550000000000000000e+01 0.000000000000000000e+00
9.650000000000000000e+01 0.000000000000000000e+00
9.750000000000000000e+01 0.000000000000000000e+00
9.850000000000000000e+01 0.000000000000000000e+00
9.950000000000000000e+01 0.000000000000000000e+00
