  -11.000000000000000      -3.47789148712156074E-005
  -10.000000000000000      -3.47789148712156074E-005
  -9.0000000000000000       1.01410005227879131E-004
  -8.0000000000000000      -1.59018188053740089E-004
  -7.0000000000000000       2.01055441604362296E-004
  -6.0000000000000000      -2.21047756479131194E-004
  -5.0000000000000000       2.14039313461371187E-004
  -4.0000000000000000      -1.78711431758115063E-004
  -3.0000000000000000       1.19445596439840096E-004
  -2.0000000000000000      -4.72324014930769552E-005
  -1.0000000000000000      -2.16669254096227168E-005
   0.0000000000000000       6.97940108719834651E-005
   1.0000000000000000      -8.45561869476897182E-005
   2.0000000000000000       6.40387035989196452E-005
   3.0000000000000000      -1.93837525025263968E-005
   4.0000000000000000      -2.88414979076649311E-005
   5.0000000000000000       6.01839602865790311E-005
   6.0000000000000000      -6.56236032980615780E-005
   7.0000000000000000       5.35174209994485013E-005
   8.0000000000000000      -4.40510770292247097E-005
   9.0000000000000000       5.27066772526551543E-005
   10.000000000000000      -7.28605423366724281E-005
   11.000000000000000       7.30482202267382765E-005
   12.000000000000000      -1.79925837336369345E-005
   13.000000000000000      -9.63170493215935279E-005
   14.000000000000000       2.22143797053075238E-004
   15.000000000000000      -2.81712479831213759E-004
   16.000000000000000       2.27345927738232265E-004
   17.000000000000000      -9.28935592765009585E-005
   18.000000000000000      -2.22534925658764653E-005
   19.000000000000000       4.33429595281048318E-005
   20.000000000000000      -5.17166912203395287E-006
   21.000000000000000       2.38285774927456974E-005
   22.000000000000000      -1.48492782889349039E-004
   23.000000000000000       2.52280596700211991E-004
   24.000000000000000      -1.47396100653474429E-004
   25.000000000000000      -1.35542825046310077E-004
   26.000000000000000       2.69523695172451533E-004
   27.000000000000000      -8.56243777200708434E-006
   28.000000000000000      -3.63598136694032691E-004
   29.000000000000000       2.72253546998968443E-004
   30.000000000000000       2.77126095625717891E-004
   31.000000000000000      -5.01367582234746919E-004
   32.000000000000000       1.45601769566604212E-005
   33.000000000000000       3.75449301310639555E-004
   34.000000000000000      -2.16846568161461269E-005
   35.000000000000000      -2.62589361793145819E-004
   36.000000000000000      -1.27505943335800865E-004
   37.000000000000000       1.98821401332652400E-004
   38.000000000000000       1.84120203425510072E-004
   39.000000000000000       1.51510322318627319E-004
   40.000000000000000      -1.40058153736335924E-004
   41.000000000000000      -7.32389410734039835E-004
   42.000000000000000      -4.08418074732820212E-004
   43.000000000000000       9.28348334956654274E-004
   44.000000000000000       1.70672115795824329E-003
   45.000000000000000       5.92152500661524694E-004
   46.000000000000000      -1.47420017629375363E-003
   47.000000000000000      -3.18958776163061732E-003
   48.000000000000000      -4.33870843956042987E-003
   49.000000000000000      -2.73492665711669953E-003
   50.000000000000000       3.42401885421589770E-003
   51.000000000000000       1.22851725003198797E-002
   52.000000000000000       2.33024470782370249E-002
   53.000000000000000       3.78905379534543452E-002
   54.000000000000000       5.42330347842535573E-002
   55.000000000000000       6.91978952430598732E-002
   56.000000000000000       8.19231754192153994E-002
   57.000000000000000       9.17363616606327870E-002
   58.000000000000000       9.75257648505364061E-002
   59.000000000000000       9.92143578962203510E-002
   60.000000000000000       9.64193556002165275E-002
   61.000000000000000       8.80776010067334525E-002
   62.000000000000000       7.50470734453498184E-002
   63.000000000000000       6.02159777109000233E-002
   64.000000000000000       4.57102339099318133E-002
   65.000000000000000       3.21567151088572659E-002
   66.000000000000000       2.00395677486968696E-002
   67.000000000000000       1.00505134961881640E-002
   68.000000000000000       2.74278570518433299E-003
   69.000000000000000      -1.18134314983735981E-003
   70.000000000000000      -8.82263098860618360E-004
   71.000000000000000       3.82705967212444622E-003
   72.000000000000000       1.23015288615361887E-002
   73.000000000000000       2.38511549502825604E-002
   74.000000000000000       3.80130623087755193E-002
   75.000000000000000       5.37893934647510202E-002
   76.000000000000000       6.92333385350593356E-002
   77.000000000000000       8.22697281430565808E-002
   78.000000000000000       9.17413039242443579E-002
   79.000000000000000       9.73991538873307527E-002
   80.000000000000000       9.90640369527409498E-002
   81.000000000000000       9.61733313165533260E-002
   82.000000000000000       8.82730317881360305E-002
   83.000000000000000       7.58459921137311921E-002
   84.000000000000000       6.05842280128072314E-002
   85.000000000000000       4.48629834192859067E-002
   86.000000000000000       3.08762661316757080E-002
   87.000000000000000       2.00308702336900804E-002
   88.000000000000000       1.28624887825695249E-002
   89.000000000000000       9.35243744592070304E-003
   90.000000000000000       9.35243744592070304E-003
