  -10.500000000000000        0.0000000000000000     
  -9.5000000000000000       4.68934329686762868E-004
  -8.5000000000000000       4.29797546795958546E-004
  -7.5000000000000000      -1.01071201563987783E-003
  -6.5000000000000000      -1.58616638668441752E-003
  -5.5000000000000000      -4.06733339246677025E-004
  -4.5000000000000000       4.41044522989884197E-003
  -3.5000000000000000       1.27751413333853665E-002
  -2.5000000000000000       2.55102954952189168E-002
  -1.5000000000000000       4.02841399855858109E-002
 -0.50000000000000000       5.43381579302376072E-002
  0.50000000000000000       7.01350869210054517E-002
   1.5000000000000000       8.28379802037836066E-002
   2.5000000000000000       9.28412164656374078E-002
   3.5000000000000000       9.82934709341689583E-002
   4.5000000000000000       9.90736085932482635E-002
   5.5000000000000000       9.50275835396195284E-002
   6.5000000000000000       8.62969841796372011E-002
   7.5000000000000000       7.50024282291871652E-002
   8.5000000000000000       6.08019606774235638E-002
   9.5000000000000000       4.48876954101510850E-002
   10.500000000000000       2.89494185334591633E-002
   11.500000000000000       1.72983761305546477E-002
   12.500000000000000       8.76669037533035767E-003
   13.500000000000000       2.60390421150615350E-003
   14.500000000000000      -4.02249403344270612E-004
   15.500000000000000       1.87160909341652342E-004
   16.500000000000000       4.43100213401222739E-003
   17.500000000000000       1.27768228617468269E-002
   18.500000000000000       2.56787787803210814E-002
   19.500000000000000       4.00252355628324674E-002
   20.500000000000000       5.46469718255993414E-002
   21.500000000000000       6.98265101286275475E-002
   22.500000000000000       8.30981160991054041E-002
   23.500000000000000       9.26791724473874506E-002
   24.500000000000000       9.83215240979364580E-002
   25.500000000000000       9.91736166033817118E-002
   26.500000000000000       9.48615700082360430E-002
   27.500000000000000       8.64376284493929559E-002
   28.500000000000000       7.49519795724258586E-002
   29.500000000000000       6.07767989289489732E-002
   30.500000000000000       4.48321165271086952E-002
   31.500000000000000       2.93443967144596390E-002
   32.500000000000000       1.67738629178254689E-002
   33.500000000000000       8.31173108005970121E-003
   34.500000000000000       3.56416757038322506E-003
   35.500000000000000       1.32456125307114209E-003
   36.500000000000000       4.27880716854178505E-004
   37.500000000000000       1.20564909869796429E-004
   38.500000000000000       2.97346439407780570E-005
   39.500000000000000       6.43879817673384248E-006
   40.500000000000000       1.22744136483852769E-006
   41.500000000000000       2.06428400042059311E-007
   42.500000000000000       3.06745837814721714E-008
   43.500000000000000       4.03120357988443431E-009
   44.500000000000000       4.68675462250852145E-010
   45.500000000000000       4.81881742358062543E-011
   46.500000000000000       4.37707073736602791E-012
   47.500000000000000       3.50599264720095329E-013
   48.500000000000000       2.46976476848890307E-014
   49.500000000000000       1.52445143135621153E-015
   50.500000000000000       8.20464527023074539E-017
   51.500000000000000       3.82583481469235013E-018
   52.500000000000000       1.53294076759868873E-019
   53.500000000000000       5.22139542805896354E-021
   54.500000000000000       1.49055066861085407E-022
   55.500000000000000       3.49851530778059313E-024
   56.500000000000000       6.57289052368426456E-026
   57.500000000000000       9.50151607582975065E-028
   58.500000000000000       9.91947470961955272E-030
   59.500000000000000       6.65556727357828486E-032
   60.500000000000000       2.15481293329763466E-034
   61.500000000000000        0.0000000000000000     
   62.500000000000000        0.0000000000000000     
   63.500000000000000        0.0000000000000000     
   64.500000000000000        0.0000000000000000     
   65.500000000000000        0.0000000000000000     
   66.500000000000000        0.0000000000000000     
   67.500000000000000        0.0000000000000000     
   68.500000000000000        0.0000000000000000     
   69.500000000000000        0.0000000000000000     
   70.500000000000000        0.0000000000000000     
   71.500000000000000        0.0000000000000000     
   72.500000000000000        0.0000000000000000     
   73.500000000000000        0.0000000000000000     
   74.500000000000000        0.0000000000000000     
   75.500000000000000        0.0000000000000000     
   76.500000000000000        0.0000000000000000     
   77.500000000000000        0.0000000000000000     
   78.500000000000000        0.0000000000000000     
   79.500000000000000        0.0000000000000000     
   80.500000000000000        0.0000000000000000     
   81.500000000000000        0.0000000000000000     
   82.500000000000000        0.0000000000000000     
   83.500000000000000        0.0000000000000000     
   84.500000000000000        0.0000000000000000     
   85.500000000000000        0.0000000000000000     
   86.500000000000000        0.0000000000000000     
   87.500000000000000        0.0000000000000000     
   88.500000000000000        0.0000000000000000     
   89.500000000000000        0.0000000000000000     
