  -10.500000000000000        0.0000000000000000     
  -9.5000000000000000       9.78521112581363819E-005
  -8.5000000000000000      -7.90865612374328652E-005
  -7.5000000000000000      -8.70209521273964602E-005
  -6.5000000000000000       3.01331781778860187E-004
  -5.5000000000000000      -3.65596360293757707E-004
  -4.5000000000000000       1.31961891635922287E-004
  -3.5000000000000000       2.20391020186297605E-004
  -2.5000000000000000      -1.32776019056102430E-004
  -1.5000000000000000      -4.74809051148824299E-004
 -0.50000000000000000       3.31276271978952900E-004
  0.50000000000000000       9.02575261070557829E-004
   1.5000000000000000      -1.81108630284260684E-004
   2.5000000000000000      -1.49245219833761588E-003
   3.5000000000000000      -1.72651599487958158E-003
   4.5000000000000000      -1.13613781123263853E-003
   5.5000000000000000       4.25116148800192689E-003
   6.5000000000000000       1.37138997411582163E-002
   7.5000000000000000       2.58671091321189990E-002
   8.5000000000000000       4.00441791413895312E-002
   9.5000000000000000       5.53259956461744570E-002
   10.500000000000000       7.04654247107771581E-002
   11.500000000000000       8.32042694450765563E-002
   12.500000000000000       9.30760466507660755E-002
   13.500000000000000       9.84517645649978651E-002
   14.500000000000000       9.90946643489316326E-002
   15.500000000000000       9.42744763158049892E-002
   16.500000000000000       8.63688900065496118E-002
   17.500000000000000       7.51519283795206994E-002
   18.500000000000000       5.99324063889723341E-002
   19.500000000000000       4.35102327842512293E-002
   20.500000000000000       2.90958599833195872E-002
   21.500000000000000       1.76478116662768594E-002
   22.500000000000000       8.42556048998238834E-003
   23.500000000000000       2.54251300650638066E-003
   24.500000000000000      -2.35551067366454505E-004
   25.500000000000000      -3.99305668189018411E-004
   26.500000000000000       4.30860065641824972E-003
   27.500000000000000       1.38434460071160670E-002
   28.500000000000000       2.58989904391830686E-002
   29.500000000000000       3.99517261902040677E-002
   30.500000000000000       5.54483089428441170E-002
   31.500000000000000       7.03823547752071288E-002
   32.500000000000000       8.32279849764851198E-002
   33.500000000000000       9.30591207216720506E-002
   34.500000000000000       9.85557720527259484E-002
   35.500000000000000       9.88665851690348069E-002
   36.500000000000000       9.45056552477484269E-002
   37.500000000000000       8.63858881764871522E-002
   38.500000000000000       7.48083467841059863E-002
   39.500000000000000       6.01421387543180849E-002
   40.500000000000000       4.39528895925259261E-002
   41.500000000000000       2.87700318228444017E-002
   42.500000000000000       1.67397882937026232E-002
   43.500000000000000       8.63882136314179060E-003
   44.500000000000000       3.95800885856673404E-003
   45.500000000000000       1.61415550287298624E-003
   46.500000000000000       5.87872082740099303E-004
   47.500000000000000       1.91856607964779229E-004
   48.500000000000000       5.62937542756501900E-005
   49.500000000000000       1.48954349868033661E-005
   50.500000000000000       3.56399451161645722E-006
   51.500000000000000       7.72940284493454564E-007
   52.500000000000000       1.52253431629296943E-007
   53.500000000000000       2.72862815266251364E-008
   54.500000000000000       4.45536574979963037E-009
   55.500000000000000       6.63523425712165445E-010
   56.500000000000000       9.01997950894534317E-011
   57.500000000000000       1.11981552306803976E-011
   58.500000000000000       1.26989481180422388E-012
   59.500000000000000       1.31531638551433681E-013
   60.500000000000000       1.24383727578934950E-014
   61.500000000000000       1.07314951536699780E-015
   62.500000000000000       8.43852840751845754E-017
   63.500000000000000       6.03908654343686943E-018
   64.500000000000000       3.92633486301795875E-019
   65.500000000000000       2.31383247777929968E-020
   66.500000000000000       1.23252784715995060E-021
   67.500000000000000       5.91440016814476891E-023
   68.500000000000000       2.54618470351993702E-024
   69.500000000000000       9.78522294881709109E-026
   70.500000000000000       3.33671140933615826E-027
   71.500000000000000       1.00207743920194500E-028
   72.500000000000000       2.62607362588726847E-030
   73.500000000000000       5.93575835229935595E-032
   74.500000000000000       1.13995969039062767E-033
   75.500000000000000       1.82346173921837043E-035
   76.500000000000000       2.36349166014749920E-037
   77.500000000000000       2.38457419068270357E-039
   78.500000000000000       1.75672567786842906E-041
   79.500000000000000       8.40495230798789644E-044
   80.500000000000000       1.95979094614598094E-046
   81.500000000000000        0.0000000000000000     
   82.500000000000000        0.0000000000000000     
   83.500000000000000        0.0000000000000000     
   84.500000000000000        0.0000000000000000     
   85.500000000000000        0.0000000000000000     
   86.500000000000000        0.0000000000000000     
   87.500000000000000        0.0000000000000000     
   88.500000000000000        0.0000000000000000     
   89.500000000000000        0.0000000000000000     
