  -10.500000000000000        0.0000000000000000     
  -9.5000000000000000      -1.20395715433585721E-004
  -8.5000000000000000       1.62531845544965336E-004
  -7.5000000000000000      -9.49470789305992773E-005
  -6.5000000000000000      -3.90268899699640457E-005
  -5.5000000000000000       1.37049681454394577E-004
  -4.5000000000000000      -1.08764780348910345E-004
  -3.5000000000000000      -3.04377239923091854E-005
  -2.5000000000000000       1.23008640834109382E-004
  -1.5000000000000000       1.69134399436441968E-005
 -0.50000000000000000      -3.33504016803883464E-004
  0.50000000000000000       3.93074894559271857E-004
   1.5000000000000000       8.12836530200923470E-005
   2.5000000000000000      -3.48880826466972313E-004
   3.5000000000000000      -4.60035294965008930E-004
   4.5000000000000000       8.87886667730094473E-004
   5.5000000000000000       5.81772217853445610E-004
   6.5000000000000000      -4.10703001187954087E-004
   7.5000000000000000      -1.18138923900064580E-003
   8.5000000000000000      -2.62149585052865158E-003
   9.5000000000000000      -1.06527313505126557E-003
   10.500000000000000       4.37600610815347835E-003
   11.500000000000000       1.39531669804099714E-002
   12.500000000000000       2.58485988170725663E-002
   13.500000000000000       4.02928085638297739E-002
   14.500000000000000       5.56510723475425254E-002
   15.500000000000000       7.06053609557495548E-002
   16.500000000000000       8.34317757958856626E-002
   17.500000000000000       9.31312264606343893E-002
   18.500000000000000       9.88007358353526488E-002
   19.500000000000000       9.85678646507006095E-002
   20.500000000000000       9.42421980632076051E-002
   21.500000000000000       8.66530223580817272E-002
   22.500000000000000       7.48797233519381822E-002
   23.500000000000000       5.92702281440943488E-002
   24.500000000000000       4.32034743641492094E-002
   25.500000000000000       2.93328305703152194E-002
   26.500000000000000       1.73687954698631859E-002
   27.500000000000000       8.42641543262185981E-003
   28.500000000000000       2.82901223046359233E-003
   29.500000000000000      -6.92380298666573821E-004
   30.500000000000000      -5.87811368027879155E-004
   31.500000000000000       4.74540746850587482E-003
   32.500000000000000       1.39572129956054974E-002
   33.500000000000000       2.58881475837502706E-002
   34.500000000000000       4.02676542953549765E-002
   35.500000000000000       5.57347379777716617E-002
   36.500000000000000       7.05049177879110006E-002
   37.500000000000000       8.34452000179662506E-002
   38.500000000000000       9.32901592488040443E-002
   39.500000000000000       9.85373016295769122E-002
   40.500000000000000       9.86915925432585578E-002
   41.500000000000000       9.44375837689276632E-002
   42.500000000000000       8.63980658165358212E-002
   43.500000000000000       7.46577986257452864E-002
   44.500000000000000       5.97595362019998980E-002
   45.500000000000000       4.35350244829181415E-002
   46.500000000000000       2.85403384573192712E-002
   47.500000000000000       1.67506877652131014E-002
   48.500000000000000       8.79372820313070042E-003
   49.500000000000000       4.13577189145632445E-003
   50.500000000000000       1.74736553588053728E-003
   51.500000000000000       6.65363938787175146E-004
   52.500000000000000       2.29095218649217317E-004
   53.500000000000000       7.15524715257343739E-005
   54.500000000000000       2.03305962410815219E-005
   55.500000000000000       5.26907458670817122E-006
   56.500000000000000       1.24850958009755047E-006
   57.500000000000000       2.71026819103396373E-007
   58.500000000000000       5.39964652464307582E-008
   59.500000000000000       9.88797437426433563E-009
   60.500000000000000       1.66642989181994720E-009
   61.500000000000000       2.58732600914368186E-010
   62.500000000000000       3.70380990171365102E-011
   63.500000000000000       4.89141390593037516E-012
   64.500000000000000       5.96171274072457703E-013
   65.500000000000000       6.70703035241308360E-014
   66.500000000000000       6.96454121349076072E-015
   67.500000000000000       6.67337237364466811E-016
   68.500000000000000       5.89767120808028270E-017
   69.500000000000000       4.80384948983223574E-018
   70.500000000000000       3.60293341563296152E-019
   71.500000000000000       2.48513479997051691E-020
   72.500000000000000       1.57402892168353271E-021
   73.500000000000000       9.13788408141030110E-023
   74.500000000000000       4.85166209000378092E-024
   75.500000000000000       2.34966764477998776E-025
   76.500000000000000       1.03475975847195194E-026
   77.500000000000000       4.12842408144356857E-028
   78.500000000000000       1.48570462502478353E-029
   79.500000000000000       4.79739119099680547E-031
   80.500000000000000       1.38121303356075117E-032
   81.500000000000000       3.51857701577906792E-034
   82.500000000000000       7.85633002154822604E-036
   83.500000000000000       1.51940198487983992E-037
   84.500000000000000       2.50683187222844069E-039
   85.500000000000000       3.45820959789739869E-041
   86.500000000000000       3.88004034951592800E-043
   87.500000000000000       3.40065277455143566E-045
   88.500000000000000       2.18373503241213541E-047
   89.500000000000000        0.0000000000000000     
