  -10.625000000000000       0.19638477936535909     
  -10.375000000000000       0.19638477936535909     
  -10.125000000000000       0.19559604060776037     
  -9.8750000000000000       0.19441780179967566     
  -9.6250000000000000       0.19302272610106896     
  -9.3750000000000000       0.19109789247964115     
  -9.1250000000000000       0.18757629991406324     
  -8.8750000000000000       0.18341994022991073     
  -8.6250000000000000       0.17936158396969087     
  -8.3750000000000000       0.17551775400458966     
  -8.1250000000000000       0.17150696496239576     
  -7.8750000000000000       0.16635428250858264     
  -7.6250000000000000       0.16002844999189164     
  -7.3750000000000000       0.15344340039724935     
  -7.1250000000000000       0.14694459932046236     
  -6.8750000000000000       0.14048564051485840     
  -6.6250000000000000       0.13365612427158852     
  -6.3750000000000000       0.12594976709284267     
  -6.1250000000000000       0.11809539576146963     
  -5.8750000000000000       0.11041295875113466     
  -5.6250000000000000       0.10295963368022243     
  -5.3750000000000000       9.56587650887094909E-002
  -5.1250000000000000       8.83332086689970486E-002
  -4.8750000000000000       8.10582630049655334E-002
  -4.6250000000000000       7.38855394013500505E-002
  -4.3750000000000000       6.68300183005876153E-002
  -4.1250000000000000       5.99892023191135118E-002
  -3.8750000000000000       5.36696055154442866E-002
  -3.6250000000000000       4.78234106658242536E-002
  -3.3750000000000000       4.20478584287082638E-002
  -3.1250000000000000       3.61865482055968857E-002
  -2.8750000000000000       3.03528649875021775E-002
  -2.6250000000000000       2.50872006208837928E-002
  -2.3750000000000000       2.10587682658034125E-002
  -2.1250000000000000       1.72790635831595561E-002
  -1.8750000000000000       1.33101426822590727E-002
  -1.6250000000000000       9.16890115676304018E-003
  -1.3750000000000000       5.40710099391168535E-003
  -1.1250000000000000       3.31880408269813161E-003
 -0.87500000000000000       1.93529350552057618E-003
 -0.62500000000000000       4.64970524864056394E-004
 -0.37500000000000000      -1.24931084134063172E-003
 -0.12500000000000000      -2.79559927216514520E-003
  0.12500000000000000      -3.02891032297469918E-003
  0.37500000000000000      -1.95720378408937006E-003
  0.62500000000000000      -7.41475002453508437E-004
  0.87500000000000000       1.90047235436444258E-004
   1.1250000000000000       9.77811996087690066E-004
   1.3750000000000000       2.39618648380081865E-003
   1.6250000000000000       5.39605993981358539E-003
   1.8750000000000000       8.66495521053127146E-003
   2.1250000000000000       1.16322027304176234E-002
   2.3750000000000000       1.42617051859392947E-002
   2.6250000000000000       1.69722263116873287E-002
   2.8750000000000000       2.07335566328556362E-002
   3.1250000000000000       2.48588157649199358E-002
   3.3750000000000000       2.87917056800827756E-002
   3.6250000000000000       3.24055331141883049E-002
   3.8750000000000000       3.58469222245940550E-002
   4.1250000000000000       3.95133769840905896E-002
   4.3750000000000000       4.34529646077361220E-002
   4.6250000000000000       4.73658261525914739E-002
   4.8750000000000000       5.11682370212985724E-002
   5.1250000000000000       5.48665426487458946E-002
   5.3750000000000000       5.84380218895979159E-002
   5.6250000000000000       6.18433311092494303E-002
   5.8750000000000000       6.53015379225333897E-002
   6.1250000000000000       6.89354636026118517E-002
   6.3750000000000000       7.27360239239807083E-002
   6.6250000000000000       7.64305231319962752E-002
   6.8750000000000000       7.93335710437244324E-002
   7.1250000000000000       8.19882450600940282E-002
   7.3750000000000000       8.48328593638778133E-002
   7.6250000000000000       8.79316763077052366E-002
   7.8750000000000000       9.09473066694045928E-002
   8.1250000000000000       9.29660548844048196E-002
   8.3750000000000000       9.40150513677598665E-002
   8.6250000000000000       9.50651900757193136E-002
   8.8750000000000000       9.64984449356143248E-002
   9.1250000000000000       9.82065741210810250E-002
   9.3750000000000000       9.94741487752836551E-002
   9.6250000000000000       9.93653127327414620E-002
   9.8750000000000000       9.89830853197773697E-002
   10.125000000000000       9.86948955577116316E-002
   10.375000000000000       9.84258642966654718E-002
   10.625000000000000       9.79339510180845807E-002
   10.875000000000000       9.69158545540065863E-002
   11.125000000000000       9.54545232258605797E-002
   11.375000000000000       9.36662633588822152E-002
   11.625000000000000       9.16203585090901440E-002
   11.875000000000000       8.93593273103146513E-002
   12.125000000000000       8.69102932743797962E-002
   12.375000000000000       8.42888353210703711E-002
   12.625000000000000       8.15007107044379009E-002
   12.875000000000000       7.85442492023231270E-002
   13.125000000000000       7.54140654605836569E-002
   13.375000000000000       7.21055227383596564E-002
   13.625000000000000       6.86189898064533121E-002
   13.875000000000000       6.49630601429116994E-002
   14.125000000000000       6.11562599385558209E-002
   14.375000000000000       5.72271559217499767E-002
   14.625000000000000       5.32130749688368154E-002
   14.875000000000000       4.91578257334482904E-002
   15.125000000000000       4.51088739405752989E-002
   15.375000000000000       4.11143955545267281E-002
   15.625000000000000       3.72205498895514658E-002
   15.875000000000000       3.34692087591894755E-002
   16.125000000000000       2.98962712618877184E-002
   16.375000000000000       2.65306016199937586E-002
   16.625000000000000       2.33935570124480657E-002
   16.875000000000000       2.04990253146332263E-002
   17.125000000000000       1.78538671314906056E-002
   17.375000000000000       1.54586485254485650E-002
   17.625000000000000       1.33085557207519960E-002
   17.875000000000000       1.13943962740354152E-002
   18.125000000000000       9.70360884112191069E-003
   18.375000000000000       8.22122270484753649E-003
   18.625000000000000       6.93072650748603053E-003
   18.875000000000000       5.81482180135749378E-003
   19.125000000000000       4.85605039180431880E-003
   19.375000000000000       4.03729478682616182E-003
   19.625000000000000       3.34215851228162946E-003
   19.875000000000000       2.75523793104408103E-003
   20.125000000000000       2.26229995196202977E-003
   20.375000000000000       1.85038109122707094E-003
   20.625000000000000       1.50782319455152695E-003
   20.875000000000000       1.22426013212302955E-003
   21.125000000000000       9.90568263185948126E-004
   21.375000000000000       7.98791688398414745E-004
   21.625000000000000       6.42051456222214232E-004
   21.875000000000000       5.14446097991879585E-004
   22.125000000000000       4.10949221141064308E-004
   22.375000000000000       3.27308440118435841E-004
   22.625000000000000       2.59948690484510577E-004
   22.875000000000000       2.05881954244540227E-004
   23.125000000000000       1.62624611077169436E-004
   23.375000000000000       1.28123000245592724E-004
   23.625000000000000       1.00687307156700838E-004
   23.875000000000000       7.89335512128182531E-005
   24.125000000000000       6.17332230868923430E-005
   24.375000000000000       4.81699772142298840E-005
   24.625000000000000       3.75027092122533722E-005
   24.875000000000000       2.91343211551142983E-005
   25.125000000000000       2.25854861204459142E-005
   25.375000000000000       1.74727559096020582E-005
   25.625000000000000       1.34904034846196418E-005
   25.875000000000000       1.03954477360802614E-005
   26.125000000000000       7.99536772916015516E-006
   26.375000000000000       6.13807303789185292E-006
   26.625000000000000       4.70375377575387489E-006
   26.875000000000000       3.59828695053500445E-006
   27.125000000000000       2.74792396256416701E-006
   27.375000000000000       2.09502706198672823E-006
   27.625000000000000       1.59466035830540063E-006
   27.875000000000000       1.21187373872615586E-006
   28.125000000000000       9.19546149568350272E-007
   28.375000000000000       6.96678555863084924E-007
   28.625000000000000       5.27046981219655183E-007
   28.875000000000000       3.98142808258499221E-007
   29.125000000000000       3.00341435592060855E-007
   29.375000000000000       2.26251854636914917E-007
   29.625000000000000       1.70209103447290692E-007
   29.875000000000000       1.27879208210254929E-007
   30.125000000000000       9.59524269566088298E-008
   30.375000000000000       7.19056152451266913E-008
   30.625000000000000       5.38185538686258819E-008
   30.875000000000000       4.02322944400224197E-008
   31.125000000000000       3.00401409883818231E-008
   31.375000000000000       2.24039197200687872E-008
   31.625000000000000       1.66897981470703217E-008
   31.875000000000000       1.24191834282452706E-008
   32.125000000000000       9.23122687096961459E-009
   32.375000000000000       6.85424286704556631E-009
   32.625000000000000       5.08396102575521239E-009
   32.875000000000000       3.76700596345198103E-009
   33.125000000000000       2.78836890031701079E-009
   33.375000000000000       2.06192179896884203E-009
   33.625000000000000       1.52324640113869660E-009
   33.875000000000000       1.12422150410125302E-009
   34.125000000000000       8.28943441491621147E-010
   34.375000000000000       6.10655836198620477E-010
   34.625000000000000       4.49442191010841216E-010
   34.875000000000000       3.30494167173123366E-010
   35.125000000000000       2.42813664221350335E-010
   35.375000000000000       1.78241307463960909E-010
   35.625000000000000       1.30730187067400701E-010
   35.875000000000000       9.58036154309296865E-011
   36.125000000000000       7.01507713446121259E-011
   36.375000000000000       5.13255278515479462E-011
   36.625000000000000       3.75223953377335496E-011
   36.875000000000000       2.74100249046626818E-011
   37.125000000000000       2.00076230854132920E-011
   37.375000000000000       1.45933186982274209E-011
   37.625000000000000       1.06362936192132159E-011
   37.875000000000000       7.74656734110674037E-012
   38.125000000000000       5.63788149854025347E-012
   38.375000000000000       4.10029453443104187E-012
   38.625000000000000       2.97996612077838364E-012
   38.875000000000000       2.16425954480121877E-012
   39.125000000000000       1.57077352295428682E-012
   39.375000000000000       1.13927452673668189E-012
   39.625000000000000       8.25768007415613184E-013
   39.875000000000000       5.98145361346317487E-013
   40.125000000000000       4.32990650358249255E-013
   40.375000000000000       3.13240113735843227E-013
   40.625000000000000       2.26468182049942170E-013
   40.875000000000000       1.63633336673247910E-013
   41.125000000000000       1.18161194048842226E-013
   41.375000000000000       8.52746778110325505E-014
   41.625000000000000       6.15050810048482541E-014
   41.875000000000000       4.43354454986958739E-014
   42.125000000000000       3.19406493707359273E-014
   42.375000000000000       2.29981193925999995E-014
   42.625000000000000       1.65500797470830221E-014
   42.875000000000000       1.19033783463047886E-014
   43.125000000000000       8.55669191729228332E-015
   43.375000000000000       6.14766409374559386E-015
   43.625000000000000       4.41454495007348953E-015
   43.875000000000000       3.16837281094893669E-015
   44.125000000000000       2.27281462640605217E-015
   44.375000000000000       1.62956609887802925E-015
   44.625000000000000       1.16778513488378529E-015
   44.875000000000000       8.36449283977781066E-016
   45.125000000000000       5.98831523855452689E-016
   45.375000000000000       4.28509715896519008E-016
   45.625000000000000       3.06485708682733988E-016
   45.875000000000000       2.19106785776502992E-016
   46.125000000000000       1.56566892932387102E-016
   46.375000000000000       1.11826558085258877E-016
   46.625000000000000       7.98349892546294120E-017
   46.875000000000000       5.69701282599125016E-017
   47.125000000000000       4.06358190031415883E-017
   47.375000000000000       2.89721663703018031E-017
   47.625000000000000       2.06473944573858390E-017
   47.875000000000000       1.47083524608902396E-017
   48.125000000000000       1.04732003204857289E-017
   48.375000000000000       7.45441353077042223E-018
   48.625000000000000       5.30356975664801798E-018
   48.875000000000000       3.77177545355420475E-018
   49.125000000000000       2.68131653758357547E-018
   49.375000000000000       1.90535978159175061E-018
   49.625000000000000       1.35342581195402609E-018
   49.875000000000000       9.60997683508277540E-019
   50.125000000000000       6.82091268793869537E-019
   50.375000000000000       4.83945784054413636E-019
   50.625000000000000       3.43231215993313438E-019
   50.875000000000000       2.43340525390661853E-019
   51.125000000000000       1.72457233724597306E-019
   51.375000000000000       1.22176981224034268E-019
   51.625000000000000       8.65246848833757654E-020
   51.875000000000000       6.12540709283025321E-020
   52.125000000000000       4.33486712099926574E-020
   52.375000000000000       3.06664923288165740E-020
   52.625000000000000       2.16870986548673375E-020
   52.875000000000000       1.53316668457458868E-020
   53.125000000000000       1.08350112010579868E-020
   53.375000000000000       7.65460720624970835E-021
   53.625000000000000       5.40594306769197821E-021
   53.875000000000000       3.81659848073645731E-021
   54.125000000000000       2.69363867572606064E-021
   54.375000000000000       1.90047191761275042E-021
   54.625000000000000       1.34043017258176640E-021
   54.875000000000000       9.45124242267643468E-022
   55.125000000000000       6.66188156979713319E-022
   55.375000000000000       4.69428569827758510E-022
   55.625000000000000       3.30680069364208256E-022
   55.875000000000000       2.32870075371720763E-022
   56.125000000000000       1.63941067350582502E-022
   56.375000000000000       1.15380249740635417E-022
   56.625000000000000       8.11794389990271085E-023
   56.875000000000000       5.70995474956120485E-023
   57.125000000000000       4.01506439105287157E-023
   57.375000000000000       2.82245320563185658E-023
   57.625000000000000       1.98351969644547028E-023
   57.875000000000000       1.39355124276090628E-023
   58.125000000000000       9.78784623408777794E-024
   58.375000000000000       6.87274448287426759E-024
   58.625000000000000       4.82450990314180434E-024
   58.875000000000000       3.38576815213972440E-024
   59.125000000000000       2.37543574542844326E-024
   59.375000000000000       1.66614369050630716E-024
   59.625000000000000       1.16833054834681019E-024
   59.875000000000000       8.19038152257895672E-025
   60.125000000000000       5.74022143136411430E-025
   60.375000000000000       4.02198319388354269E-025
   60.625000000000000       2.81734424321334876E-025
   60.875000000000000       1.97300683696416898E-025
   61.125000000000000       1.38136108061178534E-025
   61.375000000000000       9.66889222506348095E-026
   61.625000000000000       6.76609382795005373E-026
   61.875000000000000       4.73360492904585907E-026
   62.125000000000000       3.31085062857877223E-026
   62.375000000000000       2.31516331801279700E-026
   62.625000000000000       1.61852350724535050E-026
   62.875000000000000       1.13123433965179682E-026
   63.125000000000000       7.90465980766688623E-027
   63.375000000000000       5.52219397208376086E-027
   63.625000000000000       3.85690395841762406E-027
   63.875000000000000       2.69318072825137814E-027
   64.125000000000000       1.88014992230775323E-027
   64.375000000000000       1.31226204030438066E-027
   64.625000000000000       9.15694353492127254E-028
   64.875000000000000       6.38826853791380810E-028
   65.125000000000000       4.45573355237437410E-028
   65.375000000000000       3.10713008591448348E-028
   65.625000000000000       2.16623006475465261E-028
   65.875000000000000       1.50992500222550047E-028
   66.125000000000000       1.05223454300120290E-028
   66.375000000000000       7.33122977744988156E-029
   66.625000000000000       5.10680077084058675E-029
   66.875000000000000       3.55655481243135406E-029
   67.125000000000000       2.47639145236794945E-029
   67.375000000000000       1.72392738583961475E-029
   67.625000000000000       1.19985619748908171E-029
   67.875000000000000       8.34931131116452573E-030
   68.125000000000000       5.80876750413957452E-030
   68.375000000000000       4.04045124012084479E-030
   68.625000000000000       2.80988745985579858E-030
   68.875000000000000       1.95371764449228812E-030
   69.125000000000000       1.35815431275970425E-030
   69.375000000000000       9.43955460067368121E-031
   69.625000000000000       6.55948239587275671E-031
   69.875000000000000       4.55726128035642419E-031
   70.125000000000000       3.16559372773460689E-031
   70.375000000000000       2.19848703665934627E-031
   70.625000000000000       1.52654887281439237E-031
   70.875000000000000       1.05978109599814267E-031
   71.125000000000000       7.35598525095357701E-032
   71.375000000000000       5.10487749410401813E-032
   71.625000000000000       3.54201302261312264E-032
   71.875000000000000       2.45717389229665132E-032
   72.125000000000000       1.70428840481159857E-032
   72.375000000000000       1.18187701724370812E-032
   72.625000000000000       8.19452951205875130E-033
   72.875000000000000       5.68066042267467052E-033
   73.125000000000000       3.93728840953626231E-033
   73.375000000000000       2.72847350974396661E-033
   73.625000000000000       1.89045734489765416E-033
   73.875000000000000       1.30960148783880428E-033
   74.125000000000000       9.07062214830893971E-034
   74.375000000000000       6.28146767302444032E-034
   74.625000000000000       4.34922435257314321E-034
   74.875000000000000       3.01085339536056987E-034
   75.125000000000000       2.08398700119876268E-034
   75.375000000000000       1.44220991597942897E-034
   75.625000000000000       9.97907980541162464E-035
   75.875000000000000       6.90369392119723429E-035
   76.125000000000000       4.77531513892891581E-035
   76.375000000000000       3.30257341070597964E-035
   76.625000000000000       2.28366980208320249E-035
   76.875000000000000       1.57886490947931785E-035
   77.125000000000000       1.09140996324083092E-035
   77.375000000000000       7.54332070946406943E-036
   77.625000000000000       5.21277983100551219E-036
   77.875000000000000       3.60171026581162862E-036
   78.125000000000000       2.48817643439717262E-036
   78.375000000000000       1.71864825051815329E-036
   78.625000000000000       1.18693428380846797E-036
   78.875000000000000       8.19597467478729960E-037
   79.125000000000000       5.65860279480032596E-037
   79.375000000000000       3.90618569496888572E-037
   79.625000000000000       2.69607540969095327E-037
   79.875000000000000       1.86057446853367809E-037
   80.125000000000000       1.28380287477981559E-037
   80.375000000000000       8.85699266330622322E-038
   80.625000000000000       6.10957873485365278E-038
   80.875000000000000       4.21379757537243262E-038
   81.125000000000000       2.90585454765359939E-038
   81.375000000000000       2.00360565895385261E-038
   81.625000000000000       1.38130369336712883E-038
   81.875000000000000       9.52149206091185108E-039
   82.125000000000000       6.56236108835364875E-039
   82.375000000000000       4.52225320164614074E-039
   82.625000000000000       3.11594383837660496E-039
   82.875000000000000       2.14666718106321393E-039
   83.125000000000000       1.47870149411339680E-039
   83.375000000000000       1.01844446953197350E-039
   83.625000000000000       7.01351272756067530E-040
   83.875000000000000       4.82920410579598961E-040
   84.125000000000000       3.32473942358372552E-040
   84.375000000000000       2.28866428675665499E-040
   84.625000000000000       1.57524953082890145E-040
   84.875000000000000       1.08407617094449498E-040
   85.125000000000000       7.45957113496132497E-041
   85.375000000000000       5.13230110225842556E-041
   85.625000000000000       3.53065658343742995E-041
   85.875000000000000       2.42854079341881630E-041
   86.125000000000000       1.67026245315704383E-041
   86.375000000000000       1.14862704077446558E-041
   86.625000000000000       7.89841427083957038E-042
   86.875000000000000       5.43114612005923149E-042
   87.125000000000000       3.73494857079935845E-042
   87.375000000000000       2.56937037670824844E-042
   87.625000000000000       1.76906805635919097E-042
   87.875000000000000       1.22043839732605416E-042
   88.125000000000000       8.45552130378870824E-043
   88.375000000000000       5.91125312350309105E-043
   88.625000000000000       4.20973589539519326E-043
   88.875000000000000       3.10884812200679957E-043
   89.125000000000000       2.45186179150319000E-043
   89.375000000000000       2.14521019276844865E-043
   89.625000000000000       2.14521019276844865E-043
