  -10.625000000000000       1.48670003407100912E-003
  -10.375000000000000       1.48670003407100912E-003
  -10.125000000000000       6.65605692058176927E-004
  -9.8750000000000000      -1.58635591886022577E-004
  -9.6250000000000000      -2.36764094157942279E-004
  -9.3750000000000000      -7.65072147660421538E-005
  -9.1250000000000000      -7.29395444388514572E-004
  -8.8750000000000000      -1.88088211871199722E-003
  -8.6250000000000000      -2.79288355498342415E-003
  -8.3750000000000000      -3.28866990913621827E-003
  -8.1250000000000000      -3.63690219840294817E-003
  -7.8750000000000000      -4.42906230183645697E-003
  -7.6250000000000000      -5.50611729838441141E-003
  -7.3750000000000000      -6.07658061011086444E-003
  -7.1250000000000000      -5.92442651141153985E-003
  -6.8750000000000000      -5.35990949100041605E-003
  -6.6250000000000000      -4.94179613942510344E-003
  -6.3750000000000000      -4.86939247159081344E-003
  -6.1250000000000000      -4.50493956917360182E-003
  -5.8750000000000000      -3.48910331201249951E-003
  -5.6250000000000000      -2.03497539152898768E-003
  -5.3750000000000000      -3.55704161739938806E-004
  -5.1250000000000000       1.52762472433553686E-003
  -4.8750000000000000       3.78573598285909460E-003
  -4.6250000000000000       6.41106073228463365E-003
  -4.3750000000000000       9.10723398164014347E-003
  -4.1250000000000000       1.17724274358107922E-002
  -3.8750000000000000       1.47045657106951236E-002
  -3.6250000000000000       1.80343776935255051E-002
  -3.3750000000000000       2.14804911933457396E-002
  -3.1250000000000000       2.46903455351000153E-002
  -2.8750000000000000       2.75539087781123404E-002
  -2.6250000000000000       3.07084804562058333E-002
  -2.3750000000000000       3.47282019516333695E-002
  -2.1250000000000000       3.90135755717231081E-002
  -1.8750000000000000       4.28772231354363209E-002
  -1.6250000000000000       4.61358522932864973E-002
  -1.3750000000000000       4.94732606564143793E-002
  -1.1250000000000000       5.38022570703117903E-002
 -0.87500000000000000       5.85010095447012629E-002
 -0.62500000000000000       6.25925667879720649E-002
 -0.37500000000000000       6.58524070523866384E-002
 -0.12500000000000000       6.87480661351919931E-002
  0.12500000000000000       7.22429322462535967E-002
  0.37500000000000000       7.63158478980905663E-002
  0.62500000000000000       7.99611508101394364E-002
  0.87500000000000000       8.26692324285827340E-002
   1.1250000000000000       8.46231138318715714E-002
   1.3750000000000000       8.67594600061050436E-002
   1.6250000000000000       8.96619063009628098E-002
   1.8750000000000000       9.23825021180064154E-002
   2.1250000000000000       9.42061929821073618E-002
   2.3750000000000000       9.52893353217032224E-002
   2.6250000000000000       9.62965089784227624E-002
   2.8750000000000000       9.78076283049212347E-002
   3.1250000000000000       9.92305689826273318E-002
   3.3750000000000000       9.99095891408782188E-002
   3.6250000000000000       9.99337490939802703E-002
   3.8750000000000000       9.96305887079406149E-002
   4.1250000000000000       9.92520125236837081E-002
   4.3750000000000000       9.86345400236715852E-002
   4.6250000000000000       9.74470888481205333E-002
   4.8750000000000000       9.57622728006257973E-002
   5.1250000000000000       9.38563278595051231E-002
   5.3750000000000000       9.17306728998290022E-002
   5.6250000000000000       8.92258448038609764E-002
   5.8750000000000000       8.63924822680955662E-002
   6.1250000000000000       8.34892666846120679E-002
   6.3750000000000000       8.07854032187180493E-002
   6.6250000000000000       7.79807554517489426E-002
   6.8750000000000000       7.44920569552525308E-002
   7.1250000000000000       7.05625986171920655E-002
   7.3750000000000000       6.67829999416714448E-002
   7.6250000000000000       6.34871847261555683E-002
   7.8750000000000000       6.04840136518032950E-002
   8.1250000000000000       5.70207362951564156E-002
   8.3750000000000000       5.30021714620175638E-002
   8.6250000000000000       4.91120127851923938E-002
   8.8750000000000000       4.57275086268308997E-002
   9.1250000000000000       4.27655470818295025E-002
   9.3750000000000000       3.95215847398953796E-002
   9.6250000000000000       3.56199066105886142E-002
   9.8750000000000000       3.19801038737425741E-002
   10.125000000000000       2.90466819916138097E-002
   10.375000000000000       2.63309085722350962E-002
   10.625000000000000       2.34193864359012807E-002
   10.875000000000000       2.02774163393530243E-002
   11.125000000000000       1.72421630912966486E-002
   11.375000000000000       1.45773788385480003E-002
   11.625000000000000       1.22424535915424369E-002
   11.875000000000000       1.00849517281784290E-002
   12.125000000000000       8.00553577656722658E-003
   12.375000000000000       6.00052516425502586E-003
   12.625000000000000       4.13186330743003667E-003
   12.875000000000000       2.47823146518430688E-003
   13.125000000000000       1.09852696881319227E-003
   13.375000000000000       1.71703822132987711E-005
   13.625000000000000      -7.72266458425598015E-004
   13.875000000000000      -1.29347434524426912E-003
   14.125000000000000      -1.57200883353198558E-003
   14.375000000000000      -1.62369206102756683E-003
   14.625000000000000      -1.44937094573100020E-003
   14.875000000000000      -1.03598534470293081E-003
   15.125000000000000      -3.62171381142836367E-004
   15.375000000000000       5.94142877140775355E-004
   15.625000000000000       1.84862377919006835E-003
   15.875000000000000       3.40571822819419169E-003
   16.125000000000000       5.25701238091761790E-003
   16.375000000000000       7.38268749042896109E-003
   16.625000000000000       9.75526325495613793E-003
   16.875000000000000       1.23444184746286309E-002
   17.125000000000000       1.51216307977164195E-002
   17.375000000000000       1.80636192114128243E-002
   17.625000000000000       2.11539930873681017E-002
   17.875000000000000       2.43829848668011342E-002
   18.125000000000000       2.77455608192789978E-002
   18.375000000000000       3.12384917023850600E-002
   18.625000000000000       3.48570904615729468E-002
   18.875000000000000       3.85922937499187796E-002
   19.125000000000000       4.24286127663297957E-002
   19.375000000000000       4.63432566580041227E-002
   19.625000000000000       5.03064909312798958E-002
   19.875000000000000       5.42830788568182815E-002
   20.125000000000000       5.82344969472603780E-002
   20.375000000000000       6.21215315222968661E-002
   20.625000000000000       6.59068525815486445E-002
   20.875000000000000       6.95572124955109450E-002
   21.125000000000000       7.30450119521831587E-002
   21.375000000000000       7.63490928864161700E-002
   21.625000000000000       7.94547374604136492E-002
   21.875000000000000       8.23529569455843657E-002
   22.125000000000000       8.50392332008702290E-002
   22.375000000000000       8.75119226311537046E-002
   22.625000000000000       8.97705475171494682E-002
   22.875000000000000       9.18141860514292973E-002
   23.125000000000000       9.36401366997579032E-002
   23.375000000000000       9.52429824375772283E-002
   23.625000000000000       9.66141239534136914E-002
   23.875000000000000       9.77417952217007058E-002
   24.125000000000000       9.86115256318339239E-002
   24.375000000000000       9.92069740446622217E-002
   24.625000000000000       9.95110338324892985E-002
   24.875000000000000       9.95070945840159093E-002
   25.125000000000000       9.91803448080617878E-002
   25.375000000000000       9.85190087614395832E-002
   25.625000000000000       9.75154269862954365E-002
   25.875000000000000       9.61669115771874722E-002
   26.125000000000000       9.44763309908243226E-002
   26.375000000000000       9.24524030429987459E-002
   26.625000000000000       9.01096967307846303E-002
   26.875000000000000       8.74683623074953426E-002
   27.125000000000000       8.45536237756548126E-002
   27.375000000000000       8.13950782801511896E-002
   27.625000000000000       7.80258528170666710E-002
   27.875000000000000       7.44816705774083154E-002
   28.125000000000000       7.07998776946859310E-002
   28.375000000000000       6.70184768671448633E-002
   28.625000000000000       6.31752080358313345E-002
   28.875000000000000       5.93067087594686751E-002
   29.125000000000000       5.54477788126486321E-002
   29.375000000000000       5.16307654236944497E-002
   29.625000000000000       4.78850779254923337E-002
   29.875000000000000       4.42368337578588899E-002
   30.125000000000000       4.07086319575309455E-002
   30.375000000000000       3.73194456195420007E-002
   30.625000000000000       3.40846213393195888E-002
   30.875000000000000       3.10159713039552289E-002
   31.125000000000000       2.81219423959342685E-002
   31.375000000000000       2.54078462694313778E-002
   31.625000000000000       2.28761347042058111E-002
   31.875000000000000       2.05267054743920457E-002
   32.125000000000000       1.83572253319490494E-002
   32.375000000000000       1.63634583515503279E-002
   32.625000000000000       1.45395896863841842E-002
   32.875000000000000       1.28785366336349044E-002
   33.125000000000000       1.13722407163208833E-002
   33.375000000000000       1.00119361874533713E-002
   33.625000000000000       8.78839190537467931E-003
   33.875000000000000       7.69212488524601522E-003
   34.125000000000000       6.71358498547499922E-003
   34.375000000000000       5.84331113610499654E-003
   34.625000000000000       5.07206026508582198E-003
   34.875000000000000       4.39091064121208650E-003
   35.125000000000000       3.79134174745751184E-003
   35.375000000000000       3.26529304642236406E-003
   35.625000000000000       2.80520412287834676E-003
   35.875000000000000       2.40403870916053655E-003
   36.125000000000000       2.05529503866629798E-003
   36.375000000000000       1.75300485057221841E-003
   36.625000000000000       1.49172320258019906E-003
   36.875000000000000       1.26651105324150507E-003
   37.125000000000000       1.07291236397843515E-003
   37.375000000000000       9.06927253784550638E-004
   37.625000000000000       7.64982524994550425E-004
   37.875000000000000       6.43900672736157239E-004
   38.125000000000000       5.40868298210528766E-004
   38.375000000000000       4.53404669787559153E-004
   38.625000000000000       3.79331017783015516E-004
   38.875000000000000       3.16741009422835662E-004
   39.125000000000000       2.63972729816341976E-004
   39.375000000000000       2.19582392074890254E-004
   39.625000000000000       1.82319913917452635E-004
   39.875000000000000       1.51106427807825704E-004
   40.125000000000000       1.25013735312757369E-004
   40.375000000000000       1.03245672329803638E-004
   40.625000000000000       8.51213184854831986E-005
   40.875000000000000       7.00599597841111298E-005
   41.125000000000000       5.75676970283251472E-005
   41.375000000000000       4.72255822885990546E-005
   41.625000000000000       3.86791605620272834E-005
   41.875000000000000       3.16292926633416794E-005
   42.125000000000000       2.58241374074973359E-005
   42.375000000000000       2.10521754826869696E-005
   42.625000000000000       1.71361634113043176E-005
   42.875000000000000       1.39279131057561511E-005
   43.125000000000000       1.13038003012031967E-005
   43.375000000000000       9.16091323445311707E-006
   43.625000000000000       7.41376106228643738E-006
   43.875000000000000       5.99146946554758459E-006
   44.125000000000000       4.83539851572213807E-006
   44.375000000000000       3.89712508322168034E-006
   44.625000000000000       3.13673877364093195E-006
   44.875000000000000       2.52140655225689425E-006
   45.125000000000000       2.02416684380308140E-006
   45.375000000000000       1.62291897764410786E-006
   45.625000000000000       1.29957840455978886E-006
   45.875000000000000       1.03937216632920104E-006
   46.125000000000000       8.30252685217541684E-007
   46.375000000000000       6.62411092997339372E-007
   46.625000000000000       5.27874075688441102E-007
   46.875000000000000       4.20170608440433381E-007
   47.125000000000000       3.34057031738131077E-007
   47.375000000000000       2.65290710614557340E-007
   47.625000000000000       2.10444055914471953E-007
   47.875000000000000       1.66752001532733895E-007
   48.125000000000000       1.31987152019824090E-007
   48.375000000000000       1.04357766416617865E-007
   48.625000000000000       8.24245494591101914E-008
   48.875000000000000       6.50329006840053285E-008
   49.125000000000000       5.12578434114798784E-008
   49.375000000000000       4.03593348376818539E-008
   49.625000000000000       3.17460592893338560E-008
   49.875000000000000       2.49461410153699414E-008
   50.125000000000000       1.95834910286742838E-008
   50.375000000000000       1.53587333312449590E-008
   50.625000000000000       1.20338469483572694E-008
   50.875000000000000       9.41981803214245441E-009
   51.125000000000000       7.36672636760273796E-009
   51.375000000000000       5.75579757435239034E-009
   51.625000000000000       4.49304006643788662E-009
   51.875000000000000       3.50415770624764483E-009
   52.125000000000000       2.73048782836299447E-009
   52.375000000000000       2.12576222233330515E-009
   52.625000000000000       1.65352767173223112E-009
   52.875000000000000       1.28509434721306421E-009
   53.125000000000000       9.97906066728780253E-010
   53.375000000000000       7.74247260216765869E-010
   53.625000000000000       6.00218310591021417E-010
   53.875000000000000       4.64924529612013725E-010
   54.125000000000000       3.59834974942649057E-010
   54.375000000000000       2.78276122065499229E-010
   54.625000000000000       2.15032479228498326E-010
   54.875000000000000       1.66031907552455361E-010
   55.125000000000000       1.28097952395054620E-010
   55.375000000000000       9.87551257948240473E-011
   55.625000000000000       7.60759815246300467E-011
   55.875000000000000       5.85611382124879396E-011
   56.125000000000000       4.50452486845961548E-011
   56.375000000000000       3.46233791565619848E-011
   56.625000000000000       2.65934258397034049E-011
   56.875000000000000       2.04111197931109853E-011
   57.125000000000000       1.56549022813214362E-011
   57.375000000000000       1.19985316332981809E-011
   57.625000000000000       9.18973996016835956E-012
   57.875000000000000       7.03361909984272255E-012
   58.125000000000000       5.37969977970504579E-012
   58.375000000000000       4.11191212823046221E-012
   58.625000000000000       3.14079197541238823E-012
   58.875000000000000       2.39743591247892668E-012
   59.125000000000000       1.82881680910607719E-012
   59.375000000000000       1.39415673077424606E-012
   59.625000000000000       1.06212096109420379E-012
   59.875000000000000       8.08649066447755275E-013
   60.125000000000000       6.15279763255353975E-013
   60.375000000000000       4.67858221567953698E-013
   60.625000000000000       3.55539299678948775E-013
   60.875000000000000       2.70019576798720147E-013
   61.125000000000000       2.04946131674600470E-013
   61.375000000000000       1.55461743868832616E-013
   61.625000000000000       1.17855307707518246E-013
   61.875000000000000       8.92933233919342493E-014
   62.125000000000000       6.76138165318307072E-014
   62.375000000000000       5.11682889157157122E-014
   62.625000000000000       3.87005948307112720E-014
   62.875000000000000       2.92541832481869241E-014
   63.125000000000000       2.21011138486384466E-014
   63.375000000000000       1.66877742514938417E-014
   63.625000000000000       1.25933980791491696E-014
   63.875000000000000       9.49838717654470150E-015
   64.125000000000000       7.16013738905407068E-015
   64.375000000000000       5.39460303491260366E-015
   64.625000000000000       4.06224720254702341E-015
   64.875000000000000       3.05734158884941778E-015
   65.125000000000000       2.29982267697862554E-015
   65.375000000000000       1.72909755394635328E-015
   65.625000000000000       1.29933565054843555E-015
   65.875000000000000       9.75892222094963472E-016
   66.125000000000000       7.32593239571960470E-016
   66.375000000000000       5.49675503134499671E-016
   66.625000000000000       4.12224820253069873E-016
   66.875000000000000       3.08992542993334829E-016
   67.125000000000000       2.31499346765719576E-016
   67.375000000000000       1.73356939252704723E-016
   67.625000000000000       1.29755010317431784E-016
   67.875000000000000       9.70733954002775120E-017
   68.125000000000000       7.25890633287945316E-017
   68.375000000000000       5.42548715947751822E-017
   68.625000000000000       4.05326061674285316E-017
   68.875000000000000       3.02670576172931916E-017
   69.125000000000000       2.25911004543529000E-017
   69.375000000000000       1.68541820604521433E-017
   69.625000000000000       1.25684773802396594E-017
   69.875000000000000       9.36836729749387113E-018
   70.125000000000000       6.97996022102101706E-018
   70.375000000000000       5.19817989326138212E-018
   70.625000000000000       3.86955020228928861E-018
   70.875000000000000       2.87926722482216411E-018
   71.125000000000000       2.14149584504299173E-018
   71.375000000000000       1.59209039127444937E-018
   71.625000000000000       1.18313651915621326E-018
   71.875000000000000       8.78860740161805863E-019
   72.125000000000000       6.52566434162711146E-019
   72.375000000000000       4.84339890769012661E-019
   72.625000000000000       3.59333701497471162E-019
   72.875000000000000       2.66482817905586154E-019
   73.125000000000000       1.97544686396809565E-019
   73.375000000000000       1.46382003169406731E-019
   73.625000000000000       1.08427017355091701E-019
   73.875000000000000       8.02816169928120996E-020
   74.125000000000000       5.94189200357582376E-020
   74.375000000000000       4.39607094727555067E-020
   74.625000000000000       3.25115118886046861E-020
   74.875000000000000       2.40349596827379931E-020
   75.125000000000000       1.77617027877457438E-020
   75.375000000000000       1.31208498028205453E-020
   75.625000000000000       9.68894915268084014E-021
   75.875000000000000       7.15203952004985770E-021
   76.125000000000000       5.27743394512114103E-021
   76.375000000000000       3.89275006924494972E-021
   76.625000000000000       2.87033231229885442E-021
   76.875000000000000       2.11568447868634731E-021
   77.125000000000000       1.55888394907766838E-021
   77.375000000000000       1.14821159601277958E-021
   77.625000000000000       8.45427576311714945E-022
   77.875000000000000       6.22269187320903825E-022
   78.125000000000000       4.57855722211143244E-022
   78.375000000000000       3.36766205282844496E-022
   78.625000000000000       2.47616112541405469E-022
   78.875000000000000       1.82003970335684216E-022
   79.125000000000000       1.33732017744258382E-022
   79.375000000000000       9.82298559407826011E-023
   79.625000000000000       7.21283805131437698E-023
   79.875000000000000       5.29449324238412733E-023
   80.125000000000000       3.88507249603002497E-023
   80.375000000000000       2.84991118679690669E-023
   80.625000000000000       2.08988285493736397E-023
   80.875000000000000       1.53204639224094013E-023
   81.125000000000000       1.12274770117412683E-023
   81.375000000000000       8.22533577835308371E-024
   81.625000000000000       6.02403116389413857E-024
   81.875000000000000       4.41045907150355934E-024
   82.125000000000000       3.22807997364033254E-024
   82.375000000000000       2.36194379896681851E-024
   82.625000000000000       1.72766880499423851E-024
   82.875000000000000       1.26333330882840716E-024
   83.125000000000000       9.23512511085312329E-025
   83.375000000000000       6.74894445666221071E-025
   83.625000000000000       4.93057999352351978E-025
   83.875000000000000       3.60105788879243810E-025
   84.125000000000000       2.62925678492210564E-025
   84.375000000000000       1.91914422239713016E-025
   84.625000000000000       1.40040904521299129E-025
   84.875000000000000       1.02158852841710008E-025
   85.125000000000000       7.45027527029240223E-026
   85.375000000000000       5.43182530577805086E-026
   85.625000000000000       3.95912695450000528E-026
   85.875000000000000       2.88494944691597794E-026
   86.125000000000000       2.10170085585417765E-026
   86.375000000000000       1.53078242128883651E-026
   86.625000000000000       1.11479626186054926E-026
   86.875000000000000       8.11843815601990220E-027
   87.125000000000000       5.91355827039492822E-027
   87.375000000000000       4.31044068838906988E-027
   87.625000000000000       3.14674620066308439E-027
   87.875000000000000       2.30442988278544216E-027
   88.125000000000000       1.69790432958833453E-027
   88.375000000000000       1.26544242932524084E-027
   88.625000000000000       9.62966516296003629E-028
   88.875000000000000       7.59606472023551490E-028
   89.125000000000000       6.34584476999085920E-028
   89.375000000000000       5.75115761541032530E-028
   89.625000000000000       5.75115761541032530E-028
