  -10.625000000000000      -2.15096466057845999E-003
  -10.375000000000000      -2.15096466057845999E-003
  -10.125000000000000      -1.77870983260271839E-003
  -9.8750000000000000      -1.20227103409028093E-003
  -9.6250000000000000      -7.22340275521341337E-004
  -9.3750000000000000      -9.53658650707770675E-004
  -9.1250000000000000      -2.52939879820976963E-004
  -8.8750000000000000       1.61499720453194451E-004
  -8.6250000000000000       7.07468169065604991E-004
  -8.3750000000000000       1.65910549089948612E-003
  -8.1250000000000000       2.17315799547526580E-003
  -7.8750000000000000       2.48490540304644250E-003
  -7.6250000000000000       2.57961796572568408E-003
  -7.3750000000000000       2.19015563589382636E-003
  -7.1250000000000000       2.18810126618621242E-003
  -6.8750000000000000       2.44417386037136530E-003
  -6.6250000000000000       2.39333387148603837E-003
  -6.3750000000000000       2.43636853513114985E-003
  -6.1250000000000000       1.58444250512834142E-003
  -5.8750000000000000       4.97761880197386650E-004
  -5.6250000000000000      -3.13943169334156681E-004
  -5.3750000000000000      -9.05893219031420017E-004
  -5.1250000000000000      -1.33543143682170531E-003
  -4.8750000000000000      -2.02092866658231058E-003
  -4.6250000000000000      -2.97777982259297752E-003
  -4.3750000000000000      -3.85688741265766046E-003
  -4.1250000000000000      -4.24572680777279311E-003
  -3.8750000000000000      -4.44915019075326108E-003
  -3.6250000000000000      -4.76881883141057339E-003
  -3.3750000000000000      -5.29380621179337957E-003
  -3.1250000000000000      -6.17344590832397469E-003
  -2.8750000000000000      -6.72838353921618136E-003
  -2.6250000000000000      -6.47036828450483527E-003
  -2.3750000000000000      -6.54074857515871654E-003
  -2.1250000000000000      -6.10686741571956487E-003
  -1.8750000000000000      -5.97538894140966712E-003
  -1.6250000000000000      -5.87161006054584024E-003
  -1.3750000000000000      -4.67667692358852798E-003
  -1.1250000000000000      -3.88159869418398112E-003
 -0.87500000000000000      -2.30598098024242673E-003
 -0.62500000000000000      -7.00297484009382819E-004
 -0.37500000000000000       4.94143058316356141E-004
 -0.12500000000000000       2.27508779387556540E-003
  0.12500000000000000       4.34751166981788700E-003
  0.37500000000000000       6.71276263458901647E-003
  0.62500000000000000       9.66737379116761400E-003
  0.87500000000000000       1.22118274541445151E-002
   1.1250000000000000       1.47810805786046315E-002
   1.3750000000000000       1.81144762443438134E-002
   1.6250000000000000       2.10166694509616656E-002
   1.8750000000000000       2.49617793193650933E-002
   2.1250000000000000       2.88144500261308910E-002
   2.3750000000000000       3.22860317445853168E-002
   2.6250000000000000       3.61732133904319325E-002
   2.8750000000000000       3.96375854590767240E-002
   3.1250000000000000       4.38179463475857345E-002
   3.3750000000000000       4.82246726749962842E-002
   3.6250000000000000       5.21757954470916524E-002
   3.8750000000000000       5.58147982802564002E-002
   4.1250000000000000       5.92209140976801343E-002
   4.3750000000000000       6.26829984836998338E-002
   4.6250000000000000       6.64929800475492494E-002
   4.8750000000000000       7.02293739141333639E-002
   5.1250000000000000       7.35422283159874179E-002
   5.3750000000000000       7.64568826869703455E-002
   5.6250000000000000       7.94122678456810616E-002
   5.8750000000000000       8.24930143483461886E-002
   6.1250000000000000       8.57809932944883918E-002
   6.3750000000000000       8.87831696109840640E-002
   6.6250000000000000       9.08374827788357986E-002
   6.8750000000000000       9.29077388880476390E-002
   7.1250000000000000       9.45470859025290544E-002
   7.3750000000000000       9.62634520469493743E-002
   7.6250000000000000       9.81339948613343394E-002
   7.8750000000000000       9.92567798455017969E-002
   8.1250000000000000       9.98997271311084789E-002
   8.3750000000000000       0.10010287804256185     
   8.6250000000000000       9.96541579788598197E-002
   8.8750000000000000       9.93781075145516724E-002
   9.1250000000000000       9.89099332760919187E-002
   9.3750000000000000       9.76852422624595457E-002
   9.6250000000000000       9.68107157139791868E-002
   9.8750000000000000       9.47080594889698757E-002
   10.125000000000000       9.22918781151185474E-002
   10.375000000000000       9.01240431098557088E-002
   10.625000000000000       8.79217245740628039E-002
   10.875000000000000       8.55296017998458391E-002
   11.125000000000000       8.26037430308778353E-002
   11.375000000000000       7.93313611946520059E-002
   11.625000000000000       7.60328305088008860E-002
   11.875000000000000       7.28272619557910478E-002
   12.125000000000000       6.96472935407147498E-002
   12.375000000000000       6.63775433514646601E-002
   12.625000000000000       6.29578212172015039E-002
   12.875000000000000       5.94082102639660742E-002
   13.125000000000000       5.57995300999399174E-002
   13.375000000000000       5.22084440609871525E-002
   13.625000000000000       4.86849986372051360E-002
   13.875000000000000       4.52424401187145886E-002
   14.125000000000000       4.18657258844710584E-002
   14.375000000000000       3.85291577734326665E-002
   14.625000000000000       3.52136192190691671E-002
   14.875000000000000       3.19172518354105816E-002
   15.125000000000000       2.86575858917499093E-002
   15.375000000000000       2.54665321236376904E-002
   15.625000000000000       2.23815312950741314E-002
   15.875000000000000       1.94365077907572292E-002
   16.125000000000000       1.66554662303640619E-002
   16.375000000000000       1.40501612491400474E-002
   16.625000000000000       1.16218008102965016E-002
   16.875000000000000       9.36561602333210383E-003
   17.125000000000000       7.27655588813482836E-003
   17.375000000000000       5.35436393143098183E-003
   17.625000000000000       3.60674009119929268E-003
   17.875000000000000       2.04998075842931530E-003
   18.125000000000000       7.07205930869040191E-004
   18.375000000000000      -3.95150425161778487E-004
   18.625000000000000      -1.23159588450975086E-003
   18.875000000000000      -1.78155199127358853E-003
   19.125000000000000      -2.03221126871293723E-003
   19.375000000000000      -1.97979298303100053E-003
   19.625000000000000      -1.62910836636496136E-003
   19.875000000000000      -9.91701822906272635E-004
   20.125000000000000      -8.30848214890366052E-005
   20.375000000000000       1.08030781806402795E-003
   20.625000000000000       2.48383267141252459E-003
   20.875000000000000       4.11654954930144087E-003
   21.125000000000000       5.97205665799905531E-003
   21.375000000000000       8.04819653299466628E-003
   21.625000000000000       1.03457807191326429E-002
   21.875000000000000       1.28666302828629193E-002
   22.125000000000000       1.56113103232343210E-002
   22.375000000000000       1.85769471275248274E-002
   22.625000000000000       2.17554656250023640E-002
   22.875000000000000       2.51324894191968483E-002
   23.125000000000000       2.86870267814995812E-002
   23.375000000000000       3.23919443085334130E-002
   23.625000000000000       3.62151230729065923E-002
   23.875000000000000       4.01211125425064569E-002
   24.125000000000000       4.40730519500149853E-002
   24.375000000000000       4.80346181403131095E-002
   24.625000000000000       5.19717794644989489E-002
   24.875000000000000       5.58541799394549274E-002
   25.125000000000000       5.96560377573480266E-002
   25.375000000000000       6.33565080570943351E-002
   25.625000000000000       6.69395232422480835E-002
   25.875000000000000       7.03931783110193499E-002
   26.125000000000000       7.37087690699270298E-002
   26.375000000000000       7.68796154208158528E-002
   26.625000000000000       7.98998099366252656E-002
   26.875000000000000       8.27630252077944661E-002
   27.125000000000000       8.54614947358382226E-002
   27.375000000000000       8.79852549936783468E-002
   27.625000000000000       9.03217044248213197E-002
   27.875000000000000       9.24555022004479587E-002
   28.125000000000000       9.43687985894763326E-002
   28.375000000000000       9.60417622236879875E-002
   28.625000000000000       9.74533489734819708E-002
   28.875000000000000       9.85822434181403695E-002
   29.125000000000000       9.94078971116219567E-002
   29.375000000000000       9.99115875331971354E-002
   29.625000000000000       0.10007742685296134     
   29.875000000000000       9.98932592337852254E-002
   30.125000000000000       9.93513979994997132E-002
   30.375000000000000       9.84491682881179081E-002
   30.625000000000000       9.71892355451320911E-002
   30.875000000000000       9.55797143389721382E-002
   31.125000000000000       9.36340646645970054E-002
   31.375000000000000       9.13707935494390000E-002
   31.625000000000000       8.88129880340609856E-002
   31.875000000000000       8.59877113313146924E-002
   32.125000000000000       8.29252972214895301E-002
   32.375000000000000       7.96585787128984563E-002
   32.625000000000000       7.62220859893291691E-002
   32.875000000000000       7.26512460455862319E-002
   33.125000000000000       6.89816125775744582E-002
   33.375000000000000       6.52481500410867776E-002
   33.625000000000000       6.14845906958629146E-002
   33.875000000000000       5.77228782386061262E-002
   34.125000000000000       5.39927065770749032E-002
   34.375000000000000       5.03211576248609530E-002
   34.625000000000000       4.67324378611585628E-002
   34.875000000000000       4.32477099032802931E-002
   35.125000000000000       3.98850125325342642E-002
   35.375000000000000       3.66592605035628363E-002
   35.625000000000000       3.35823140254562641E-002
   35.875000000000000       3.06631069754219332E-002
   36.125000000000000       2.79078226196144176E-002
   36.375000000000000       2.53201057870096162E-002
   36.625000000000000       2.29013009824298903E-002
   36.875000000000000       2.06507067461267936E-002
   37.125000000000000       1.85658375865616204E-002
   37.375000000000000       1.66426859547318153E-002
   37.625000000000000       1.48759779266858932E-002
   37.875000000000000       1.32594174604892603E-002
   38.125000000000000       1.17859152504566703E-002
   38.375000000000000       1.04477992811394093E-002
   38.625000000000000       9.23700516235081634E-003
   38.875000000000000       8.14524518922011762E-003
   39.125000000000000       7.16415581022852247E-003
   39.375000000000000       6.28542380002233662E-003
   39.625000000000000       5.50089192611716120E-003
   39.875000000000000       4.80264527677484905E-003
   40.125000000000000       4.18307969137408225E-003
   40.375000000000000       3.63495391621388494E-003
   40.625000000000000       3.15142721044823267E-003
   40.875000000000000       2.72608416149530252E-003
   41.125000000000000       2.35294844919441875E-003
   41.375000000000000       2.02648723485801541E-003
   41.625000000000000       1.74160775583287594E-003
   41.875000000000000       1.49364758771164700E-003
   42.125000000000000       1.27835990312588437E-003
   42.375000000000000       1.09189491503037910E-003
   42.625000000000000       9.30778549241505194E-004
   42.875000000000000       7.91889250244364558E-004
   43.125000000000000       6.72433689401253807E-004
   43.375000000000000       5.69922018206103559E-004
   43.625000000000000       4.82143192852582192E-004
   43.875000000000000       4.07140791148753777E-004
   44.125000000000000       3.43189649186517243E-004
   44.375000000000000       2.88773563177039977E-004
   44.625000000000000       2.42564231164516447E-004
   44.875000000000000       2.03401549343046285E-004
   45.125000000000000       1.70275327659842731E-004
   45.375000000000000       1.42308448413524445E-004
   45.625000000000000       1.18741458710743049E-004
   45.875000000000000       9.89185619731563820E-005
   46.125000000000000       8.22749542517442923E-005
   46.375000000000000       6.83254370100672603E-005
   46.625000000000000       5.66542284442677512E-005
   46.875000000000000       4.69058895473830524E-005
   47.125000000000000       3.87772783069394430E-005
   47.375000000000000       3.20104450343769109E-005
   47.625000000000000       2.63863833268056251E-005
   47.875000000000000       2.17195540947697074E-005
   48.125000000000000       1.78531040629634872E-005
   48.375000000000000       1.46547048374580984E-005
   48.625000000000000       1.20129437643221916E-005
   48.875000000000000       9.83420316358344936E-006
   49.125000000000000       8.03996993751258262E-006
   49.375000000000000       6.56452289045980614E-006
   49.625000000000000       5.35295025936442356E-006
   49.875000000000000       4.35945486784482919E-006
   50.125000000000000       3.54590893369993415E-006
   50.375000000000000       2.88062484964432593E-006
   50.625000000000000       2.33731220500927645E-006
   50.875000000000000       1.89419491849488768E-006
   51.125000000000000       1.53326561428625837E-006
   51.375000000000000       1.23965730796281261E-006
   51.625000000000000       1.00111509130987624E-006
   51.875000000000000       8.07552836153470954E-007
   52.125000000000000       6.50681998286158959E-007
   52.375000000000000       5.23701415882542906E-007
   52.625000000000000       4.21038585048894202E-007
   52.875000000000000       3.38134280354842257E-007
   53.125000000000000       2.71263591495759290E-007
   53.375000000000000       2.17387488584597427E-007
   53.625000000000000       1.74029926555010371E-007
   53.875000000000000       1.39176270888821081E-007
   54.125000000000000       1.11189487971318552E-007
   54.375000000000000       8.87411079456452423E-008
   54.625000000000000       7.07544486548966886E-008
   54.875000000000000       5.63579974248231641E-008
   55.125000000000000       4.48471930611928793E-008
   55.375000000000000       3.56531423335846371E-008
   55.625000000000000       2.83170511224568778E-008
   55.875000000000000       2.24693570629098638E-008
   56.125000000000000       1.78127237838503342E-008
   56.375000000000000       1.41082017811519365E-008
   56.625000000000000       1.11639819422363358E-008
   56.875000000000000       8.82626850344687516E-009
   57.125000000000000       6.97188197503776279E-009
   57.375000000000000       5.50227204347715902E-009
   57.625000000000000       4.33867797888589799E-009
   57.875000000000000       3.41822160419303881E-009
   58.125000000000000       2.69075708428243205E-009
   58.375000000000000       2.11633406870986129E-009
   58.625000000000000       1.66315724762406144E-009
   58.875000000000000       1.30594714410203426E-009
   59.125000000000000       1.02462479239897325E-009
   59.375000000000000       8.03257529064168525E-010
   59.625000000000000       6.29215025553748297E-010
   59.875000000000000       4.92494392861556610E-010
   60.125000000000000       3.85181085298511163E-010
   60.375000000000000       3.01018748188487823E-010
   60.625000000000000       2.35066362279701304E-010
   60.875000000000000       1.83425258022734745E-010
   61.125000000000000       1.43021988042385715E-010
   61.375000000000000       1.11435805937568803E-010
   61.625000000000000       8.67617267328206504E-011
   61.875000000000000       6.75019392842034266E-011
   62.125000000000000       5.24797857044229719E-011
   62.375000000000000       4.07716842621129290E-011
   62.625000000000000       3.16533046372180383E-011
   62.875000000000000       2.45570520949191997E-011
   63.125000000000000       1.90385159533935222E-011
   63.375000000000000       1.47500167355745670E-011
   63.625000000000000       1.14197691302986728E-011
   63.875000000000000       8.83548334364375085E-012
   64.125000000000000       6.83147092487774115E-012
   64.375000000000000       5.27851505198827641E-012
   64.625000000000000       4.07591949446483892E-012
   64.875000000000000       3.14527301868755666E-012
   65.125000000000000       2.42556326977367446E-012
   65.375000000000000       1.86935128689361506E-012
   65.625000000000000       1.43977889620511055E-012
   65.875000000000000       1.10822956188802020E-012
   66.125000000000000       8.52501484536699876E-013
   66.375000000000000       6.55381909566428670E-013
   66.625000000000000       5.03535413020485498E-013
   66.875000000000000       3.86637694465913347E-013
   67.125000000000000       2.96701180683611464E-013
   67.375000000000000       2.27550366542132550E-013
   67.625000000000000       1.74413954581658870E-013
   67.875000000000000       1.33608028315307577E-013
   68.125000000000000       1.02290122283212717E-013
   68.375000000000000       7.82684635261438155E-014
   68.625000000000000       5.98541142703534076E-014
   68.875000000000000       4.57464492922647449E-014
   69.125000000000000       3.49445152958818102E-014
   69.375000000000000       2.66784709713847684E-014
   69.625000000000000       2.03565953474282980E-014
   69.875000000000000       1.55243573081494516E-014
   70.125000000000000       1.18328225227499518E-014
   70.375000000000000       9.01428401791148709E-015
   70.625000000000000       6.86347721660335640E-015
   70.875000000000000       5.22310923402182266E-015
   71.125000000000000       3.97271885011047899E-015
   71.375000000000000       3.02010607368586423E-015
   71.625000000000000       2.29474279564426367E-015
   71.875000000000000       1.74270979579371882E-015
   72.125000000000000       1.32280897334853831E-015
   72.375000000000000       1.00357985756778845E-015
   72.625000000000000       7.61011471520881272E-016
   72.875000000000000       5.76788551713680129E-016
   73.125000000000000       4.36948143039577575E-016
   73.375000000000000       3.30851157141085131E-016
   73.625000000000000       2.50395515696277779E-016
   73.875000000000000       1.89414481786593381E-016
   74.125000000000000       1.43216861824265950E-016
   74.375000000000000       1.08235827557500918E-016
   74.625000000000000       8.17608510842382883E-017
   74.875000000000000       6.17331980401701362E-017
   75.125000000000000       4.65899965629409085E-017
   75.375000000000000       3.51454098847321768E-017
   75.625000000000000       2.65001335157590877E-017
   75.875000000000000       1.99725028792596037E-017
   76.125000000000000       1.50460795053158521E-017
   76.375000000000000       1.13297955587836493E-017
   76.625000000000000       8.52766379622412602E-018
   76.875000000000000       6.41576932114411501E-018
   77.125000000000000       4.82480168335358047E-018
   77.375000000000000       3.62680006924526870E-018
   77.625000000000000       2.72510057802598484E-018
   77.875000000000000       2.04671589929317901E-018
   78.125000000000000       1.53656174689467463E-018
   78.375000000000000       1.15308467955265886E-018
   78.625000000000000       8.64952797143250866E-019
   78.875000000000000       6.48552158284954975E-019
   79.125000000000000       4.86093671785618979E-019
   79.375000000000000       3.64182295643680673E-019
   79.625000000000000       2.72736163846952260E-019
   79.875000000000000       2.04170448099138519E-019
   80.125000000000000       1.52781404382991421E-019
   80.375000000000000       1.14281719899964159E-019
   80.625000000000000       8.54501582316670952E-020
   80.875000000000000       6.38675085734739094E-020
   81.125000000000000       4.77176703766710745E-020
   81.375000000000000       3.56378738665960064E-020
   81.625000000000000       2.66059496569918931E-020
   81.875000000000000       1.98555209422359228E-020
   82.125000000000000       1.48122302762728777E-020
   82.375000000000000       1.10458048722607595E-020
   82.625000000000000       8.23404252574315163E-021
   82.875000000000000       6.13576539309594014E-021
   83.125000000000000       4.57051726426121536E-021
   83.375000000000000       3.40332945492344576E-021
   83.625000000000000       2.53329476191986555E-021
   83.875000000000000       1.88500118048237365E-021
   84.125000000000000       1.40211230632299450E-021
   84.375000000000000       1.04255846081156722E-021
   84.625000000000000       7.74935877865999790E-022
   84.875000000000000       5.75811570261564013E-022
   85.125000000000000       4.27706897109062311E-022
   85.375000000000000       3.17589528521612418E-022
   85.625000000000000       2.35746081581206491E-022
   85.875000000000000       1.74939675764798520E-022
   86.125000000000000       1.29780656641350476E-022
   86.375000000000000       9.62567446810030628E-023
   86.625000000000000       7.13823722046714575E-023
   86.875000000000000       5.29370973572966426E-023
   87.125000000000000       3.92705728735288180E-023
   87.375000000000000       2.91572332820894115E-023
   87.625000000000000       2.16881234684339679E-023
   87.875000000000000       1.61904821158485253E-023
   88.125000000000000       1.21680843901586736E-023
   88.375000000000000       9.25714142955391610E-024
   88.625000000000000       7.19390178490125505E-024
   88.875000000000000       5.79111652632638785E-024
   89.125000000000000       4.92130200377784106E-024
   89.375000000000000       4.50532830643989093E-024
   89.625000000000000       4.50532830643989093E-024
