  -10.625000000000000       3.41705671691909865E-004
  -10.375000000000000       3.41705671691909865E-004
  -10.125000000000000      -2.95099394838117877E-004
  -9.8750000000000000      -4.48368873557145986E-004
  -9.6250000000000000      -8.38964977726763334E-005
  -9.3750000000000000       2.39509569118293318E-004
  -9.1250000000000000       4.93318684922642767E-004
  -8.8750000000000000       5.35876811174419346E-005
  -8.6250000000000000      -3.64343816733218103E-004
  -8.3750000000000000      -7.01350213979202248E-006
  -8.1250000000000000       2.14820435110315297E-004
  -7.8750000000000000       1.17424671488102310E-004
  -7.6250000000000000      -8.42161358692033747E-005
  -7.3750000000000000      -2.49889797464795526E-004
  -7.1250000000000000       5.09851956811560464E-005
  -6.8750000000000000       1.84356159045286213E-004
  -6.6250000000000000      -1.89340337267426362E-004
  -6.3750000000000000      -3.02480651251211044E-004
  -6.1250000000000000      -9.42884820189420701E-005
  -5.8750000000000000       3.14405165018535589E-004
  -5.6250000000000000       4.67060749629766346E-004
  -5.3750000000000000      -8.25870079029486276E-005
  -5.1250000000000000      -6.16106831065956666E-004
  -4.8750000000000000      -3.61395004173941823E-004
  -4.6250000000000000       4.36431382452403009E-004
  -4.3750000000000000       9.01380762827682118E-004
  -4.1250000000000000       4.66284743445576121E-004
  -3.8750000000000000      -5.10909078027091445E-004
  -3.6250000000000000      -8.65362368284214051E-004
  -3.3750000000000000      -2.36250084689225708E-004
  -3.1250000000000000       3.34281567848788790E-004
  -2.8750000000000000       3.81508385915530889E-004
  -2.6250000000000000      -5.06792873618198394E-005
  -2.3750000000000000      -5.65979136612046311E-004
  -2.1250000000000000      -2.24301472159127869E-004
  -1.8750000000000000       1.93665607154534043E-004
  -1.6250000000000000       2.71639031855230428E-004
  -1.3750000000000000       3.01230227581652024E-004
  -1.1250000000000000      -4.76256005390925406E-005
 -0.87500000000000000       5.03307399854447741E-005
 -0.62500000000000000       3.11630725345286950E-004
 -0.37500000000000000       7.54184557072605846E-005
 -0.12500000000000000      -2.97434705387524892E-005
  0.12500000000000000      -1.32317191705381808E-004
  0.37500000000000000      -2.04406222566331272E-004
  0.62500000000000000      -7.13074528050648465E-005
  0.87500000000000000      -3.40422515436766620E-004
   1.1250000000000000      -3.60897889049776287E-004
   1.3750000000000000       1.15330435187320474E-004
   1.6250000000000000       2.17636118854628479E-004
   1.8750000000000000       2.39636153590897617E-004
   2.1250000000000000      -1.23608609438142245E-004
   2.3750000000000000      -4.43178687795398561E-004
   2.6250000000000000       8.97719068926879858E-005
   2.8750000000000000       5.59611553768672850E-004
   3.1250000000000000       5.72548261567324313E-004
   3.3750000000000000       5.87132679274418007E-005
   3.6250000000000000      -5.60614873066809464E-004
   3.8750000000000000      -2.79179445954214588E-004
   4.1250000000000000       5.39848790806113517E-004
   4.3750000000000000       7.73162952177734969E-004
   4.6250000000000000       1.32685507513871214E-004
   4.8750000000000000      -7.52736634168205414E-004
   5.1250000000000000      -9.90346922890959422E-004
   5.3750000000000000      -3.73946380874063842E-004
   5.6250000000000000       2.58125031136334341E-004
   5.8750000000000000       1.46978921419776255E-004
   6.1250000000000000      -2.37248026518116278E-004
   6.3750000000000000      -3.64616968631862118E-004
   6.6250000000000000      -6.21568695836444910E-005
   6.8750000000000000       5.64477812868359290E-004
   7.1250000000000000       6.02390906480559951E-004
   7.3750000000000000       2.49817031556867956E-004
   7.6250000000000000       1.49490463049467754E-004
   7.8750000000000000       7.21302975354211080E-005
   8.1250000000000000       1.14976607434608884E-004
   8.3750000000000000       8.08323405721263829E-005
   8.6250000000000000      -1.25460665566576958E-004
   8.8750000000000000       1.14781314258205664E-004
   9.1250000000000000       1.48884728537617745E-004
   9.3750000000000000      -2.70067167593704784E-004
   9.6250000000000000      -2.89110542085466550E-004
   9.8750000000000000      -2.88306715793399434E-004
   10.125000000000000      -1.77538398160361269E-004
   10.375000000000000       4.93192796224649327E-005
   10.625000000000000      -2.15734710341505809E-004
   10.875000000000000      -6.11966697539131303E-004
   11.125000000000000      -5.69140623652069863E-004
   11.375000000000000      -1.03762468321672485E-004
   11.625000000000000       3.12790386740488882E-004
   11.875000000000000       3.16259288397088487E-004
   12.125000000000000       1.07306128819651458E-004
   12.375000000000000       1.12825854352059806E-004
   12.625000000000000       4.25462206133636785E-004
   12.875000000000000       7.51591999139414454E-004
   13.125000000000000       7.89308010314142836E-004
   13.375000000000000       5.23031554392690040E-004
   13.625000000000000       1.72804746491810133E-004
   13.875000000000000      -5.18278470971191653E-005
   14.125000000000000      -1.17895326850518014E-004
   14.375000000000000      -1.38814027373333976E-004
   14.625000000000000      -2.31978658418341611E-004
   14.875000000000000      -4.11688458221170161E-004
   15.125000000000000      -5.92082357679564204E-004
   15.375000000000000      -6.69154155559212901E-004
   15.625000000000000      -6.01327103537358941E-004
   15.875000000000000      -4.30971714734107230E-004
   16.125000000000000      -2.45239254924627267E-004
   16.375000000000000      -1.15642698092974230E-004
   16.625000000000000      -5.97575324679055462E-005
   16.875000000000000      -4.38317672846863700E-005
   17.125000000000000      -1.54809263483718718E-005
   17.375000000000000       5.97393302112740469E-005
   17.625000000000000       1.80149658087961918E-004
   17.875000000000000       3.14653296065621046E-004
   18.125000000000000       4.25235841640363458E-004
   18.375000000000000       4.89296255279442942E-004
   18.625000000000000       5.09256019667157691E-004
   18.875000000000000       5.06295141396750784E-004
   19.125000000000000       5.04168102899874753E-004
   19.375000000000000       5.13273886883124737E-004
   19.625000000000000       5.23427635554091371E-004
   19.875000000000000       5.08183185688495446E-004
   20.125000000000000       4.37540103144756179E-004
   20.375000000000000       2.92332426948773555E-004
   20.625000000000000       7.36900957054710353E-005
   20.875000000000000      -1.96020910944478931E-004
   21.125000000000000      -4.80280786560262536E-004
   21.375000000000000      -7.39790426879820924E-004
   21.625000000000000      -9.43237709781551440E-004
   21.875000000000000      -1.07356276169621643E-003
   22.125000000000000      -1.12822671257750825E-003
   22.375000000000000      -1.11457795902882625E-003
   22.625000000000000      -1.04313810759902766E-003
   22.875000000000000      -9.21967259601396685E-004
   23.125000000000000      -7.54313021905488870E-004
   23.375000000000000      -5.40071502139173273E-004
   23.625000000000000      -2.79939061143384888E-004
   23.875000000000000       1.98714008366158794E-005
   24.125000000000000       3.44549580027630673E-004
   24.375000000000000       6.70676347515997574E-004
   24.625000000000000       9.69486906715428089E-004
   24.875000000000000       1.21240860622286672E-003
   25.125000000000000       1.37710652519231576E-003
   25.375000000000000       1.45215489739167593E-003
   25.625000000000000       1.43896134561958102E-003
   25.875000000000000       1.35047749073454490E-003
   26.125000000000000       1.20720887796699986E-003
   26.375000000000000       1.03178092270184586E-003
   26.625000000000000       8.43626271230539862E-004
   26.875000000000000       6.55187554463693058E-004
   27.125000000000000       4.70479856002626521E-004
   27.375000000000000       2.86128474539772137E-004
   27.625000000000000       9.43156034358777170E-005
   27.875000000000000      -1.13380936672728152E-004
   28.125000000000000      -3.42395685338258262E-004
   28.375000000000000      -5.92768078986839341E-004
   28.625000000000000      -8.58426842369185063E-004
   28.875000000000000      -1.12815729005116307E-003
   29.125000000000000      -1.38778967281706113E-003
   29.375000000000000      -1.62287096258715950E-003
   29.625000000000000      -1.82103702492430347E-003
   29.875000000000000      -1.97347319227606259E-003
   30.125000000000000      -2.07517007420611075E-003
   30.375000000000000      -2.12404871756402937E-003
   30.625000000000000      -2.11934403056602367E-003
   30.875000000000000      -2.05982076294128824E-003
   31.125000000000000      -1.94241574807514075E-003
   31.375000000000000      -1.76176191983604558E-003
   31.625000000000000      -1.51080016283622592E-003
   31.875000000000000      -1.18239352492949777E-003
   32.125000000000000      -7.71597991891331608E-004
   32.375000000000000      -2.78074744556610438E-004
   32.625000000000000       2.91915428860992413E-004
   32.875000000000000       9.24411168971060434E-004
   33.125000000000000       1.59783271760874737E-003
   33.375000000000000       2.28429491333268474E-003
   33.625000000000000       2.95195516804460430E-003
   33.875000000000000       3.56800613580354753E-003
   34.125000000000000       4.10181386091116977E-003
   34.375000000000000       4.52769488848014413E-003
   34.625000000000000       4.82691455171901842E-003
   34.875000000000000       4.98864933884206677E-003
   35.125000000000000       5.00985285762542074E-003
   35.375000000000000       4.89415766005922397E-003
   35.625000000000000       4.65009853585229144E-003
   35.875000000000000       4.28903191807717982E-003
   36.125000000000000       3.82314010483825618E-003
   36.375000000000000       3.26385224024147540E-003
   36.625000000000000       2.62090313085492146E-003
   36.875000000000000       1.90211095790624026E-003
   37.125000000000000       1.11381363010894436E-003
   37.375000000000000       2.61786357474666476E-004
   37.625000000000000      -6.47611226755202482E-004
   37.875000000000000      -1.60633198407744964E-003
   38.125000000000000      -2.60382602679465986E-003
   38.375000000000000      -3.62668521184109386E-003
   38.625000000000000      -4.65882130422604068E-003
   38.875000000000000      -5.68214683610886867E-003
   39.125000000000000      -6.67763454400053299E-003
   39.375000000000000      -7.62656506731481006E-003
   39.625000000000000      -8.51174280842994201E-003
   39.875000000000000      -9.31846921176513604E-003
   40.125000000000000      -1.00351073487066796E-002
   40.375000000000000      -1.06531423280400335E-002
   40.625000000000000      -1.11667259466229577E-002
   40.875000000000000      -1.15717772206042051E-002
   41.125000000000000      -1.18647801166551388E-002
   41.375000000000000      -1.20414659847143876E-002
   41.625000000000000      -1.20955851075110130E-002
   41.875000000000000      -1.20179583519230034E-002
   42.125000000000000      -1.17959595318036410E-002
   42.375000000000000      -1.14135187972625139E-002
   42.625000000000000      -1.08516665179293585E-002
   42.875000000000000      -1.00895659373840853E-002
   43.125000000000000      -9.10592091987733575E-003
   43.375000000000000      -7.88060008127023509E-003
   43.625000000000000      -6.39629542086971124E-003
   43.875000000000000      -4.64003398307777024E-003
   44.125000000000000      -2.60438365163384675E-003
   44.375000000000000      -2.88234773035733792E-004
   44.625000000000000       2.30290818433002455E-003
   44.875000000000000       5.15713343638822541E-003
   45.125000000000000       8.25678076887144050E-003
   45.375000000000000       1.15794599874171275E-002
   45.625000000000000       1.50993038625248932E-002
   45.875000000000000       1.87883143482009199E-002
   46.125000000000000       2.26176617838202212E-002
   46.375000000000000       2.65588134359215702E-002
   46.625000000000000       3.05843970282777822E-002
   46.875000000000000       3.46687425713957595E-002
   47.125000000000000       3.87880869573936360E-002
   47.375000000000000       4.29204655547712477E-002
   47.625000000000000       4.70453490915262451E-002
   47.875000000000000       5.11431091088414697E-002
   48.125000000000000       5.51944091214889784E-002
   48.375000000000000       5.91796206367150510E-002
   48.625000000000000       6.30783539980037250E-002
   48.875000000000000       6.68691754213020656E-002
   49.125000000000000       7.05295562264537379E-002
   49.375000000000000       7.40360712898972817E-002
   49.625000000000000       7.73648344446913883E-002
   49.875000000000000       8.04921320031062731E-002
   50.125000000000000       8.33951943368033688E-002
   50.375000000000000       8.60530313556427950E-002
   50.625000000000000       8.84472517663505153E-002
   50.875000000000000       9.05627882809435514E-002
   51.125000000000000       9.23884607846867933E-002
   51.375000000000000       9.39173254905720650E-002
   51.625000000000000       9.51467784386235693E-002
   51.875000000000000       9.60784042070579741E-002
   52.125000000000000       9.67175831997452717E-002
   52.375000000000000       9.70728913251852898E-002
   52.625000000000000       9.71553425764064005E-002
   52.875000000000000       9.69775367011169454E-002
   53.125000000000000       9.65527800855061624E-002
   53.375000000000000       9.58942479789760688E-002
   53.625000000000000       9.50142505944580884E-002
   53.875000000000000       9.39236552106999245E-002
   54.125000000000000       9.26315023043021296E-002
   54.375000000000000       9.11448372984867555E-002
   54.625000000000000       8.94687621741086514E-002
   54.875000000000000       8.76066943569402956E-002
   55.125000000000000       8.55608052430024135E-002
   55.375000000000000       8.33325984900042255E-002
   55.625000000000000       8.09235795354059373E-002
   55.875000000000000       7.83359631228674608E-002
   56.125000000000000       7.55733650220094672E-002
   56.375000000000000       7.26414273959188062E-002
   56.625000000000000       6.95483339249341470E-002
   56.875000000000000       6.63051801441756905E-002
   57.125000000000000       6.29261756663909988E-002
   57.375000000000000       5.94286671430234031E-002
   57.625000000000000       5.58329830684816189E-002
   57.875000000000000       5.21621130231829100E-002
   58.125000000000000       4.84412439639598236E-002
   58.375000000000000       4.46971841451962934E-002
   58.625000000000000       4.09577108090569131E-002
   58.875000000000000       3.72508807261844738E-002
   59.125000000000000       3.36043429918003872E-002
   59.375000000000000       3.00446913477949024E-002
   59.625000000000000       2.65968890138176192E-002
   59.875000000000000       2.32837929851649611E-002
   60.125000000000000       2.01257974824056787E-002
   60.375000000000000       1.71406082443152086E-002
   60.625000000000000       1.43431511699777022E-002
   60.875000000000000       1.17456109347362295E-002
   61.125000000000000       9.35758806641174765E-003
   61.375000000000000       7.18635693199202660E-003
   61.625000000000000       5.23720241670880791E-003
   61.875000000000000       3.51380994289551222E-003
   62.125000000000000       2.01868194072287420E-003
   62.375000000000000       7.53553917518967392E-004
   62.625000000000000      -2.80215236664369904E-004
   62.875000000000000      -1.08130130590830455E-003
   63.125000000000000      -1.64813996697176597E-003
   63.375000000000000      -1.97873340613975148E-003
   63.625000000000000      -2.07054753500229101E-003
   63.875000000000000      -1.92050378687223518E-003
   64.125000000000000      -1.52506434927018614E-003
   64.375000000000000      -8.80404902139022985E-004
   64.625000000000000       1.73353035870739327E-005
   64.875000000000000       1.17173971122696424E-003
   65.125000000000000       2.58575343731119039E-003
   65.375000000000000       4.26129311961978823E-003
   65.625000000000000       6.19884665587481891E-003
   65.875000000000000       8.39708182698126193E-003
   66.125000000000000       1.08524819412868234E-002
   66.375000000000000       1.35590250454350643E-002
   66.625000000000000       1.65079210435996673E-002
   66.875000000000000       1.96874183873773992E-002
   67.125000000000000       2.30826889892187526E-002
   67.375000000000000       2.66757968201645559E-002
   67.625000000000000       3.04457524197976545E-002
   67.875000000000000       3.43686524038213925E-002
   68.125000000000000       3.84179001182851365E-002
   68.375000000000000       4.25645009563408588E-002
   68.625000000000000       4.67774235998251534E-002
   68.875000000000000       5.10240166285345492E-002
   69.125000000000000       5.52704685876140231E-002
   69.375000000000000       5.94822987301610595E-002
   69.625000000000000       6.36248652509637247E-002
   69.875000000000000       6.76638778745849989E-002
   70.125000000000000       7.15659021189771899E-002
   70.375000000000000       7.52988433755958919E-002
   70.625000000000000       7.88324000716375539E-002
   70.875000000000000       8.21384765474617584E-002
   71.125000000000000       8.51915478282274929E-002
   71.375000000000000       8.79689701292268728E-002
   71.625000000000000       9.04512326479457174E-002
   71.875000000000000       9.26221479055092944E-002
   72.125000000000000       9.44689795548429578E-002
   72.375000000000000       9.59825081285169135E-002
   72.625000000000000       9.71570366195502189E-002
   72.875000000000000       9.79903390450743705E-002
   73.125000000000000       9.84835562155040312E-002
   73.375000000000000       9.86410438082072349E-002
   73.625000000000000       9.84701785194324331E-002
   73.875000000000000       9.79811285427484441E-002
   74.125000000000000       9.71865949036318233E-002
   74.375000000000000       9.61015302799471394E-002
   74.625000000000000       9.47428418727743749E-002
   74.875000000000000       9.31290846799924521E-002
   75.125000000000000       9.12801511869556631E-002
   75.375000000000000       8.92169630463223173E-002
   75.625000000000000       8.69611697947280798E-002
   75.875000000000000       8.45348590693747737E-002
   76.125000000000000       8.19602821635256884E-002
   76.375000000000000       7.92595981157999951E-002
   76.625000000000000       7.64546388816340627E-002
   76.875000000000000       7.35666975018920422E-002
   77.125000000000000       7.06163405766480484E-002
   77.375000000000000       6.76232457826707462E-002
   77.625000000000000       6.46060646497922525E-002
   77.875000000000000       6.15823103406144892E-002
   78.125000000000000       5.85682697642494893E-002
   78.375000000000000       5.55789390004175904E-002
   78.625000000000000       5.26279807158903032E-002
   78.875000000000000       4.97277020201155120E-002
   79.125000000000000       4.68890510287356121E-002
   79.375000000000000       4.41216302793834003E-002
   79.625000000000000       4.14337250695743439E-002
   79.875000000000000       3.88323447570345370E-002
   80.125000000000000       3.63232750733388302E-002
   80.375000000000000       3.39111395469773175E-002
   80.625000000000000       3.15994682065547303E-002
   80.875000000000000       2.93907718334607340E-002
   81.125000000000000       2.72866201509287601E-002
   81.375000000000000       2.52877224681147435E-002
   81.625000000000000       2.33940094392192967E-002
   81.875000000000000       2.16047147447049302E-002
   82.125000000000000       1.99184556507323342E-002
   82.375000000000000       1.83333115509185345E-002
   82.625000000000000       1.68468997387490188E-002
   82.875000000000000       1.54564477972387836E-002
   83.125000000000000       1.41588621229791489E-002
   83.375000000000000       1.29507922231608293E-002
   83.625000000000000       1.18286905355652321E-002
   83.875000000000000       1.07888676222263561E-002
   84.125000000000000       9.82754267716196873E-003
   84.375000000000000       8.94088936718799229E-003
   84.625000000000000       8.12507709252615826E-003
   84.875000000000000       7.37630781103423665E-003
   85.125000000000000       6.69084861692252272E-003
   85.375000000000000       6.06506030237339948E-003
   85.625000000000000       5.49542215923728983E-003
   85.875000000000000       4.97855329867502236E-003
   86.125000000000000       4.51123078001810368E-003
   86.375000000000000       4.09040484699459053E-003
   86.625000000000000       3.71321157057665201E-003
   86.875000000000000       3.37698319377661635E-003
   87.125000000000000       3.07925646544217335E-003
   87.375000000000000       2.81777923812152713E-003
   87.625000000000000       2.59051558997357070E-003
   87.875000000000000       2.39564971301751972E-003
   88.125000000000000       2.23158879022121448E-003
   88.375000000000000       2.09696506242849608E-003
   88.625000000000000       1.99063726327736038E-003
   88.875000000000000       1.91169157636078123E-003
   89.125000000000000       1.85944224418072511E-003
   89.375000000000000       1.83343193314741714E-003
   89.625000000000000       1.83343193314741714E-003
