  -10.500000000000000        0.0000000000000000     
  -10.250000000000000      -3.30718373876322594E-003
  -10.000000000000000      -6.68519841220986330E-003
  -9.7500000000000000      -1.01442949395870487E-002
  -9.5000000000000000      -1.36640714993670007E-002
  -9.2500000000000000      -1.71410660472238567E-002
  -9.0000000000000000      -2.07425443611963037E-002
  -8.7500000000000000      -2.43946480636719129E-002
  -8.5000000000000000      -2.80244806382479034E-002
  -8.2500000000000000      -3.15789315788156874E-002
  -8.0000000000000000      -3.49628354949545542E-002
  -7.7500000000000000      -3.82112907908425115E-002
  -7.5000000000000000      -4.13591348912105486E-002
  -7.2500000000000000      -4.43122970610493397E-002
  -7.0000000000000000      -4.70261039020087451E-002
  -6.7500000000000000      -4.94546210845837261E-002
  -6.5000000000000000      -5.15528500451168659E-002
  -6.2500000000000000      -5.34138670027476045E-002
  -6.0000000000000000      -5.49663330974628078E-002
  -5.7500000000000000      -5.61827559893345457E-002
  -5.5000000000000000      -5.70521563025713010E-002
  -5.2500000000000000      -5.75606057063308765E-002
  -5.0000000000000000      -5.77280745658653241E-002
  -4.7500000000000000      -5.75442849696361988E-002
  -4.5000000000000000      -5.70020692898283859E-002
  -4.2500000000000000      -5.61090086771252883E-002
  -4.0000000000000000      -5.48965450096107963E-002
  -3.7500000000000000      -5.33465021603575645E-002
  -3.5000000000000000      -5.14387820532586706E-002
  -3.2500000000000000      -4.92035093045716659E-002
  -3.0000000000000000      -4.66617675155358777E-002
  -2.7500000000000000      -4.38613674934737324E-002
  -2.5000000000000000      -4.08555113026545930E-002
  -2.2500000000000000      -3.75112871782609519E-002
  -2.0000000000000000      -3.39155182530797294E-002
  -1.7500000000000000      -3.01064223200779510E-002
  -1.5000000000000000      -2.61319575658647690E-002
  -1.2500000000000000      -2.21130133601794635E-002
  -1.0000000000000000      -1.78690734810337711E-002
 -0.75000000000000000      -1.34712841280777429E-002
 -0.50000000000000000      -8.98671489978474479E-003
 -0.25000000000000000      -4.46278771749787986E-003
   0.0000000000000000       5.96501435268245863E-009
  0.25000000000000000       4.46280047261321620E-003
  0.50000000000000000       8.98673024132773911E-003
  0.75000000000000000       1.34713041653814446E-002
   1.0000000000000000       1.78691009535214204E-002
   1.2500000000000000       2.21130520011555698E-002
   1.5000000000000000       2.61320125945386193E-002
   1.7500000000000000       3.01065011241395848E-002
   2.0000000000000000       3.39156313474059529E-002
   2.2500000000000000       3.75114495587060212E-002
   2.5000000000000000       4.08557443611148666E-002
   2.7500000000000000       4.38617017267117423E-002
   3.0000000000000000       4.66622463527710113E-002
   3.2500000000000000       4.92041945073829409E-002
   3.5000000000000000       5.14397613191840825E-002
   3.7500000000000000       5.33478998066092489E-002
   4.0000000000000000       5.48985369494905812E-002
   4.2500000000000000       5.61118433607593545E-002
   4.5000000000000000       5.70060969044316260E-002
   4.7500000000000000       5.75499980368024411E-002
   5.0000000000000000       5.77361642037029985E-002
   5.2500000000000000       5.75720393299468669E-002
   5.5000000000000000       5.70682845250417015E-002
   5.7500000000000000       5.62054590856477104E-002
   6.0000000000000000       5.49982207538514817E-002
   6.2500000000000000       5.34585493527316366E-002
   6.5000000000000000       5.16153033450686000E-002
   6.7500000000000000       4.95416779200564053E-002
   7.0000000000000000       4.71471055568818409E-002
   7.2500000000000000       4.44799544405414388E-002
   7.5000000000000000       4.15906536192219359E-002
   7.7500000000000000       3.85298246316358173E-002
   8.0000000000000000       3.53993378869801242E-002
   8.2500000000000000       3.21744739994698770E-002
   8.5000000000000000       2.88330924165965084E-002
   8.7500000000000000       2.54866950051857548E-002
   9.0000000000000000       2.22085874257363855E-002
   9.2500000000000000       1.90960025297156021E-002
   9.5000000000000000       1.62511245317634966E-002
   9.7500000000000000       1.35380319527199696E-002
   10.000000000000000       1.10921542851883399E-002
   10.250000000000000       8.96174289993193797E-003
   10.500000000000000       7.15182720423031791E-003
   10.750000000000000       5.65537466348051653E-003
   11.000000000000000       4.41462640107880694E-003
   11.250000000000000       3.40428697001770707E-003
   11.500000000000000       2.59817354450153594E-003
   11.750000000000000       1.96538746133104701E-003
   12.000000000000000       1.47524585985697623E-003
   12.250000000000000       1.09981420008258501E-003
   12.500000000000000       8.14973266117197917E-004
   12.750000000000000       6.00636249070443402E-004
   13.000000000000000       4.40509721636355334E-004
   13.250000000000000       3.21641746357793879E-004
   13.500000000000000       2.33900782789978312E-004
   13.750000000000000       1.69465003137037604E-004
   14.000000000000000       1.22361701996506582E-004
   14.250000000000000       8.80725610632642820E-005
   14.500000000000000       6.32069448502593160E-005
   14.750000000000000       4.52383119067137167E-005
   15.000000000000000       3.22956717866595530E-005
   15.250000000000000       2.30011427506633057E-005
   15.500000000000000       1.63450208229332691E-005
   15.750000000000000       1.15907156032167953E-005
   16.000000000000000       8.20306489622733941E-006
   16.250000000000000       5.79469959565469134E-006
   16.500000000000000       4.08618694478126085E-006
   16.750000000000000       2.87659067512062243E-006
   17.000000000000000       2.02184195981873031E-006
   17.250000000000000       1.41892528103590869E-006
   17.500000000000000       9.94366151001980671E-007
   17.750000000000000       6.95883600209364301E-007
   18.000000000000000       4.86359299722316842E-007
   18.250000000000000       3.39494858481541484E-007
   18.500000000000000       2.36694312504730689E-007
   18.750000000000000       1.64832491557251287E-007
   19.000000000000000       1.14661739202889965E-007
   19.250000000000000       7.96771803249186859E-008
   19.500000000000000       5.53104212753641664E-008
   19.750000000000000       3.83578555616885993E-008
   20.000000000000000       2.65761328891417360E-008
   20.250000000000000       1.83964584364135513E-008
   20.500000000000000       1.27231791312795735E-008
   20.750000000000000       8.79203227132331637E-009
   21.000000000000000       6.07054426704926333E-009
   21.250000000000000       4.18815316321178089E-009
   21.500000000000000       2.88725586909045352E-009
   21.750000000000000       1.98896173935458366E-009
   22.000000000000000       1.36916609063426172E-009
   22.250000000000000       9.41854898844844880E-010
   22.500000000000000       6.47469286884781027E-010
   22.750000000000000       4.44805713010041857E-010
   23.000000000000000       3.05383701394223857E-010
   23.250000000000000       2.09533556556098853E-010
   23.500000000000000       1.43681583795637894E-010
   23.750000000000000       9.84681194957728490E-011
   24.000000000000000       6.74441218622424426E-011
   24.250000000000000       4.61692795625281414E-011
   24.500000000000000       3.15884963785666151E-011
   24.750000000000000       2.16011930644776452E-011
   25.000000000000000       1.47640418774997370E-011
   25.250000000000000       1.00859572914924232E-011
   25.500000000000000       6.88681896600925250E-012
   25.750000000000000       4.70018598255580748E-012
   26.000000000000000       3.20635203119077391E-012
   26.250000000000000       2.18631083175614374E-012
   26.500000000000000       1.49012168924848602E-012
   26.750000000000000       1.01518479232163383E-012
   27.000000000000000       6.91331361505877662E-013
   27.250000000000000       4.70597157018692732E-013
   27.500000000000000       3.20212422588557874E-013
   27.750000000000000       2.17799411802062981E-013
   28.000000000000000       1.48084143697210266E-013
   28.250000000000000       1.00646180515435997E-013
   28.500000000000000       6.83795685996383893E-014
   28.750000000000000       4.64407316450555663E-014
   29.000000000000000       3.15296099772438683E-014
   29.250000000000000       2.13987349087517109E-014
   29.500000000000000       1.45181259467586548E-014
   29.750000000000000       9.84665886464114870E-015
   30.000000000000000       6.67614737962043554E-015
   30.250000000000000       4.52506019922058193E-015
   30.500000000000000       3.06610397109941803E-015
   30.750000000000000       2.07690213291955320E-015
   31.000000000000000       1.40641767635481546E-015
   31.250000000000000       9.52103465522451530E-016
   31.500000000000000       6.44358953960731050E-016
   31.750000000000000       4.35961120215839230E-016
   32.000000000000000       2.94880486731478968E-016
   32.250000000000000       1.99399856935082824E-016
   32.500000000000000       1.34798876451071348E-016
   32.750000000000000       9.11029324065747157E-017
   33.000000000000000       6.15552457517922589E-017
   33.250000000000000       4.15801770464655687E-017
   33.500000000000000       2.80800592846535602E-017
   33.750000000000000       1.89584116172685421E-017
   34.000000000000000       1.27967560250037440E-017
   34.250000000000000       8.63562095612661739E-018
   34.500000000000000       5.82619040979065539E-018
   34.750000000000000       3.92983969786275597E-018
   35.000000000000000       2.65012068735962173E-018
   35.250000000000000       1.78672897754417569E-018
   35.500000000000000       1.20435754823314463E-018
   35.750000000000000       8.11628719638421825E-019
   36.000000000000000       5.46847242898951847E-019
   36.250000000000000       3.68368689942620620E-019
   36.500000000000000       2.48089754603603405E-019
   36.750000000000000       1.67049711142194954E-019
   37.000000000000000       1.12459129807361883E-019
   37.250000000000000       7.56932370779970224E-020
   37.500000000000000       5.09370816274656780E-020
   37.750000000000000       3.42710082604785567E-020
   38.000000000000000       2.30534931329353437E-020
   38.250000000000000       1.55047512037323670E-020
   38.500000000000000       1.04258676310204278E-020
   38.750000000000000       7.00938751421455465E-021
   39.000000000000000       4.71161162066996283E-021
   39.250000000000000       3.16651474428496431E-021
   39.500000000000000       2.12773337323619926E-021
   39.750000000000000       1.42947833762601860E-021
   40.000000000000000       9.60204270290144940E-022
   40.250000000000000       6.44876198375182570E-022
   40.500000000000000       4.33028699843002122E-022
   40.750000000000000       2.90727136304662716E-022
   41.000000000000000       1.95156910788140760E-022
   41.250000000000000       1.30982318691988173E-022
   41.500000000000000       8.78967201855826804E-023
   41.750000000000000       5.89745703946878686E-023
   42.000000000000000       3.95630594473519701E-023
   42.250000000000000       2.65368119993638669E-023
   42.500000000000000       1.77968129714560243E-023
   42.750000000000000       1.19335905327829990E-023
   43.000000000000000       8.00085163057508538E-024
   43.250000000000000       5.36337615894334457E-024
   43.500000000000000       3.59482708523849269E-024
   43.750000000000000       2.40910760623748688E-024
   44.000000000000000       1.61426028370671172E-024
   44.250000000000000       1.08151065979978389E-024
   44.500000000000000       7.24483708069883203E-025
   44.750000000000000       4.85252413123979240E-025
   45.000000000000000       3.24974075054123488E-025
   45.250000000000000       2.17606728922586299E-025
   45.500000000000000       1.45693160393313629E-025
   45.750000000000000       9.75326181753908261E-026
   46.000000000000000       6.52837511101817839E-026
   46.250000000000000       4.36923527055242457E-026
   46.500000000000000       2.92382568145711724E-026
   46.750000000000000       1.95633772222749818E-026
   47.000000000000000       1.30882948628739092E-026
   47.250000000000000       8.75527461059312466E-027
   47.500000000000000       5.85604622633408406E-027
   47.750000000000000       3.91640678743916367E-027
   48.000000000000000       2.61890780526558128E-027
   48.250000000000000       1.75106503548764848E-027
   48.500000000000000       1.17067007849633202E-027
   48.750000000000000       7.82559651020888981E-028
   49.000000000000000       5.23060090393988914E-028
   49.250000000000000       3.49572624849207816E-028
   49.500000000000000       2.33601397129788357E-028
   49.750000000000000       1.56086782582953968E-028
   50.000000000000000       1.04282148179723598E-028
   50.250000000000000       6.96638423415267503E-029
   50.500000000000000       4.65327753092302912E-029
   50.750000000000000       3.10788553299949838E-029
   51.000000000000000       2.07551582141311846E-029
   51.250000000000000       1.38593382620583612E-029
   51.500000000000000       9.25368657662268935E-030
   51.750000000000000       6.17793517744270251E-030
   52.000000000000000       4.12409439629603746E-030
   52.250000000000000       2.75277647793863817E-030
   52.500000000000000       1.83726079281629316E-030
   52.750000000000000       1.22610756811930003E-030
   53.000000000000000       8.18172051507990882E-031
   53.250000000000000       5.45907921355308213E-031
   53.500000000000000       3.64211138636642860E-031
   53.750000000000000       2.42966556830281414E-031
   54.000000000000000       1.62068866169588721E-031
   54.250000000000000       1.08096808844273421E-031
   54.500000000000000       7.20919375332447879E-032
   54.750000000000000       4.80752357354013831E-032
   55.000000000000000       3.20565955218266423E-032
   55.250000000000000       2.13734666449919943E-032
   55.500000000000000       1.42493309538283786E-032
   55.750000000000000       9.49896417788096465E-033
   56.000000000000000       6.33170434540593303E-033
   56.250000000000000       4.22015043563767415E-033
   56.500000000000000       2.81253856509184586E-033
   56.750000000000000       1.87427194879583665E-033
   57.000000000000000       1.24890844669327835E-033
   57.250000000000000       8.32133079837970264E-034
   57.500000000000000       5.54395200138965537E-034
   57.750000000000000       3.69326888233467322E-034
   58.000000000000000       2.46018337170750721E-034
   58.250000000000000       1.63866210011840081E-034
   58.500000000000000       1.09138255160270577E-034
   58.750000000000000       7.26826166719804306E-035
   59.000000000000000       4.84005540640492559E-035
   59.250000000000000       3.22282423254906154E-035
   59.500000000000000       2.14580221325165049E-035
   59.750000000000000       1.42859724463203014E-035
   60.000000000000000       9.51036629637430751E-036
   60.250000000000000       6.33070767412230072E-036
   60.500000000000000       4.21381160306056242E-036
   60.750000000000000       2.80456857899262381E-036
   61.000000000000000       1.86648868328605596E-036
   61.250000000000000       1.24209054297388405E-036
   61.500000000000000       8.26513578201693646E-037
   61.750000000000000       5.49940642765735024E-037
   62.000000000000000       3.65890360630221212E-037
   62.250000000000000       2.43419678027831492E-037
   62.500000000000000       1.61931074515720673E-037
   62.750000000000000       1.07714641859354618E-037
   63.000000000000000       7.16456033784636465E-038
   63.250000000000000       4.76513085996488674E-038
   63.500000000000000       3.16906266111581059E-038
   63.750000000000000       2.10745227845912958E-038
   64.000000000000000       1.40137968514199353E-038
   64.250000000000000       9.31805450977437782E-039
   64.500000000000000       6.19535574641602708E-039
   64.750000000000000       4.11887901252416666E-039
   65.000000000000000       2.73819146353803909E-039
   65.250000000000000       1.82020702116050205E-039
   65.500000000000000       1.20990189560952682E-039
   65.750000000000000       8.04177889578896638E-040
   66.000000000000000       5.34474385413665191E-040
   66.250000000000000       3.55201390997488571E-040
   66.500000000000000       2.36045434877287441E-040
   66.750000000000000       1.56851953180350294E-040
   67.000000000000000       1.04221620939361451E-040
   67.250000000000000       6.92467618429294706E-041
   67.500000000000000       4.60060613458573803E-041
   67.750000000000000       3.05636178079196884E-041
   68.000000000000000       2.03033998892746603E-041
   68.250000000000000       1.34867484521218756E-041
   68.500000000000000       8.95819276971007882E-042
   68.750000000000000       5.94988240468164133E-042
   69.000000000000000       3.95158534271163122E-042
   69.250000000000000       2.62427610107619658E-042
   69.500000000000000       1.74270159989871549E-042
   69.750000000000000       1.15720965006590104E-042
   70.000000000000000       7.68381218538633063E-043
   70.250000000000000       5.10172771852553223E-043
   70.500000000000000       3.38714520460103250E-043
   70.750000000000000       2.24867409432716737E-043
   71.000000000000000       1.49277907920842345E-043
   71.250000000000000       9.90925584563985984E-044
   71.500000000000000       6.57753513304841015E-044
   71.750000000000000       4.36578252559450088E-044
   72.000000000000000       2.89759683493972329E-044
   72.250000000000000       1.92305146825810390E-044
   72.500000000000000       1.27620691799320548E-044
   72.750000000000000       8.46893239104605633E-045
   73.000000000000000       5.61970822244979485E-045
   73.250000000000000       3.72886399450843388E-045
   73.500000000000000       2.47409935577529355E-045
   73.750000000000000       1.64148034624792700E-045
   74.000000000000000       1.08901117435733396E-045
   74.250000000000000       7.22449044689555388E-046
   74.500000000000000       4.79248187731387269E-046
   74.750000000000000       3.17901257669033950E-046
   75.000000000000000       2.10864104396809665E-046
   75.250000000000000       1.39859458011184673E-046
   75.500000000000000       9.27598277162690002E-047
   75.750000000000000       6.15186877760338076E-047
   76.000000000000000       4.07974819859230826E-047
   76.250000000000000       2.70544649538792316E-047
   76.500000000000000       1.79400628427320626E-047
   76.750000000000000       1.18956592707806681E-047
   77.000000000000000       7.88737958060439210E-048
   77.250000000000000       5.22945896778125737E-048
   77.500000000000000       3.46705468330503267E-048
   77.750000000000000       2.29850079121704289E-048
   78.000000000000000       1.52373266265440726E-048
   78.250000000000000       1.01007394452209068E-048
   78.500000000000000       6.69542189478597797E-049
   78.750000000000000       4.43795845579348549E-049
   79.000000000000000       2.94150191845787870E-049
   79.250000000000000       1.94955625978141138E-049
   79.500000000000000       1.29206170433358573E-049
   79.750000000000000       8.56271903193316394E-050
   80.000000000000000       5.67441638284385577E-050
   80.250000000000000       3.76020813680198569E-050
   80.500000000000000       2.49163174097823912E-050
   80.750000000000000       1.65096253422490622E-050
   81.000000000000000       1.09388604157745629E-050
   81.250000000000000       7.24750541723582547E-051
   81.500000000000000       4.80160827482995936E-051
   81.750000000000000       3.18102233060912054E-051
   82.000000000000000       2.10731095703898557E-051
   82.250000000000000       1.39595863866301264E-051
   82.500000000000000       9.24695181685707305E-052
   82.750000000000000       6.12501077892163657E-052
   83.000000000000000       4.05692928394086222E-052
   83.250000000000000       2.68701712072595653E-052
   83.500000000000000       1.77961452772856293E-052
   83.750000000000000       1.17859354993390673E-052
   84.000000000000000       7.80521518831486507E-053
   84.250000000000000       5.16878535822898500E-053
   84.500000000000000       3.42274858181840549E-053
   84.750000000000000       2.26644125276009893E-053
   85.000000000000000       1.50071065073558397E-053
   85.250000000000000       9.93647911730317239E-054
   85.500000000000000       6.57886681474195026E-054
   85.750000000000000       4.35564468023908120E-054
   86.000000000000000       2.88360605159021263E-054
   86.250000000000000       1.90897375858398034E-054
   86.500000000000000       1.26369070990998745E-054
   86.750000000000000       8.36468846338146201E-055
   87.000000000000000       5.53613912261904197E-055
   87.250000000000000       3.66325279923344563E-055
   87.500000000000000       2.42284221179163119E-055
   87.750000000000000       1.60082081967388222E-055
   88.000000000000000       1.05528671672443568E-055
   88.250000000000000       6.92049013115848160E-056
   88.500000000000000       4.48379721119139269E-056
   88.750000000000000       2.82190917949407834E-056
   89.000000000000000       1.64771581776138596E-056
   89.250000000000000       7.58318389098896592E-057
   89.500000000000000        0.0000000000000000     
