  -10.500000000000000        0.0000000000000000     
  -10.250000000000000      -1.78757025426582155E-004
  -10.000000000000000      -1.48434698273794332E-004
  -9.7500000000000000      -9.44974219904270041E-006
  -9.5000000000000000      -3.66675789984378174E-005
  -9.2500000000000000      -4.71640815956174810E-005
  -9.0000000000000000      -2.62832409025682417E-004
  -8.7500000000000000      -2.82605088220298643E-004
  -8.5000000000000000      -1.35328502097300791E-004
  -8.2500000000000000      -1.48373628969060087E-004
  -8.0000000000000000      -2.32578770273018839E-004
  -7.7500000000000000      -2.98651822387711028E-004
  -7.5000000000000000      -2.65422747434788399E-004
  -7.2500000000000000      -3.70876539823012481E-005
  -7.0000000000000000       8.52397515558355520E-005
  -6.7500000000000000       1.54976990263439745E-006
  -6.5000000000000000      -2.38197560708970488E-005
  -6.2500000000000000      -1.94563858346126164E-005
  -6.0000000000000000       2.21082287955370318E-004
  -5.7500000000000000       5.38126568077186627E-004
  -5.5000000000000000       7.20872558641015506E-004
  -5.2500000000000000       7.57025424558172401E-004
  -5.0000000000000000       6.49066934659155203E-004
  -4.7500000000000000       4.86996729144555075E-004
  -4.5000000000000000       3.62897858896478129E-004
  -4.2500000000000000       3.31173633417591363E-004
  -4.0000000000000000       3.00294319026035131E-004
  -3.7500000000000000       1.87186084079617502E-004
  -3.5000000000000000      -8.77132260866215433E-005
  -3.2500000000000000      -5.09937029582750224E-004
  -3.0000000000000000      -7.91036149627353429E-004
  -2.7500000000000000      -8.43921883279876621E-004
  -2.5000000000000000      -9.57509418446445297E-004
  -2.2500000000000000      -1.05934066230050261E-003
  -2.0000000000000000      -1.38152483726222794E-003
  -1.7500000000000000      -1.54267116243494442E-003
  -1.5000000000000000      -1.21689885691833827E-003
  -1.2500000000000000      -8.31141416027329099E-004
  -1.0000000000000000      -3.60191717896274377E-004
 -0.75000000000000000      -2.46306606097677861E-004
 -0.50000000000000000      -3.00219913666890524E-004
 -0.25000000000000000      -1.80154717024144293E-005
   0.0000000000000000       4.80369842063557901E-004
  0.25000000000000000       9.73630979464711228E-004
  0.50000000000000000       1.24380162627136951E-003
  0.75000000000000000       1.17998034984491558E-003
   1.0000000000000000       1.29809234605429485E-003
   1.2500000000000000       1.79853752602460127E-003
   1.5000000000000000       2.24523949253564985E-003
   1.7500000000000000       2.66132258678129265E-003
   2.0000000000000000       2.60784865601984116E-003
   2.2500000000000000       2.38932133431302802E-003
   2.5000000000000000       2.35920535866752717E-003
   2.7500000000000000       2.25552065706411623E-003
   3.0000000000000000       2.12430176247201162E-003
   3.2500000000000000       1.65854804701320749E-003
   3.5000000000000000       9.38721385153174544E-004
   3.7500000000000000       2.58569294765377739E-004
   4.0000000000000000      -3.52589431100933754E-004
   4.2500000000000000      -9.54451385445708811E-004
   4.5000000000000000      -1.61049592506484415E-003
   4.7500000000000000      -2.39714772830255810E-003
   5.0000000000000000      -3.25093098483624464E-003
   5.2500000000000000      -4.07482249273217328E-003
   5.5000000000000000      -4.77320818615060028E-003
   5.7500000000000000      -5.33149693645399662E-003
   6.0000000000000000      -5.73927660524209838E-003
   6.2500000000000000      -6.17418354430526468E-003
   6.5000000000000000      -6.75764957178472819E-003
   6.7500000000000000      -7.24905905771873211E-003
   7.0000000000000000      -7.65566233198312646E-003
   7.2500000000000000      -7.70767750997952781E-003
   7.5000000000000000      -7.50907914698696784E-003
   7.7500000000000000      -7.35928024161793936E-003
   8.0000000000000000      -7.13902733208270947E-003
   8.2500000000000000      -6.71717505615816116E-003
   8.5000000000000000      -5.94450053851706527E-003
   8.7500000000000000      -4.69730664774834286E-003
   9.0000000000000000      -3.32585731298472168E-003
   9.2500000000000000      -1.93350046958047335E-003
   9.5000000000000000      -1.83056373532742515E-004
   9.7500000000000000       1.73212519405166335E-003
   10.000000000000000       4.11726872851408531E-003
   10.250000000000000       6.75968742422684930E-003
   10.500000000000000       9.40161940806138845E-003
   10.750000000000000       1.21148493301927208E-002
   11.000000000000000       1.50073878231660185E-002
   11.250000000000000       1.81754431693508696E-002
   11.500000000000000       2.15396623265328158E-002
   11.750000000000000       2.49549132176318557E-002
   12.000000000000000       2.83629857004488728E-002
   12.250000000000000       3.18071546277084380E-002
   12.500000000000000       3.53555375167402125E-002
   12.750000000000000       3.90333722615586604E-002
   13.000000000000000       4.28104004110548136E-002
   13.250000000000000       4.66301878030667624E-002
   13.500000000000000       5.04462267499194081E-002
   13.750000000000000       5.42396926227305884E-002
   14.000000000000000       5.80142622598547736E-002
   14.250000000000000       6.17780561946040044E-002
   14.500000000000000       6.55263043224537794E-002
   14.750000000000000       6.92336123459723757E-002
   15.000000000000000       7.28573153980077853E-002
   15.250000000000000       7.63477971096115371E-002
   15.500000000000000       7.96596805099530902E-002
   15.750000000000000       8.27590488179265060E-002
   16.000000000000000       8.56247502814160844E-002
   16.250000000000000       8.82447115891136363E-002
   16.500000000000000       9.06099308094946293E-002
   16.750000000000000       9.27091117373736173E-002
   17.000000000000000       9.45260272341299224E-002
   17.250000000000000       9.60402703382492867E-002
   17.500000000000000       9.72306973393024798E-002
   17.750000000000000       9.80800243201185445E-002
   18.000000000000000       9.85788699327450058E-002
   18.250000000000000       9.87279531253954651E-002
   18.500000000000000       9.85379066944137016E-002
   18.750000000000000       9.80269614996884253E-002
   19.000000000000000       9.72173482655225296E-002
   19.250000000000000       9.61315189208302445E-002
   19.500000000000000       9.47891943517128049E-002
   19.750000000000000       9.32058864465801773E-002
   20.000000000000000       9.13930607764563141E-002
   20.250000000000000       8.93596500516287973E-002
   20.500000000000000       8.71143123870545544E-002
   20.750000000000000       8.46677113114479574E-002
   21.000000000000000       8.20341754300855236E-002
   21.250000000000000       7.92323253606410094E-002
   21.500000000000000       7.62845570283004065E-002
   21.750000000000000       7.32155621548986474E-002
   22.000000000000000       7.00502824668615132E-002
   22.250000000000000       6.68117949706435454E-002
   22.500000000000000       6.35196042176515013E-002
   22.750000000000000       6.01886941249768909E-002
   23.000000000000000       5.68295056879886129E-002
   23.250000000000000       5.34488043337501620E-002
   23.500000000000000       5.00512249375188872E-002
   23.750000000000000       4.66411654129001291E-002
   24.000000000000000       4.32246571473377944E-002
   24.250000000000000       3.98108717912747309E-002
   24.500000000000000       3.64130146497328652E-002
   24.750000000000000       3.30484818176084647E-002
   25.000000000000000       2.97382945320804545E-002
   25.250000000000000       2.65059451794054900E-002
   25.500000000000000       2.33758761239922681E-002
   25.750000000000000       2.03718544333183101E-002
   26.000000000000000       1.75155008721104392E-002
   26.250000000000000       1.48251862455062375E-002
   26.500000000000000       1.23154339683904292E-002
   26.750000000000000       9.99687930458527038E-003
   27.000000000000000       7.87674801586242535E-003
   27.250000000000000       5.95974311885658428E-003
   27.500000000000000       4.24917734129435110E-003
   27.750000000000000       2.74816548820303605E-003
   28.000000000000000       1.46069554230073505E-003
   28.250000000000000       3.92426288404945352E-004
   28.500000000000000      -4.48893922196604738E-004
   28.750000000000000      -1.05343602287579201E-003
   29.000000000000000      -1.40971735701179426E-003
   29.250000000000000      -1.50538566023200615E-003
   29.500000000000000      -1.32825823565532720E-003
   29.750000000000000      -8.67489881058446186E-004
   30.000000000000000      -1.14735149349632303E-004
   30.250000000000000       9.34821468844114749E-004
   30.500000000000000       2.28167242188608921E-003
   30.750000000000000       3.92150493169523585E-003
   31.000000000000000       5.84506732834717564E-003
   31.250000000000000       8.03838421425169883E-003
   31.500000000000000       1.04832866863123902E-002
   31.750000000000000       1.31581960113365416E-002
   32.000000000000000       1.60390797121412430E-002
   32.250000000000000       1.91004890023526858E-002
   32.500000000000000       2.23165858768989006E-002
   32.750000000000000       2.56620759902590340E-002
   33.000000000000000       2.91129781180990421E-002
   33.250000000000000       3.26471804479096725E-002
   33.500000000000000       3.62447559473071737E-002
   33.750000000000000       3.98880314309776537E-002
   34.000000000000000       4.35614257445320202E-002
   34.250000000000000       4.72510901392535418E-002
   34.500000000000000       5.09443973196336691E-002
   34.750000000000000       5.46293341888048067E-002
   35.000000000000000       5.82938568498938686E-002
   35.250000000000000       6.19252652144268029E-002
   35.500000000000000       6.55096492274783726E-002
   35.750000000000000       6.90314500874136400E-002
   36.000000000000000       7.24731688989242312E-002
   36.250000000000000       7.58152429786329712E-002
   36.500000000000000       7.90360975205448429E-002
   36.750000000000000       8.21123684055153902E-002
   37.000000000000000       8.50192813317533352E-002
   37.250000000000000       8.77311636958763991E-002
   37.500000000000000       9.02220591155403345E-002
   37.750000000000000       9.24664103149330785E-002
   38.000000000000000       9.44397742808854163E-002
   38.250000000000000       9.61195339815033578E-002
   38.500000000000000       9.74855732486021587E-002
   38.750000000000000       9.85208853077845642E-002
   39.000000000000000       9.92120904980347412E-002
   39.250000000000000       9.95498445441092700E-002
   39.500000000000000       9.95291249303261183E-002
   39.750000000000000       9.91493891084547774E-002
   40.000000000000000       9.84146041404821981E-002
   40.250000000000000       9.73331526748208720E-002
   40.500000000000000       9.59176246932568477E-002
   40.750000000000000       9.41845081225436975E-002
   41.000000000000000       9.21537941180733539E-002
   41.250000000000000       8.98485145921495004E-002
   41.500000000000000       8.72942304177770773E-002
   41.750000000000000       8.45184887697477405E-002
   42.000000000000000       8.15502673747513923E-002
   42.250000000000000       7.84194221555859217E-002
   42.500000000000000       7.51561530042958725E-002
   42.750000000000000       7.17905003391305502E-002
   43.000000000000000       6.83518828188032918E-002
   43.250000000000000       6.48686842221404408E-002
   43.500000000000000       6.13678951549281801E-002
   43.750000000000000       5.78748130050075471E-002
   44.000000000000000       5.44128015000779272E-002
   44.250000000000000       5.10031093810954239E-002
   44.500000000000000       4.76647461214365006E-002
   44.750000000000000       4.44144113164345322E-002
   45.000000000000000       4.12664733441165180E-002
   45.250000000000000       3.82329921491022726E-002
   45.500000000000000       3.53237805115851969E-002
   45.750000000000000       3.25464979090395803E-002
   46.000000000000000       2.99067710319174812E-002
   46.250000000000000       2.74083351453665441E-002
   46.500000000000000       2.50531907650095656E-002
   46.750000000000000       2.28417705044437966E-002
   47.000000000000000       2.07731114251297581E-002
   47.250000000000000       1.88450287478352380E-002
   47.500000000000000       1.70542873437866255E-002
   47.750000000000000       1.53967679914621177E-002
   48.000000000000000       1.38676259433275165E-002
   48.250000000000000       1.24614398810410278E-002
   48.500000000000000       1.11723498363814414E-002
   48.750000000000000       9.99418311016125882E-003
   49.000000000000000       8.92056762728405186E-003
   49.250000000000000       7.94503251999110344E-003
   49.500000000000000       7.06109603242846551E-003
   49.750000000000000       6.26234108890537725E-003
   50.000000000000000       5.54247906794066904E-003
   50.250000000000000       4.89540247777562124E-003
   50.500000000000000       4.31522734057163473E-003
   50.750000000000000       3.79632616656915911E-003
   51.000000000000000       3.33335244084723668E-003
   51.250000000000000       2.92125755880961362E-003
   51.500000000000000       2.55530113682942350E-003
   51.750000000000000       2.23105559606327384E-003
   52.000000000000000       1.94440587442022911E-003
   52.250000000000000       1.69154506777643900E-003
   52.500000000000000       1.46896674007418395E-003
   52.750000000000000       1.27345457581146452E-003
   53.000000000000000       1.10206998005890231E-003
   53.250000000000000       9.52138162562538460E-004
   53.500000000000000       8.21233175341653620E-004
   53.750000000000000       7.07162308749745175E-004
   54.000000000000000       6.07950190193189545E-004
   54.250000000000000       5.21822873272350502E-004
   54.500000000000000       4.47192153457470157E-004
   54.750000000000000       3.82640299764943075E-004
   55.000000000000000       3.26905350317940673E-004
   55.250000000000000       2.78867083082646311E-004
   55.500000000000000       2.37533741285966750E-004
   55.750000000000000       2.02029565782260696E-004
   56.000000000000000       1.71583163629746444E-004
   56.250000000000000       1.45516723010631231E-004
   56.500000000000000       1.23236069012476029E-004
   56.750000000000000       1.04221542306174065E-004
   57.000000000000000       8.80196730376794337E-005
   57.250000000000000       7.42356149392222611E-005
   57.500000000000000       6.25262994236187565E-005
   57.750000000000000       5.25942659385829345E-005
   58.000000000000000       4.41821228391761460E-005
   58.250000000000000       3.70675922259157035E-005
   58.500000000000000       3.10590923618727364E-005
   58.750000000000000       2.59918122201484914E-005
   59.000000000000000       2.17242342457202236E-005
   59.250000000000000       1.81350633900077933E-005
   59.500000000000000       1.51205227629398945E-005
   59.750000000000000       1.25919787371761322E-005
   60.000000000000000       1.04738609428296618E-005
   60.250000000000000       8.70184523576998104E-006
   60.500000000000000       7.22127035042268471E-006
   60.750000000000000       5.98576151384482640E-006
   61.000000000000000       4.95603676769613290E-006
   61.250000000000000       4.09887409385069106E-006
   61.500000000000000       3.38621965092156062E-006
   61.750000000000000       2.79441949246912185E-006
   62.000000000000000       2.30355904793490335E-006
   62.250000000000000       1.89689640336258407E-006
   62.500000000000000       1.56037702297249970E-006
   62.750000000000000       1.28221900935800992E-006
   63.000000000000000       1.05255931600136193E-006
   63.250000000000000       8.63152508760538325E-007
   63.500000000000000       7.07114731569692913E-007
   63.750000000000000       5.78706474886217478E-007
   64.000000000000000       4.73148582627462965E-007
   64.250000000000000       3.86466673620831681E-007
   64.500000000000000       3.15359805851800863E-007
   64.750000000000000       2.57089784576249423E-007
   65.000000000000000       2.09388016749261840E-007
   65.250000000000000       1.70377251779593880E-007
   65.500000000000000       1.38505929365398622E-007
   65.750000000000000       1.12493185558496716E-007
   66.000000000000000       9.12828541369167984E-008
   66.250000000000000       7.40050471873311880E-008
   66.500000000000000       5.99441113343977579E-008
   66.750000000000000       4.85119386302792456E-008
   67.000000000000000       3.92257675974120384E-008
   67.250000000000000       3.16897437329985579E-008
   67.500000000000000       2.55796229711649640E-008
   67.750000000000000       2.06300988340279093E-008
   68.000000000000000       1.66243166351557374E-008
   68.250000000000000       1.33852081831464785E-008
   68.500000000000000       1.07683397611014330E-008
   68.750000000000000       8.65601628702222783E-009
   69.000000000000000       6.95242684013153799E-009
   69.250000000000000       5.57965233488508023E-009
   69.500000000000000       4.47438604279891205E-009
   69.750000000000000       3.58524276570888399E-009
   70.000000000000000       2.87055349299553679E-009
   70.250000000000000       2.29655996273061668E-009
   70.500000000000000       1.83593823277060625E-009
   70.750000000000000       1.46659261234275607E-009
   71.000000000000000       1.17067149820650918E-009
   71.250000000000000       9.33765133084555461E-010
   71.500000000000000       7.44252337785707987E-010
   71.750000000000000       5.92769098708296917E-010
   72.000000000000000       4.71776718431095287E-010
   72.250000000000000       3.75211226417064425E-010
   72.500000000000000       2.98199040134491221E-010
   72.750000000000000       2.36826582021051801E-010
   73.000000000000000       1.87953793299051789E-010
   73.250000000000000       1.49063324063037295E-010
   73.500000000000000       1.18138688986928198E-010
   73.750000000000000       9.35659166165264431E-011
   74.000000000000000       7.40542350539446104E-011
   74.250000000000000       5.85721673505861448E-011
   74.500000000000000       4.62960887959548754E-011
   74.750000000000000       3.65688525734343380E-011
   75.000000000000000       2.88665423060649630E-011
   75.250000000000000       2.27717782822631070E-011
   75.500000000000000       1.79523038348913526E-011
   75.750000000000000       1.41438219573613243E-011
   76.000000000000000       1.11362500594571381E-011
   76.250000000000000       8.76272123293139742E-012
   76.500000000000000       6.89079043130391579E-012
   76.750000000000000       5.41540923443927806E-012
   77.000000000000000       4.25331799883869896E-012
   77.250000000000000       3.33857297287287888E-012
   77.500000000000000       2.61898146925747415E-012
   77.750000000000000       2.05326295034529758E-012
   78.000000000000000       1.60878994270704725E-012
   78.250000000000000       1.25979172063751106E-012
   78.500000000000000       9.85927035587548656E-013
   78.750000000000000       7.71150916856607838E-013
   79.000000000000000       6.02815617008474563E-013
   79.250000000000000       4.70957842936796752E-013
   79.500000000000000       3.67734082205927683E-013
   79.750000000000000       2.86973574333007358E-013
   80.000000000000000       2.23824667467552304E-013
   80.250000000000000       1.74475248371182938E-013
   80.500000000000000       1.35931884104533255E-013
   80.750000000000000       1.05845465672367380E-013
   81.000000000000000       8.23736564684852480E-014
   81.250000000000000       6.40724497331986078E-014
   81.500000000000000       4.98107321286082572E-014
   81.750000000000000       3.87030173193557038E-014
   82.000000000000000       3.00565200958325476E-014
   82.250000000000000       2.33295408931475005E-014
   82.500000000000000       1.80987647604419528E-014
   82.750000000000000       1.40335816488541275E-014
   83.000000000000000       1.08759332339783678E-014
   83.250000000000000       8.42450684071907026E-015
   83.500000000000000       6.52234650423747976E-015
   83.750000000000000       5.04714840276369241E-015
   84.000000000000000       3.90366367393930565E-015
   84.250000000000000       3.01775459104818368E-015
   84.500000000000000       2.33174707175243775E-015
   84.750000000000000       1.80079895062340146E-015
   85.000000000000000       1.39006367474289631E-015
   85.250000000000000       1.07247649187531019E-015
   85.500000000000000       8.27027495623268557E-016
   85.750000000000000       6.37415209825442226E-016
   86.000000000000000       4.90997425792609337E-016
   86.250000000000000       3.77974086401217497E-016
   86.500000000000000       2.90751194930726794E-016
   86.750000000000000       2.23445845540217688E-016
   87.000000000000000       1.71501181964841209E-016
   87.250000000000000       1.31386907616528157E-016
   87.500000000000000       1.00366299963075460E-016
   87.750000000000000       7.63148440495124944E-017
   88.000000000000000       5.75788448558660054E-017
   88.250000000000000       4.28649021510197255E-017
   88.500000000000000       3.11530880201742371E-017
   88.750000000000000       2.16281757842093639E-017
   89.000000000000000       1.36244221089894677E-017
   89.250000000000000       6.58027272267982725E-018
   89.500000000000000        0.0000000000000000     
