  -10.500000000000000        0.0000000000000000     
  -10.250000000000000      -7.51493674225705514E-003
  -10.000000000000000      -1.49124854126415664E-002
  -9.7500000000000000      -2.22436573355332158E-002
  -9.5000000000000000      -2.95949561687099162E-002
  -9.2500000000000000      -3.70345008720685404E-002
  -9.0000000000000000      -4.38832706133475831E-002
  -8.7500000000000000      -5.01048457522613108E-002
  -8.5000000000000000      -5.58903668042461665E-002
  -8.2500000000000000      -6.14539869577049244E-002
  -8.0000000000000000      -6.69715461642378940E-002
  -7.7500000000000000      -7.21391991385323256E-002
  -7.5000000000000000      -7.66414343939602755E-002
  -7.2500000000000000      -8.06198794774909133E-002
  -7.0000000000000000      -8.42363708260341210E-002
  -6.7500000000000000      -8.76263959795947761E-002
  -6.5000000000000000      -9.07811985569610680E-002
  -6.2500000000000000      -9.33103966306027266E-002
  -6.0000000000000000      -9.52635705591145659E-002
  -5.7500000000000000      -9.67061280271072354E-002
  -5.5000000000000000      -9.76898460600280627E-002
  -5.2500000000000000      -9.82407297367343113E-002
  -5.0000000000000000      -9.82711185564595496E-002
  -4.7500000000000000      -9.77522505731371616E-002
  -4.5000000000000000      -9.66646892786190842E-002
  -4.2500000000000000      -9.49779134675411835E-002
  -4.0000000000000000      -9.26607261852204350E-002
  -3.7500000000000000      -8.98468912907382788E-002
  -3.5000000000000000      -8.66552779790574629E-002
  -3.2500000000000000      -8.30090960943421080E-002
  -3.0000000000000000      -7.88033196673478126E-002
  -2.7500000000000000      -7.39341742838740545E-002
  -2.5000000000000000      -6.84508044219813566E-002
  -2.2500000000000000      -6.28743094727012425E-002
  -2.0000000000000000      -5.70988589853412276E-002
  -1.7500000000000000      -5.09602772603262311E-002
  -1.5000000000000000      -4.42875853618765677E-002
  -1.2500000000000000      -3.69653495619112621E-002
  -1.0000000000000000      -2.97103615325099157E-002
 -0.75000000000000000      -2.25720276773046478E-002
 -0.50000000000000000      -1.53678445718239791E-002
 -0.25000000000000000      -7.89547252220375480E-003
   0.0000000000000000       2.85048048379046311E-006
  0.25000000000000000       7.90143636217233679E-003
  0.50000000000000000       1.53746190956719556E-002
  0.75000000000000000       2.25802284314451165E-002
   1.0000000000000000       2.97207223915298309E-002
   1.2500000000000000       3.69787817681871966E-002
   1.5000000000000000       4.43052490358530754E-002
   1.7500000000000000       5.09836700518785241E-002
   2.0000000000000000       5.71299273963328871E-002
   2.2500000000000000       6.29155894576599872E-002
   2.5000000000000000       6.85055991736352315E-002
   2.7500000000000000       7.40067786297008701E-002
   3.0000000000000000       7.88993022226528035E-002
   3.2500000000000000       8.31356521915459223E-002
   3.5000000000000000       8.68216683391249550E-002
   3.7500000000000000       9.00649832855062588E-002
   4.0000000000000000       9.29456561520272673E-002
   4.2500000000000000       9.53488895806974129E-002
   4.5000000000000000       9.71459545408702163E-002
   4.7500000000000000       9.83742240112096406E-002
   5.0000000000000000       9.90717289791161609E-002
   5.2500000000000000       9.92669495707742405E-002
   5.5000000000000000       9.89994218027478445E-002
   5.7500000000000000       9.83694876329419404E-002
   6.0000000000000000       9.73658655192178035E-002
   6.2500000000000000       9.59536067191009284E-002
   6.5000000000000000       9.40861898269266111E-002
   6.7500000000000000       9.17347781674161533E-002
   7.0000000000000000       8.93119509964096364E-002
   7.2500000000000000       8.68494589783575938E-002
   7.5000000000000000       8.42346536868417567E-002
   7.7500000000000000       8.13271116355545193E-002
   8.0000000000000000       7.80036143556400302E-002
   8.2500000000000000       7.45932628525600300E-002
   8.5000000000000000       7.14067675859091228E-002
   8.7500000000000000       6.82666856358190299E-002
   9.0000000000000000       6.49475695082972065E-002
   9.2500000000000000       6.12370367578725719E-002
   9.5000000000000000       5.71414766817216618E-002
   9.7500000000000000       5.33039242516946885E-002
   10.000000000000000       4.96185255755516724E-002
   10.250000000000000       4.59633833218758628E-002
   10.500000000000000       4.22547321817412017E-002
   10.750000000000000       3.84632180571250204E-002
   11.000000000000000       3.47125387379482592E-002
   11.250000000000000       3.10590869528877232E-002
   11.500000000000000       2.75404568856568652E-002
   11.750000000000000       2.41946067631072584E-002
   12.000000000000000       2.10568842405779895E-002
   12.250000000000000       1.81564449360558412E-002
   12.500000000000000       1.55137290248686319E-002
   12.750000000000000       1.31394233805705724E-002
   13.000000000000000       1.10347368878938052E-002
   13.250000000000000       9.19259432497161050E-003
   13.500000000000000       7.59933404291951876E-003
   13.750000000000000       6.23656654179017157E-003
   14.000000000000000       5.08295140942721657E-003
   14.250000000000000       4.11574603632036250E-003
   14.500000000000000       3.31205693204785932E-003
   14.750000000000000       2.64977987240540324E-003
   15.000000000000000       2.10825038464312105E-003
   15.250000000000000       1.66864528422516040E-003
   15.500000000000000       1.31418355796062824E-003
   15.750000000000000       1.03017481528158684E-003
   16.000000000000000       8.03958959204376642E-004
   16.250000000000000       6.24773965725918846E-004
   16.500000000000000       4.83581259214663261E-004
   16.750000000000000       3.72871089741465711E-004
   17.000000000000000       2.86464075594866901E-004
   17.250000000000000       2.19319888582775765E-004
   17.500000000000000       1.67359957334686766E-004
   17.750000000000000       1.27307959885954392E-004
   18.000000000000000       9.65496319385478229E-005
   18.250000000000000       7.30118741627774524E-005
   18.500000000000000       5.50601480144481150E-005
   18.750000000000000       4.14125685188162349E-005
   19.000000000000000       3.10688196187327686E-005
   19.250000000000000       2.32519407407419264E-005
   19.500000000000000       1.73610908108161103E-005
   19.750000000000000       1.29335347685759484E-005
   20.000000000000000       9.61427934434553358E-006
   20.250000000000000       7.13198298082819425E-006
   20.500000000000000       5.27996187079476193E-006
   20.750000000000000       3.90129942899135240E-006
   21.000000000000000       2.87723421393095324E-006
   21.250000000000000       2.11814877419632678E-006
   21.500000000000000       1.55660871317877605E-006
   21.750000000000000       1.14200840269554282E-006
   22.000000000000000       8.36468953650712719E-007
   22.250000000000000       6.11707355483651052E-007
   22.500000000000000       4.46655302890336192E-007
   22.750000000000000       3.25654241043374744E-007
   23.000000000000000       2.37091511937628431E-007
   23.250000000000000       1.72372890237114144E-007
   23.500000000000000       1.25150741194952488E-007
   23.750000000000000       9.07457738560259171E-008
   24.000000000000000       6.57149487907220908E-008
   24.250000000000000       4.75293938337664769E-008
   24.500000000000000       3.43348851807685992E-008
   24.750000000000000       2.47741293459431636E-008
   25.000000000000000       1.78551844031634159E-008
   25.250000000000000       1.28542432721454724E-008
   25.500000000000000       9.24394797180350392E-009
   25.750000000000000       6.64063081246982166E-009
   26.000000000000000       4.76555661601071477E-009
   26.250000000000000       3.41650074828586068E-009
   26.500000000000000       2.44694216376130598E-009
   26.750000000000000       1.75085623913700649E-009
   27.000000000000000       1.25161796313497097E-009
   27.250000000000000       8.93916909228622582E-010
   27.500000000000000       6.37875298253981398E-010
   27.750000000000000       4.54774969591707563E-010
   28.000000000000000       3.23957481645096781E-010
   28.250000000000000       2.30578293467287780E-010
   28.500000000000000       1.63981834333684528E-010
   28.750000000000000       1.16527295633786593E-010
   29.000000000000000       8.27411658884097983E-011
   29.250000000000000       5.87063164495024329E-011
   29.500000000000000       4.16221202943055596E-011
   29.750000000000000       2.94880777331405889E-011
   30.000000000000000       2.08765207822987013E-011
   30.250000000000000       1.47694891308962300E-011
   30.500000000000000       1.04417817891325053E-011
   30.750000000000000       7.37719811745972551E-012
   31.000000000000000       5.20860828867403806E-012
   31.250000000000000       3.67511483978766981E-012
   31.500000000000000       2.59145980833335781E-012
   31.750000000000000       1.82619692460295762E-012
   32.000000000000000       1.28613147918511843E-012
   32.250000000000000       9.05237794246633733E-013
   32.500000000000000       6.36772516250323259E-013
   32.750000000000000       4.47666817414238850E-013
   33.000000000000000       3.14542232352021333E-013
   33.250000000000000       2.20882277451021644E-013
   33.500000000000000       1.55026121661583040E-013
   33.750000000000000       1.08746462249104903E-013
   34.000000000000000       7.62422429489691864E-014
   34.250000000000000       5.34257197412977361E-014
   34.500000000000000       3.74182182275840665E-014
   34.750000000000000       2.61937418398582496E-014
   35.000000000000000       1.83272504726153268E-014
   35.250000000000000       1.28169869532844719E-014
   35.500000000000000       8.95915096708015784E-015
   35.750000000000000       6.25955408571926501E-015
   36.000000000000000       4.37138266568967186E-015
   36.250000000000000       3.05138017686486192E-015
   36.500000000000000       2.12901626368195968E-015
   36.750000000000000       1.48480637536846985E-015
   37.000000000000000       1.03507496090719750E-015
   37.250000000000000       7.21253268305358786E-016
   37.500000000000000       5.02366424663938321E-016
   37.750000000000000       3.49762286935606083E-016
   38.000000000000000       2.43415143554499615E-016
   38.250000000000000       1.69335128309466860E-016
   38.500000000000000       1.17753530577210901E-016
   38.750000000000000       8.18522680062631214E-017
   39.000000000000000       5.68747945250524250E-017
   39.250000000000000       3.95042381180991270E-017
   39.500000000000000       2.74286603790286496E-017
   39.750000000000000       1.90372774546776274E-017
   40.000000000000000       1.32082915295917576E-017
   40.250000000000000       9.16077457608235786E-018
   40.500000000000000       6.35131456976868511E-018
   40.750000000000000       4.40192879257361268E-018
   41.000000000000000       3.04980735830887864E-018
   41.250000000000000       2.11229128362610739E-018
   41.500000000000000       1.46247741112816352E-018
   41.750000000000000       1.01223279507582845E-018
   42.000000000000000       7.00372998200608693E-019
   42.250000000000000       4.84437747267555654E-019
   42.500000000000000       3.34971570488709710E-019
   42.750000000000000       2.31548023776977048E-019
   43.000000000000000       1.60007040445663294E-019
   43.250000000000000       1.10535984733275515E-019
   43.500000000000000       7.63372509127401459E-020
   43.750000000000000       5.27034705064648608E-020
   44.000000000000000       3.63758689013062948E-020
   44.250000000000000       2.50992397093684898E-020
   44.500000000000000       1.73133983071608952E-020
   44.750000000000000       1.19393351691655443E-020
   45.000000000000000       8.23105521432848705E-021
   45.250000000000000       5.67296210171709557E-021
   45.500000000000000       3.90881097000609683E-021
   45.750000000000000       2.69253445565459819E-021
   46.000000000000000       1.85421912301752415E-021
   46.250000000000000       1.27657216949839538E-021
   46.500000000000000       8.78649243440881647E-022
   46.750000000000000       6.04606559040595752E-022
   47.000000000000000       4.15928414167282113E-022
   47.250000000000000       2.86057934179296184E-022
   47.500000000000000       1.96689105889866409E-022
   47.750000000000000       1.35206858315338890E-022
   48.000000000000000       9.29202629668980490E-023
   48.250000000000000       6.38434866906607246E-023
   48.500000000000000       4.38549244876789097E-023
   48.750000000000000       3.01173576823268088E-023
   49.000000000000000       2.06782223585783304E-023
   49.250000000000000       1.41941195243209646E-023
   49.500000000000000       9.74100366043922052E-024
   49.750000000000000       6.68343914622441770E-024
   50.000000000000000       4.58456744721739342E-024
   50.250000000000000       3.14412517542822199E-024
   50.500000000000000       2.15578468900531004E-024
   50.750000000000000       1.47780120104025085E-024
   51.000000000000000       1.01282098695737534E-024
   51.250000000000000       6.93995038043872367E-025
   51.500000000000000       4.75431521253693397E-025
   51.750000000000000       3.25633018016187118E-025
   52.000000000000000       2.22986545224446100E-025
   52.250000000000000       1.52665019998979264E-025
   52.500000000000000       1.04498956374683280E-025
   52.750000000000000       7.15149380743386959E-026
   53.000000000000000       4.89322101127213956E-026
   53.250000000000000       3.34739518310484036E-026
   53.500000000000000       2.28946525769907151E-026
   53.750000000000000       1.56558574129563176E-026
   54.000000000000000       1.07037556675072119E-026
   54.250000000000000       7.31665934879229497E-027
   54.500000000000000       5.00043262303227858E-027
   54.750000000000000       3.41681280174962017E-027
   55.000000000000000       2.33428783524608947E-027
   55.250000000000000       1.59443928567345239E-027
   55.500000000000000       1.08888660868728731E-027
   55.750000000000000       7.43496860899431517E-028
   56.000000000000000       5.07572570754436017E-028
   56.250000000000000       3.46449847211233972E-028
   56.500000000000000       2.36432142684997043E-028
   56.750000000000000       1.61323359481392838E-028
   57.000000000000000       1.10055883189295511E-028
   57.250000000000000       7.50680608795879172E-029
   57.500000000000000       5.11945479436463107E-029
   57.750000000000000       3.49075566423521345E-029
   58.000000000000000       2.37981418431298851E-029
   58.250000000000000       1.62216538543108684E-029
   58.500000000000000       1.10554471342950456E-029
   58.750000000000000       7.53333367054600265E-030
   59.000000000000000       5.13249346743656218E-030
   59.250000000000000       3.49623413389146049E-030
   59.500000000000000       2.38124509124424914E-030
   59.750000000000000       1.62158511522449739E-030
   60.000000000000000       1.10409903833701304E-030
   60.250000000000000       7.51639345824589203E-031
   60.500000000000000       5.11616716049422677E-031
   60.750000000000000       3.48188351186579896E-031
   61.000000000000000       2.36929195811219820E-031
   61.250000000000000       1.61197494212071678E-031
   61.500000000000000       1.09656374048963604E-031
   61.750000000000000       7.45840363649338538E-032
   62.000000000000000       5.07218170959224527E-032
   62.250000000000000       3.44890433789455324E-032
   62.500000000000000       2.34479790014338433E-032
   62.750000000000000       1.59392579909765924E-032
   63.000000000000000       1.08335224029430655E-032
   63.250000000000000       7.36225157541026242E-033
   63.500000000000000       5.00255046048819133E-033
   63.750000000000000       3.39869840205690908E-033
   64.000000000000000       2.30873753713674356E-033
   64.250000000000000       1.56811440796149472E-033
   64.500000000000000       1.06493382581615493E-033
   64.750000000000000       7.23118778869898136E-034
   65.000000000000000       4.90952233215623298E-034
   65.250000000000000       3.33281998271568102E-034
   65.500000000000000       2.26218396567892484E-034
   65.750000000000000       1.53528092574073597E-034
   66.000000000000000       1.04181853485788540E-034
   66.250000000000000       7.06872376493244602E-035
   66.500000000000000       4.79551281986913370E-035
   66.750000000000000       3.25292928453357344E-035
   67.000000000000000       2.20627735934497835E-035
   67.250000000000000       1.49620778452094527E-035
   67.500000000000000       1.01454290509408325E-035
   67.750000000000000       6.87853607070201072E-036
   68.000000000000000       4.66303950381010155E-036
   68.250000000000000       3.16074909692408945E-036
   68.500000000000000       2.14219586061487938E-036
   68.750000000000000       1.45170015569718839E-036
   69.000000000000000       9.83656871573944628E-037
   69.250000000000000       6.66437853217306903E-037
   69.500000000000000       4.51466322912513766E-037
   69.750000000000000       3.05802542363739098E-037
   70.000000000000000       2.07112924664392643E-037
   70.250000000000000       1.40256834744931772E-037
   70.500000000000000       9.49712008786948217E-038
   70.750000000000000       6.43000375013175920E-038
   71.000000000000000       4.35293575332648748E-038
   71.250000000000000       2.94649258615528193E-038
   71.500000000000000       1.99425568491003284E-038
   71.750000000000000       1.34961233308759157E-038
   72.000000000000000       9.13251240168711177E-039
   72.250000000000000       6.17909470717122266E-039
   72.500000000000000       4.18035432562986759E-039
   72.750000000000000       2.82784308262851726E-039
   73.000000000000000       1.91272174755791952E-039
   73.250000000000000       1.29360850992703056E-039
   73.500000000000000       8.74800072752747694E-040
   73.750000000000000       5.91520679259991572E-040
   74.000000000000000       3.99932337529167325E-040
   74.250000000000000       2.70370229337675956E-040
   74.500000000000000       1.82762572687371769E-040
   74.750000000000000       1.23529870466940816E-040
   75.000000000000000       8.34859359322494273E-041
   75.250000000000000       5.64172020487385102E-041
   75.500000000000000       3.81212324452869408E-041
   75.750000000000000       2.57560796470678345E-041
   76.000000000000000       1.74000418939211006E-041
   76.250000000000000       1.17538137221076960E-041
   76.500000000000000       7.93899545014538006E-042
   76.750000000000000       5.36180239318900734E-042
   77.000000000000000       3.62088570602356394E-042
   77.250000000000000       2.44499427467002934E-042
   77.500000000000000       1.65082162229522747E-042
   77.750000000000000       1.11450488000243960E-042
   78.000000000000000       7.52356319568397960E-043
   78.250000000000000       5.07837996686421686E-043
   78.500000000000000       3.42757585340549086E-043
   78.750000000000000       2.31318018588374930E-043
   79.000000000000000       1.56096296188040684E-043
   79.250000000000000       1.05326272873504591E-043
   79.500000000000000       7.10627569692712092E-044
   79.750000000000000       4.79411932879641209E-044
   80.000000000000000       3.23397984219284080E-044
   80.250000000000000       2.18136171934341019E-044
   80.500000000000000       1.47122874828394993E-044
   80.750000000000000       9.92190531002805296E-045
   81.000000000000000       6.69071507483677315E-045
   81.250000000000000       4.51141517166545180E-045
   81.500000000000000       3.04169788432922982E-045
   81.750000000000000       2.05060773632634311E-045
   82.000000000000000       1.38233262127544806E-045
   82.250000000000000       9.31764551250284882E-046
   82.500000000000000       6.28005839387351697E-046
   82.750000000000000       4.23238590405111985E-046
   83.000000000000000       2.85214185412545485E-046
   83.250000000000000       1.92185878555784243E-046
   83.500000000000000       1.29490085022417339E-046
   83.750000000000000       8.72401591730083977E-047
   84.000000000000000       5.87707820714449019E-047
   84.250000000000000       3.95887483127902045E-047
   84.500000000000000       2.66653652987538336E-047
   84.750000000000000       1.79592809134635891E-047
   85.000000000000000       1.20947288258180084E-047
   85.250000000000000       8.14458958064907542E-048
   85.500000000000000       5.48413477746352469E-048
   85.750000000000000       3.69243265670618214E-048
   86.000000000000000       2.48588887658996831E-048
   86.250000000000000       1.67345223302648382E-048
   86.500000000000000       1.12642521275524059E-048
   86.750000000000000       7.58119125310915384E-049
   87.000000000000000       5.10144479978233440E-049
   87.250000000000000       3.43173044954387884E-049
   87.500000000000000       2.30713103099800581E-049
   87.750000000000000       1.54914729760898546E-049
   88.000000000000000       1.03742275434214741E-049
   88.250000000000000       6.90670845604487443E-050
   88.500000000000000       4.53788247454278968E-050
   88.750000000000000       2.89115442766165992E-050
   89.000000000000000       1.70461307827698906E-050
   89.250000000000000       7.89455026578806038E-051
   89.500000000000000        0.0000000000000000     
