  -10.500000000000000        0.0000000000000000     
  -10.250000000000000      -3.45280389944631273E-004
  -10.000000000000000      -3.24589384319173726E-004
  -9.7500000000000000      -7.63761012887970538E-005
  -9.5000000000000000       1.54412598231162997E-006
  -9.2500000000000000      -1.26185775854234183E-005
  -9.0000000000000000      -2.49681078160167002E-004
  -8.7500000000000000      -2.23031367630994765E-004
  -8.5000000000000000       7.01233873276448035E-005
  -8.2500000000000000       2.34815799380008511E-004
  -8.0000000000000000       2.77002803827394771E-004
  -7.7500000000000000       2.30679911692152753E-004
  -7.5000000000000000       1.51409949831176629E-004
  -7.2500000000000000       1.62592867761351305E-004
  -7.0000000000000000       6.73529571561630458E-005
  -6.7500000000000000      -1.15025296348520489E-004
  -6.5000000000000000      -1.23723402746514315E-004
  -6.2500000000000000      -1.21864977437577041E-004
  -6.0000000000000000      -9.32218616361322561E-005
  -5.7500000000000000      -1.77902527862499715E-004
  -5.5000000000000000      -3.46524517435129809E-004
  -5.2500000000000000      -3.41752341894678601E-004
  -5.0000000000000000      -1.33891282855250855E-004
  -4.7500000000000000       1.09690230408030290E-004
  -4.5000000000000000       2.15418876022422236E-004
  -4.2500000000000000       2.06635886378752476E-004
  -4.0000000000000000       1.91323552615925646E-004
  -3.7500000000000000       2.59301789465887008E-004
  -3.5000000000000000       2.86730813618657813E-004
  -3.2500000000000000       1.17711879612941700E-004
  -3.0000000000000000      -3.18082915458922638E-005
  -2.7500000000000000       1.09108960422099183E-005
  -2.5000000000000000       9.41793484662300405E-005
  -2.2500000000000000       2.30787556788093480E-004
  -2.0000000000000000       2.78881363641504043E-005
  -1.7500000000000000      -2.67680262459637098E-004
  -1.5000000000000000      -3.03907932330152821E-004
  -1.2500000000000000      -3.22811591036647571E-004
  -1.0000000000000000      -1.83758547208748920E-004
 -0.75000000000000000      -2.73789011493391881E-004
 -0.50000000000000000      -4.78545425272004874E-004
 -0.25000000000000000      -3.70602458981372047E-004
   0.0000000000000000      -8.23115009728132195E-005
  0.25000000000000000       2.12888304222383774E-004
  0.50000000000000000       3.42772596994058278E-004
  0.75000000000000000       1.77710025282890071E-004
   1.0000000000000000       1.47000022754403690E-004
   1.2500000000000000       3.63342248134036489E-004
   1.5000000000000000       4.32793386980763950E-004
   1.7500000000000000       4.84060231184789815E-004
   2.0000000000000000       2.60509597391362746E-004
   2.2500000000000000       1.00537583070817461E-004
   2.5000000000000000       2.42013588436762765E-004
   2.7500000000000000       2.89858109841867741E-004
   3.0000000000000000       2.61016224047199992E-004
   3.2500000000000000       1.17472489771785902E-005
   3.5000000000000000      -2.76962165951118253E-004
   3.7500000000000000      -3.83083816698496962E-004
   4.0000000000000000      -4.58419156479150441E-004
   4.2500000000000000      -6.21587984326810866E-004
   4.5000000000000000      -7.71929547599240558E-004
   4.7500000000000000      -7.82066566160601897E-004
   5.0000000000000000      -6.02353018461214028E-004
   5.2500000000000000      -3.80569519303376052E-004
   5.5000000000000000      -2.69952230595455985E-004
   5.7500000000000000      -2.47965463024251809E-004
   6.0000000000000000      -8.75466841668312394E-005
   6.2500000000000000       1.96885368582792593E-004
   6.5000000000000000       4.26291285149191452E-004
   6.7500000000000000       6.00590535149353021E-004
   7.0000000000000000       5.67848065320118809E-004
   7.2500000000000000       6.12752286968906799E-004
   7.5000000000000000       7.63109676054295324E-004
   7.7500000000000000       7.94356703573933023E-004
   8.0000000000000000       7.74903732545598688E-004
   8.2500000000000000       7.20791647829217928E-004
   8.5000000000000000       6.89412595767632743E-004
   8.7500000000000000       7.74602808726938493E-004
   9.0000000000000000       6.63201039899606387E-004
   9.2500000000000000       3.39449186001471463E-004
   9.5000000000000000       1.65396431273953480E-004
   9.7500000000000000      -7.81916260000827684E-005
   10.000000000000000      -2.13066518895712242E-004
   10.250000000000000      -4.44184523145844598E-004
   10.500000000000000      -8.90719129124936974E-004
   10.750000000000000      -1.30024878888169038E-003
   11.000000000000000      -1.52208017654428753E-003
   11.250000000000000      -1.57049067007240502E-003
   11.500000000000000      -1.59941065450295455E-003
   11.750000000000000      -1.68768456423813219E-003
   12.000000000000000      -1.74577093645674245E-003
   12.250000000000000      -1.64593489950227208E-003
   12.500000000000000      -1.36288764607099002E-003
   12.750000000000000      -9.78389680668009885E-004
   13.000000000000000      -5.90827267819867019E-004
   13.250000000000000      -2.39628264530801374E-004
   13.500000000000000       9.92949254575810813E-005
   13.750000000000000       4.67501929168931299E-004
   14.000000000000000       8.78520683741852671E-004
   14.250000000000000       1.30592247877703055E-003
   14.500000000000000       1.70364954893199860E-003
   14.750000000000000       2.03598843471528446E-003
   15.000000000000000       2.29509662251052180E-003
   15.250000000000000       2.49804156524891267E-003
   15.500000000000000       2.66977518999344122E-003
   15.750000000000000       2.82487952486372906E-003
   16.000000000000000       2.95833590241460949E-003
   16.250000000000000       3.04820903205666426E-003
   16.500000000000000       3.06628583571873659E-003
   16.750000000000000       2.98968075932432888E-003
   17.000000000000000       2.80761296803588769E-003
   17.250000000000000       2.52124070530423006E-003
   17.500000000000000       2.13822257556988814E-003
   17.750000000000000       1.66580940675734382E-003
   18.000000000000000       1.10620639936246257E-003
   18.250000000000000       4.56228046179773150E-004
   18.500000000000000      -2.88998491136111923E-004
   18.750000000000000      -1.13028007363104072E-003
   19.000000000000000      -2.05918580330433825E-003
   19.250000000000000      -3.05556736213319618E-003
   19.500000000000000      -4.08862349444889892E-003
   19.750000000000000      -5.12096915545754219E-003
   20.000000000000000      -6.11417629284267527E-003
   20.250000000000000      -7.03394227732593268E-003
   20.500000000000000      -7.85340597050921893E-003
   20.750000000000000      -8.55393406816150510E-003
   21.000000000000000      -9.12360243122108464E-003
   21.250000000000000      -9.55428806018832934E-003
   21.500000000000000      -9.83857964462136504E-003
   21.750000000000000      -9.96757952707609876E-003
   22.000000000000000      -9.93021685867025161E-003
   22.250000000000000      -9.71410949837327523E-003
   22.500000000000000      -9.30749800574878945E-003
   22.750000000000000      -8.70147455391999565E-003
   23.000000000000000      -7.89170315837877008E-003
   23.250000000000000      -6.87904728670789799E-003
   23.500000000000000      -5.66889257381319404E-003
   23.750000000000000      -4.26935245928899716E-003
   24.000000000000000      -2.68885845290268337E-003
   24.250000000000000      -9.33788192993818909E-004
   24.500000000000000       9.93249871055234754E-004
   24.750000000000000       3.09404857592222599E-003
   25.000000000000000       5.37420974307533869E-003
   25.250000000000000       7.84148474269929195E-003
   25.500000000000000       1.05034429078993859E-002
   25.750000000000000       1.33649894026980250E-002
   26.000000000000000       1.64262514377220906E-002
   26.250000000000000       1.96812335569612230E-002
   26.500000000000000       2.31174475880295410E-002
   26.750000000000000       2.67165019415775626E-002
   27.000000000000000       3.04554390975546353E-002
   27.250000000000000       3.43084787461149093E-002
   27.500000000000000       3.82487781618050596E-002
   27.750000000000000       4.22498614929892741E-002
   28.000000000000000       4.62864782872203021E-002
   28.250000000000000       5.03347992058935378E-002
   28.500000000000000       5.43720094073501387E-002
   28.750000000000000       5.83754862355241461E-002
   29.000000000000000       6.23218250401047294E-002
   29.250000000000000       6.61859945718770715E-002
   29.500000000000000       6.99408634231420134E-002
   29.750000000000000       7.35572541024439169E-002
   30.000000000000000       7.70045713103330587E-002
   30.250000000000000       8.02519382155799377E-002
   30.500000000000000       8.32696797033722763E-002
   30.750000000000000       8.60309301720914299E-002
   31.000000000000000       8.85131236748788464E-002
   31.250000000000000       9.06991463177805185E-002
   31.500000000000000       9.25779880482166112E-002
   31.750000000000000       9.41448113436837986E-002
   32.000000000000000       9.54004432463944341E-002
   32.250000000000000       9.63503800831586182E-002
   32.500000000000000       9.70034587620936944E-002
   32.750000000000000       9.73703864152049292E-002
   33.000000000000000       9.74623278357907297E-002
   33.250000000000000       9.72897289387807396E-002
   33.500000000000000       9.68615097519154311E-002
   33.750000000000000       9.61847004986504939E-002
   34.000000000000000       9.52645288029604770E-002
   34.250000000000000       9.41049044318247596E-002
   34.500000000000000       9.27091983407915543E-002
   34.750000000000000       9.10811807491597458E-002
   35.000000000000000       8.92259712876840860E-002
   35.250000000000000       8.71508627228538696E-002
   35.500000000000000       8.48659055521884531E-002
   35.750000000000000       8.23841791125064227E-002
   36.000000000000000       7.97217198421090456E-002
   36.250000000000000       7.68971228169872401E-002
   36.500000000000000       7.39308730000644010E-002
   36.750000000000000       7.08444933259180232E-002
   37.000000000000000       6.76596148969825645E-002
   37.250000000000000       6.43970790524085596E-002
   37.500000000000000       6.10761724502929954E-002
   37.750000000000000       5.77140765947697018E-002
   38.000000000000000       5.43255855269033291E-002
   38.250000000000000       5.09231133756680443E-002
   38.500000000000000       4.75169809594222850E-002
   38.750000000000000       4.41159411677662996E-002
   39.000000000000000       4.07278793205278558E-002
   39.250000000000000       3.73606090933017512E-002
   39.500000000000000       3.40226779168828833E-002
   39.750000000000000       3.07240980040622592E-002
   40.000000000000000       2.74769294428383534E-002
   40.250000000000000       2.42956585221896504E-002
   40.500000000000000       2.11973355496849966E-002
   40.750000000000000       1.82014595774047279E-002
   41.000000000000000       1.53296203885450576E-002
   41.250000000000000       1.26049287554464758E-002
   41.500000000000000       1.00512826991746573E-002
   41.750000000000000       7.69252910371153419E-003
   42.000000000000000       5.55158596092364485E-003
   42.250000000000000       3.64959069068251409E-003
   42.500000000000000       2.00513483328928002E-003
   42.750000000000000       6.33635792128074628E-004
   43.000000000000000      -4.53116653823706320E-004
   43.250000000000000      -1.24721634819580747E-003
   43.500000000000000      -1.74469225121716442E-003
   43.750000000000000      -1.94536355763524926E-003
   44.000000000000000      -1.85252004696174599E-003
   44.250000000000000      -1.47246022326956091E-003
   44.500000000000000      -8.13927624682788775E-004
   44.750000000000000       1.12509925582415186E-004
   45.000000000000000       1.29509241935262020E-003
   45.250000000000000       2.72146770246896883E-003
   45.500000000000000       4.37922113280745512E-003
   45.750000000000000       6.25630384219847541E-003
   46.000000000000000       8.34133742388545874E-003
   46.250000000000000       1.06237825195844050E-002
   46.500000000000000       1.30939685483723155E-002
   46.750000000000000       1.57429910656263113E-002
   47.000000000000000       1.85624914235492482E-002
   47.250000000000000       2.15443401066471550E-002
   47.500000000000000       2.46802500520150528E-002
   47.750000000000000       2.79613492890506306E-002
   48.000000000000000       3.13777433308162490E-002
   48.250000000000000       3.49180970209999192E-002
   48.500000000000000       3.85692631847245546E-002
   48.750000000000000       4.23159817206730238E-002
   49.000000000000000       4.61406680277694492E-002
   49.250000000000000       5.00233042284024959E-002
   49.500000000000000       5.39414408803857853E-002
   49.750000000000000       5.78703110921854336E-002
   50.000000000000000       6.17830534669889936E-002
   50.250000000000000       6.56510353513167222E-002
   50.500000000000000       6.94442636492718368E-002
   50.750000000000000       7.31318671223289557E-002
   51.000000000000000       7.66826317066538615E-002
   51.250000000000000       8.00655689699420053E-002
   51.500000000000000       8.32504973725134295E-002
   51.750000000000000       8.62086164253647869E-002
   52.000000000000000       8.89130550497081729E-002
   52.250000000000000       9.13393773121527613E-002
   52.500000000000000       9.34660310954641971E-002
   52.750000000000000       9.52747280181427819E-002
   53.000000000000000       9.67507458890748684E-002
   53.250000000000000       9.78831480358561129E-002
   53.500000000000000       9.86649168495008361E-002
   53.750000000000000       9.90930017333750968E-002
   54.000000000000000       9.91682842390434333E-002
   54.250000000000000       9.88954654458561455E-002
   54.500000000000000       9.82828825451954602E-002
   54.750000000000000       9.73422630953689749E-002
   55.000000000000000       9.60884265090616585E-002
   55.250000000000000       9.45389430286295851E-002
   55.500000000000000       9.27137607561275001E-002
   55.750000000000000       9.06348112670353478E-002
   56.000000000000000       8.83256039900154333E-002
   56.250000000000000       8.58108189263639409E-002
   56.500000000000000       8.31159064620389382E-002
   56.750000000000000       8.02667020430901795E-002
   57.000000000000000       7.72890623917203839E-002
   57.250000000000000       7.42085287820480888E-002
   57.500000000000000       7.10500217148101465E-002
   57.750000000000000       6.78375701666257963E-002
   58.000000000000000       6.45940774742778945E-002
   58.250000000000000       6.13411248740765233E-002
   58.500000000000000       5.80988127710806088E-002
   58.750000000000000       5.48856389773338393E-002
   59.000000000000000       5.17184124414562518E-002
   59.250000000000000       4.86122003981643500E-002
   59.500000000000000       4.55803063954932780E-002
   59.750000000000000       4.26342763059414723E-002
   60.000000000000000       3.97839291887472149E-002
   60.250000000000000       3.70374097350290379E-002
   60.500000000000000       3.44012589849027745E-002
   60.750000000000000       3.18805000441745034E-002
   61.000000000000000       2.94787356355054181E-002
   61.250000000000000       2.71982544826682680E-002
   61.500000000000000       2.50401437345887518E-002
   61.750000000000000       2.30044048768222459E-002
   62.000000000000000       2.10900708413513174E-002
   62.250000000000000       1.92953223015219257E-002
   62.500000000000000       1.76176014191277777E-002
   62.750000000000000       1.60537215878626162E-002
   63.000000000000000       1.45999719855545215E-002
   63.250000000000000       1.32522160019215626E-002
   63.500000000000000       1.20059828453093556E-002
   63.750000000000000       1.08565518482913372E-002
   64.000000000000000       9.79902918637361522E-003
   64.250000000000000       8.82841689541681574E-003
   64.500000000000000       7.93967422155229460E-003
   64.750000000000000       7.12777146271089367E-003
   65.000000000000000       6.38773656426905572E-003
   65.250000000000000       5.71469481399950602E-003
   65.500000000000000       5.10390204502484020E-003
   65.750000000000000       4.55077180153997014E-003
   66.000000000000000       4.05089695253789493E-003
   66.250000000000000       3.60006625553656095E-003
   66.500000000000000       3.19427637725052012E-003
   66.750000000000000       2.82973987311445959E-003
   67.000000000000000       2.50288961429324594E-003
   67.250000000000000       2.21038013093574799E-003
   67.500000000000000       1.94908631544359946E-003
   67.750000000000000       1.71609990078067901E-003
   68.000000000000000       1.50872409754121916E-003
   68.250000000000000       1.32446674066720124E-003
   68.500000000000000       1.16103226325174743E-003
   68.750000000000000       1.01631278153338283E-003
   69.000000000000000       8.88378542589828425E-004
   69.250000000000000       7.75467954868589424E-004
   69.500000000000000       6.75977391921227266E-004
   69.750000000000000       5.88450931814575497E-004
   70.000000000000000       5.11570168862830440E-004
   70.250000000000000       4.44144210670959730E-004
   70.500000000000000       3.85099952049544635E-004
   70.750000000000000       3.33472698147948654E-004
   71.000000000000000       2.88397192107453558E-004
   71.250000000000000       2.49099087575595614E-004
   71.500000000000000       2.14886893438532211E-004
   71.750000000000000       1.85144406992523953E-004
   72.000000000000000       1.59323642348930129E-004
   72.250000000000000       1.36938253002902532E-004
   72.500000000000000       1.17557441045130904E-004
   72.750000000000000       1.00800340310488730E-004
   73.000000000000000       8.63308566931656347E-005
   73.250000000000000       7.38529457768953145E-005
   73.500000000000000       6.31063057010524596E-005
   73.750000000000000       5.38624616874625124E-005
   74.000000000000000       4.59212177771660138E-005
   74.250000000000000       3.91074509695123743E-005
   74.500000000000000       3.32682230263099519E-005
   74.750000000000000       2.82701856197133479E-005
   75.000000000000000       2.39972551920295435E-005
   75.250000000000000       2.03485347956987863E-005
   75.500000000000000       1.72364612378847309E-005
   75.750000000000000       1.45851570197923965E-005
   76.000000000000000       1.23289677966177408E-005
   76.250000000000000       1.04111673570234040E-005
   76.500000000000000       8.78281340416520015E-006
   76.750000000000000       7.40173869166420476E-006
   77.000000000000000       6.23166331016746019E-006
   77.250000000000000       5.24141511984714371E-006
   77.500000000000000       4.40424647132696215E-006
   77.750000000000000       3.69723644495683341E-006
   78.000000000000000       3.10076886137377874E-006
   78.250000000000000       2.59807727219877607E-006
   78.500000000000000       2.17484902749042190E-006
   78.750000000000000       1.81888133650382274E-006
   79.000000000000000       1.51978299173681688E-006
   79.250000000000000       1.26871611534631782E-006
   79.500000000000000       1.05817291455055563E-006
   79.750000000000000       8.81783001793547296E-007
   80.000000000000000       7.34147349715839625E-007
   80.250000000000000       6.10695413993724462E-007
   80.500000000000000       5.07562372587098443E-007
   80.750000000000000       4.21483801571093552E-007
   81.000000000000000       3.49705439142075058E-007
   81.250000000000000       2.89905984087871539E-007
   81.500000000000000       2.40131136343543340E-007
   81.750000000000000       1.98737318386859618E-007
   82.000000000000000       1.64343720136399670E-007
   82.250000000000000       1.35791489470684246E-007
   82.500000000000000       1.12109048053118207E-007
   82.750000000000000       9.24826501835139324E-008
   83.000000000000000       7.62314230605756294E-008
   83.250000000000000       6.27862320955801226E-008
   83.500000000000000       5.16718065459883045E-008
   83.750000000000000       4.24916403454914037E-008
   84.000000000000000       3.49152520381469688E-008
   84.250000000000000       2.86674474720229318E-008
   84.500000000000000       2.35192805262365201E-008
   84.750000000000000       1.92804516609862329E-008
   85.000000000000000       1.57929224033560335E-008
   85.250000000000000       1.29255568170081060E-008
   85.500000000000000       1.05696292607210960E-008
   85.750000000000000       8.63506194264877306E-009
   86.000000000000000       7.04727647086743647E-009
   86.250000000000000       5.74456126428205274E-009
   86.500000000000000       4.67587173816641500E-009
   86.750000000000000       3.79899297813657174E-009
   87.000000000000000       3.07900547974342039E-009
   87.250000000000000       2.48700373018489354E-009
   87.500000000000000       1.99902517847459035E-009
   87.750000000000000       1.59515368234441770E-009
   88.000000000000000       1.25876700672356107E-009
   88.250000000000000       9.75902526755920278E-010
   88.500000000000000       7.34719082371257423E-010
   88.750000000000000       5.25036045867229119E-010
   89.000000000000000       3.37933185579408806E-010
   89.250000000000000       1.65396908547899872E-010
   89.500000000000000        0.0000000000000000     
