  -10.500000000000000        0.0000000000000000     
  -10.250000000000000       1.61766828501282075E-004
  -10.000000000000000       6.15375302316244530E-005
  -9.7500000000000000      -1.54072987023016675E-004
  -9.5000000000000000      -3.04792990624266989E-004
  -9.2500000000000000      -1.93991711661579161E-004
  -9.0000000000000000       6.87053284957889069E-005
  -8.7500000000000000       2.24780672801651088E-004
  -8.5000000000000000       1.25933677349023308E-004
  -8.2500000000000000       3.46173701956033089E-006
  -8.0000000000000000       1.16629652545283685E-005
  -7.7500000000000000       9.92272142770212335E-005
  -7.5000000000000000       1.31947800056146999E-004
  -7.2500000000000000       5.33143545959481699E-005
  -7.0000000000000000      -3.47943599646714118E-005
  -6.7500000000000000      -9.80281768675922720E-005
  -6.5000000000000000      -1.55534384388306130E-004
  -6.2500000000000000      -2.09752422941829651E-004
  -6.0000000000000000      -1.88728748297118076E-004
  -5.7500000000000000      -9.23827159221054232E-005
  -5.5000000000000000       6.52864000556528418E-005
  -5.2500000000000000       1.66058653811325705E-004
  -5.0000000000000000       1.51530361403556097E-004
  -4.7500000000000000       1.10917348877892350E-004
  -4.5000000000000000       1.01634521676808600E-004
  -4.2500000000000000       1.14769256455065963E-004
  -4.0000000000000000       8.31224462989463210E-005
  -3.7500000000000000      -1.86985006401180489E-006
  -3.5000000000000000      -2.97045490453536751E-005
  -3.2500000000000000       2.00536811199118883E-005
  -3.0000000000000000      -1.18575726504096746E-005
  -2.7500000000000000      -1.49540771387993583E-004
  -2.5000000000000000      -3.19004267924646943E-004
  -2.2500000000000000      -3.07556736219355615E-004
  -2.0000000000000000      -8.03630827454657420E-005
  -1.7500000000000000       1.48538528936724315E-004
  -1.5000000000000000       1.83212892330971328E-004
  -1.2500000000000000       1.03707195633519951E-005
  -1.0000000000000000      -1.14933888623047019E-004
 -0.75000000000000000      -2.00896074013455428E-005
 -0.50000000000000000       2.33672459060807578E-004
 -0.25000000000000000       3.08274874538199924E-004
   0.0000000000000000       1.41463888436178857E-004
  0.25000000000000000      -3.27684001747254985E-005
  0.50000000000000000       1.66514694499829870E-005
  0.75000000000000000       2.20417184117753366E-004
   1.0000000000000000       2.33738897074025514E-004
   1.2500000000000000      -5.46468575307807510E-006
   1.5000000000000000      -3.15286141241221697E-004
   1.7500000000000000      -4.20274557429466296E-004
   2.0000000000000000      -3.05690362411111926E-004
   2.2500000000000000      -1.39204842546813897E-004
   2.5000000000000000      -1.15495780438753937E-004
   2.7500000000000000      -1.96830579829094946E-004
   3.0000000000000000      -1.86780724742580183E-004
   3.2500000000000000      -4.28120767238667849E-005
   3.5000000000000000       1.74148593853922228E-004
   3.7500000000000000       2.74777917410467230E-004
   4.0000000000000000       2.65498242431561017E-004
   4.2500000000000000       2.60834184313188996E-004
   4.5000000000000000       2.67693890933323644E-004
   4.7500000000000000       2.33891515288847223E-004
   5.0000000000000000       1.54632289468688229E-004
   5.2500000000000000       7.85207143758539638E-005
   5.5000000000000000       8.19686539650666410E-005
   5.7500000000000000       1.04955054965974915E-004
   6.0000000000000000       4.95705941992784799E-005
   6.2500000000000000      -6.00190494773327829E-005
   6.5000000000000000      -1.88246168449907709E-004
   6.7500000000000000      -2.55568440084894921E-004
   7.0000000000000000      -2.94290088273589125E-004
   7.2500000000000000      -3.70628480536391348E-004
   7.5000000000000000      -4.72717127255336416E-004
   7.7500000000000000      -4.66323697851599411E-004
   8.0000000000000000      -3.37991941650489839E-004
   8.2500000000000000      -1.80187841979002634E-004
   8.5000000000000000      -9.12240283874326153E-005
   8.7500000000000000      -3.26509283958772187E-005
   9.0000000000000000       1.54773034683724131E-004
   9.2500000000000000       3.93274890003921299E-004
   9.5000000000000000       5.75901364737942080E-004
   9.7500000000000000       6.22703814183557872E-004
   10.000000000000000       5.60445085067633945E-004
   10.250000000000000       4.23691054263785163E-004
   10.500000000000000       4.04448490561360482E-004
   10.750000000000000       4.49667271127326647E-004
   11.000000000000000       3.57628106511824776E-004
   11.250000000000000       1.06065145480374812E-004
   11.500000000000000      -1.49691291086394762E-004
   11.750000000000000      -2.51800492292177070E-004
   12.000000000000000      -2.28155097342863303E-004
   12.250000000000000      -2.29468364320516957E-004
   12.500000000000000      -3.39187523261007837E-004
   12.750000000000000      -5.02622111761323164E-004
   13.000000000000000      -6.13376088903073709E-004
   13.250000000000000      -6.24839579513874143E-004
   13.500000000000000      -5.76032562005611079E-004
   13.750000000000000      -5.34786996024081990E-004
   14.000000000000000      -5.30656502960391769E-004
   14.250000000000000      -5.35238296339355562E-004
   14.500000000000000      -4.92742309004290803E-004
   14.750000000000000      -3.65127354810680974E-004
   15.000000000000000      -1.56036281981921748E-004
   15.250000000000000       9.73509579532046842E-005
   15.500000000000000       3.50943242443436845E-004
   15.750000000000000       5.77067193162802928E-004
   16.000000000000000       7.70794463670994821E-004
   16.250000000000000       9.39804476663453747E-004
   16.500000000000000       1.08828841730747110E-003
   16.750000000000000       1.20649537592908509E-003
   17.000000000000000       1.27161559852411311E-003
   17.250000000000000       1.25797963780299575E-003
   17.500000000000000       1.14969144131274849E-003
   17.750000000000000       9.48667080025288848E-004
   18.000000000000000       6.74559573312997151E-004
   18.250000000000000       3.57607760169369583E-004
   18.500000000000000       2.85996200233166803E-005
   18.750000000000000      -2.89292425045473882E-004
   19.000000000000000      -5.83763400749371351E-004
   19.250000000000000      -8.51410327975516573E-004
   19.500000000000000      -1.09257535268710102E-003
   19.750000000000000      -1.30601867966923533E-003
   20.000000000000000      -1.48594588307773660E-003
   20.250000000000000      -1.62242734595401897E-003
   20.500000000000000      -1.70457691970712791E-003
   20.750000000000000      -1.72472239036574118E-003
   21.000000000000000      -1.68156962902466043E-003
   21.250000000000000      -1.58098056869590315E-003
   21.500000000000000      -1.43408024965901732E-003
   21.750000000000000      -1.25349122118090283E-003
   22.000000000000000      -1.04916041734063313E-003
   22.250000000000000      -8.25305154780182622E-004
   22.500000000000000      -5.79516086934398563E-004
   22.750000000000000      -3.04253835615020092E-004
   23.000000000000000       9.82791751712668677E-006
   23.250000000000000       3.69840903674663389E-004
   23.500000000000000       7.77145561029657546E-004
   23.750000000000000       1.22533923842783801E-003
   24.000000000000000       1.70019884155152724E-003
   24.250000000000000       2.18142449220995027E-003
   24.500000000000000       2.64554501130249758E-003
   24.750000000000000       3.06910557272867127E-003
   25.000000000000000       3.43130066912588141E-003
   25.250000000000000       3.71549182800307541E-003
   25.500000000000000       3.90944920526317252E-003
   25.750000000000000       4.00454899080196318E-003
   26.000000000000000       3.99443363394161137E-003
   26.250000000000000       3.87373588090342454E-003
   26.500000000000000       3.63737546174848188E-003
   26.750000000000000       3.28070564130834982E-003
   27.000000000000000       2.80049472306204746E-003
   27.250000000000000       2.19646108828689497E-003
   27.500000000000000       1.47290930151285559E-003
   27.750000000000000       6.39976761240770831E-004
   28.000000000000000      -2.85905082639936487E-004
   28.250000000000000      -1.28253757743593787E-003
   28.500000000000000      -2.32343528128045205E-003
   28.750000000000000      -3.38000503939567178E-003
   29.000000000000000      -4.42401615324147703E-003
   29.250000000000000      -5.42989972908316208E-003
   29.500000000000000      -6.37646462784674951E-003
   29.750000000000000      -7.24775208415779845E-003
   30.000000000000000      -8.03293556089713576E-003
   30.250000000000000      -8.72536379820489268E-003
   30.500000000000000      -9.32100289757560249E-003
   30.750000000000000      -9.81662809077080319E-003
   31.000000000000000      -1.02081338656267971E-002
   31.250000000000000      -1.04892755983876946E-002
   31.500000000000000      -1.06510444729138783E-002
   31.750000000000000      -1.06817372815108148E-002
   32.000000000000000      -1.05676436903655597E-002
   32.250000000000000      -1.02941624694697052E-002
   32.500000000000000      -9.84709372429665684E-003
   32.750000000000000      -9.21384424888129980E-003
   33.000000000000000      -8.38432456530399314E-003
   33.250000000000000      -7.35139652032721930E-003
   33.500000000000000      -6.11083095991322555E-003
   33.750000000000000      -4.66083549297307328E-003
   34.000000000000000      -3.00129411918852044E-003
   34.250000000000000      -1.13291002904458834E-003
   34.500000000000000       9.43546371625996654E-004
   34.750000000000000       3.22770936455113108E-003
   35.000000000000000       5.71969268527888763E-003
   35.250000000000000       8.41972644318547160E-003
   35.500000000000000       1.13273962235735191E-002
   35.750000000000000       1.44405957142973197E-002
   36.000000000000000       1.77543548841421726E-002
   36.250000000000000       2.12597287580579587E-002
   36.500000000000000       2.49429250529076378E-002
   36.750000000000000       2.87848150194610804E-002
   37.000000000000000       3.27609173992442285E-002
   37.250000000000000       3.68418796632661860E-002
   37.500000000000000       4.09944138583239609E-002
   37.750000000000000       4.51825860516424510E-002
   38.000000000000000       4.93693162061790772E-002
   38.250000000000000       5.35179241504295244E-002
   38.500000000000000       5.75935586650096198E-002
   38.750000000000000       6.15643689371692601E-002
   39.000000000000000       6.54023164000311907E-002
   39.250000000000000       6.90835740933048309E-002
   39.500000000000000       7.25885131171711412E-002
   39.750000000000000       7.59013246079714016E-002
   40.000000000000000       7.90093650764389921E-002
   40.250000000000000       8.19023387314221224E-002
   40.500000000000000       8.45714404330421554E-002
   40.750000000000000       8.70085771751831910E-002
   41.000000000000000       8.92057664119537269E-002
   41.250000000000000       9.11547795512860082E-002
   41.500000000000000       9.28470629298685651E-002
   41.750000000000000       9.42739312858398987E-002
   42.000000000000000       9.54269946376590378E-002
   42.250000000000000       9.62987522888321124E-002
   42.500000000000000       9.68832700295619298E-002
   42.750000000000000       9.71768498154508692E-002
   43.000000000000000       9.71786052579400872E-002
   43.250000000000000       9.68908699449695238E-002
   43.500000000000000       9.63193867489919309E-002
   43.750000000000000       9.54732520658428119E-002
   44.000000000000000       9.43646162822646406E-002
   44.250000000000000       9.30081676915310851E-002
   44.500000000000000       9.14204489514918173E-002
   44.750000000000000       8.96190710148161707E-002
   45.000000000000000       8.76218980331134184E-002
   45.250000000000000       8.54462776427656889E-002
   45.500000000000000       8.31083846662212938E-002
   45.750000000000000       8.06227336721877519E-002
   46.000000000000000       7.80018986100799727E-002
   46.250000000000000       7.52564577639316806E-002
   46.500000000000000       7.23951615646504787E-002
   46.750000000000000       6.94253012767471617E-002
   47.000000000000000       6.63532399020144992E-002
   47.250000000000000       6.31850541017590778E-002
   47.500000000000000       5.99272283530319014E-002
   47.750000000000000       5.65873402526095859E-002
   48.000000000000000       5.31746787188255160E-002
   48.250000000000000       4.97007442490256177E-002
   48.500000000000000       4.61795914685420236E-002
   48.750000000000000       4.26279878261313083E-002
   49.000000000000000       3.90653772064344929E-002
   49.250000000000000       3.55136521942572420E-002
   49.500000000000000       3.19967525869641750E-002
   49.750000000000000       2.85401195369670811E-002
   50.000000000000000       2.51700436805425247E-002
   50.250000000000000       2.19129513080300597E-002
   50.500000000000000       1.87946748711300682E-002
   50.750000000000000       1.58397529911568011E-002
   51.000000000000000       1.30708009499257444E-002
   51.250000000000000       1.05079859252471663E-002
   51.500000000000000       8.16863262400620467E-003
   51.750000000000000       6.06697519221680633E-003
   52.000000000000000       4.21406108619404828E-003
   52.250000000000000       2.61780268014977138E-003
   52.500000000000000       1.28316339126745022E-003
   52.750000000000000       2.12457537382556628E-004
   53.000000000000000      -5.94262618893155823E-004
   53.250000000000000      -1.13876291478451136E-003
   53.500000000000000      -1.42415831375432051E-003
   53.750000000000000      -1.45445037371523533E-003
   54.000000000000000      -1.23410031485569113E-003
   54.250000000000000      -7.67662953268946646E-004
   54.500000000000000      -5.95016363448070329E-005
   54.750000000000000       8.86401659582830830E-004
   55.000000000000000       2.06653332146937256E-003
   55.250000000000000       3.47783088648685387E-003
   55.500000000000000       5.11756645707100218E-003
   55.750000000000000       6.98314106863742040E-003
   56.000000000000000       9.07180493801185150E-003
   56.250000000000000       1.13803220572419594E-002
   56.500000000000000       1.39045999614369389E-002
   56.750000000000000       1.66393066565716959E-002
   57.000000000000000       1.95774966758282647E-002
   57.250000000000000       2.27102671306186749E-002
   57.500000000000000       2.60264625713436670E-002
   57.750000000000000       2.95124446444680437E-002
   58.000000000000000       3.31519391204047192E-002
   58.250000000000000       3.69259690750812913E-002
   58.500000000000000       4.08128790401917421E-002
   58.750000000000000       4.47884509855385401E-002
   59.000000000000000       4.88261092352890447E-002
   59.250000000000000       5.28972079970589718E-002
   59.500000000000000       5.69713922178771981E-002
   59.750000000000000       6.10170200620329950E-002
   60.000000000000000       6.50016334881733521E-002
   60.250000000000000       6.88924622113279289E-002
   60.500000000000000       7.26569457655889261E-002
   60.750000000000000       7.62632584054359214E-002
   61.000000000000000       7.96808221474364364E-002
   61.250000000000000       8.28807942918804857E-002
   61.500000000000000       8.58365171965274482E-002
   61.750000000000000       8.85239198154603446E-002
   62.000000000000000       9.09218624755739752E-002
   62.250000000000000       9.30124184530229103E-002
   62.500000000000000       9.47810880479989654E-002
   62.750000000000000       9.62169429616789723E-002
   63.000000000000000       9.73127007865781796E-002
   63.250000000000000       9.80647312741364519E-002
   63.500000000000000       9.84729976960449227E-002
   63.750000000000000       9.85409380353682723E-002
   64.000000000000000       9.82752919083601517E-002
   64.250000000000000       9.76858800174320030E-002
   64.500000000000000       9.67853435694644298E-002
   64.750000000000000       9.55888514697658814E-002
   65.000000000000000       9.41137832360963433E-002
   65.250000000000000       9.23793954908159881E-002
   65.500000000000000       9.04064796083330624E-002
   65.750000000000000       8.82170176485467944E-002
   66.000000000000000       8.58338431254703077E-002
   66.250000000000000       8.32803124746443052E-002
   66.500000000000000       8.05799923236424354E-002
   66.750000000000000       7.77563668657000884E-002
   67.000000000000000       7.48325688138041095E-002
   67.250000000000000       7.18311365952067210E-002
   67.500000000000000       6.87737996548746233E-002
   67.750000000000000       6.56812929880994378E-002
   68.000000000000000       6.25732013312077090E-002
   68.250000000000000       5.94678328154807229E-002
   68.500000000000000       5.63821213402805610E-002
   68.750000000000000       5.33315564512571935E-002
   69.000000000000000       5.03301391199798553E-002
   69.250000000000000       4.73903615116415336E-002
   69.500000000000000       4.45232085948830403E-002
   69.750000000000000       4.17381792879012239E-002
   70.000000000000000       3.90433247421960380E-002
   70.250000000000000       3.64453013330006056E-002
   70.500000000000000       3.39494359464369774E-002
   70.750000000000000       3.15598012202329067E-002
   71.000000000000000       2.92792984998297562E-002
   71.250000000000000       2.71097464074570062E-002
   71.500000000000000       2.50519730811074037E-002
   71.750000000000000       2.31059103166377754E-002
   72.000000000000000       2.12706880333255466E-002
   72.250000000000000       1.95447276756433239E-002
   72.500000000000000       1.79258333569660144E-002
   72.750000000000000       1.64112797402849245E-002
   73.000000000000000       1.49978958333486477E-002
   73.250000000000000       1.36821440482307669E-002
   73.500000000000000       1.24601940360207931E-002
   73.750000000000000       1.13279909546136325E-002
   74.000000000000000       1.02813179604327298E-002
   74.250000000000000       9.31585283283079511E-003
   74.500000000000000       8.42721874274638197E-003
   74.750000000000000       7.61102926517742782E-003
   75.000000000000000       6.86292780867170903E-003
   75.250000000000000       6.17862169506390273E-003
   75.500000000000000       5.55391117001733520E-003
   75.750000000000000       4.98471366058749268E-003
   76.000000000000000       4.46708362112567189E-003
   76.250000000000000       3.99722832453844323E-003
   76.500000000000000       3.57151996337377788E-003
   76.750000000000000       3.18650442556156748E-003
   77.000000000000000       2.83890710399705695E-003
   77.250000000000000       2.52563608856473405E-003
   77.500000000000000       2.24378307462991819E-003
   77.750000000000000       1.99062230436795190E-003
   78.000000000000000       1.76360783736247877E-003
   78.250000000000000       1.56036942540210615E-003
   78.500000000000000       1.37870724396740277E-003
   78.750000000000000       1.21658571006927666E-003
   79.000000000000000       1.07212659333386323E-003
   79.250000000000000       9.43601604908135701E-004
   79.500000000000000       8.29424627191998253E-004
   79.750000000000000       7.28143726827764314E-004
   80.000000000000000       6.38433073978161478E-004
   80.250000000000000       5.59084872828019552E-004
   80.500000000000000       4.89001391535171014E-004
   80.750000000000000       4.27187164575745489E-004
   81.000000000000000       3.72741426587540900E-004
   81.250000000000000       3.24850824394329286E-004
   81.500000000000000       2.82782442853332758E-004
   81.750000000000000       2.45877170449624823E-004
   82.000000000000000       2.13543422093544915E-004
   82.250000000000000       1.85251229279544968E-004
   82.500000000000000       1.60526701550154532E-004
   82.750000000000000       1.38946857986460369E-004
   83.000000000000000       1.20134823125045580E-004
   83.250000000000000       1.03755378189936357E-004
   83.500000000000000       8.95108557383329523E-005
   83.750000000000000       7.71373636658894118E-005
   84.000000000000000       6.64013229206492626E-005
   84.250000000000000       5.70963021591382831E-005
   84.500000000000000       4.90401318737752578E-005
   84.750000000000000       4.20722801636372234E-005
   85.000000000000000       3.60514722524699966E-005
   85.250000000000000       3.08535360261632117E-005
   85.500000000000000       2.63694562197928984E-005
   85.750000000000000       2.25036203901804592E-005
   86.000000000000000       1.91722404271637317E-005
   86.250000000000000       1.63019340535470413E-005
   86.500000000000000       1.38284515124318505E-005
   86.750000000000000       1.16955334177009762E-005
   87.000000000000000       9.85388652875974033E-006
   87.250000000000000       8.26026498731821807E-006
   87.500000000000000       6.87664530792647921E-006
   87.750000000000000       5.66948413349996589E-006
   88.000000000000000       4.60904844267453512E-006
   88.250000000000000       3.66880851981611753E-006
   88.500000000000000       2.82488456473363447E-006
   88.750000000000000       2.05553832276368908E-006
   89.000000000000000       1.34070155314999593E-006
   89.250000000000000       6.61533521658021445E-007
   89.500000000000000        0.0000000000000000     
