  -10.500000000000000        0.0000000000000000     
  -10.250000000000000      -1.59903708752800946E-004
  -10.000000000000000      -2.03613510588277120E-004
  -9.7500000000000000      -1.19201744355941941E-004
  -9.5000000000000000       9.19546473967663167E-005
  -9.2500000000000000       2.35281054055998324E-005
  -9.0000000000000000      -2.55171295653917066E-005
  -8.7500000000000000      -1.03092372836366118E-004
  -8.5000000000000000      -3.56580883971464716E-005
  -8.2500000000000000       1.97436710578477459E-004
  -8.0000000000000000       2.48436449369959366E-004
  -7.7500000000000000       1.11898167928628988E-004
  -7.5000000000000000      -2.65624179774392411E-005
  -7.2500000000000000      -1.52428189565220778E-004
  -7.0000000000000000      -1.42998682980860264E-004
  -6.7500000000000000      -4.78488375477458319E-005
  -6.5000000000000000      -7.47631469593210439E-005
  -6.2500000000000000      -4.39778423043227148E-005
  -6.0000000000000000      -5.93066774695040705E-005
  -5.7500000000000000      -1.99363172800518952E-005
  -5.5000000000000000       7.72939297720633568E-005
  -5.2500000000000000       1.18284982733966775E-004
  -5.0000000000000000       1.14588381266566395E-004
  -4.7500000000000000       7.72815773560972378E-005
  -4.5000000000000000       5.39926796723708824E-005
  -4.2500000000000000       4.04708652156887509E-005
  -4.0000000000000000       3.78475904278662039E-005
  -3.7500000000000000      -3.65801711855787048E-005
  -3.5000000000000000      -1.86233393569928604E-004
  -3.2500000000000000      -2.28232967412218536E-004
  -3.0000000000000000      -1.24043317963634620E-004
  -2.7500000000000000       3.98442586037727885E-005
  -2.5000000000000000       2.29195173588883194E-004
  -2.2500000000000000       7.12144767436294096E-005
  -2.0000000000000000      -1.02388389267623475E-004
  -1.7500000000000000      -1.78520454025234609E-004
  -1.5000000000000000      -1.47588107037732448E-004
  -1.2500000000000000       2.08990156837320112E-004
  -1.0000000000000000       3.08747147787856826E-004
 -0.75000000000000000       2.30029613319967813E-004
 -0.50000000000000000       4.57701179432262208E-005
 -0.25000000000000000      -1.24930431525356394E-004
   0.0000000000000000      -2.93774716405803709E-005
  0.25000000000000000       7.08024028700855490E-005
  0.50000000000000000      -8.78553773765050367E-005
  0.75000000000000000      -2.57030579295089651E-004
   1.0000000000000000      -3.21849640156148876E-004
   1.2500000000000000      -2.10991128907058313E-004
   1.5000000000000000       1.55465595520627199E-004
   1.7500000000000000       1.97978228640306308E-004
   2.0000000000000000       1.36300758657365939E-004
   2.2500000000000000      -2.27184892826674909E-005
   2.5000000000000000      -1.71959102978457316E-004
   2.7500000000000000       1.48410917150318525E-005
   3.0000000000000000       1.64719851525496104E-004
   3.2500000000000000       2.50877387302262029E-004
   3.5000000000000000       1.99052174354926565E-004
   3.7500000000000000       5.71333928367844608E-005
   4.0000000000000000       5.97093934772072719E-006
   4.2500000000000000       2.55072256583338953E-005
   4.5000000000000000       8.24884059828002211E-006
   4.7500000000000000      -6.27313831124029194E-005
   5.0000000000000000      -1.87706783516494979E-004
   5.2500000000000000      -2.88452577187231789E-004
   5.5000000000000000      -3.09595372285444137E-004
   5.7500000000000000      -2.07509217928592850E-004
   6.0000000000000000      -9.91481420066009838E-005
   6.2500000000000000      -1.99588682529254971E-005
   6.5000000000000000       8.35591277652112703E-005
   6.7500000000000000       8.97947860557736955E-005
   7.0000000000000000       2.07252167123951316E-004
   7.2500000000000000       2.76647729446549532E-004
   7.5000000000000000       2.60440610598855189E-004
   7.7500000000000000       2.23148913577124648E-004
   8.0000000000000000       8.77296789388455194E-005
   8.2500000000000000       7.66436029301766964E-006
   8.5000000000000000       6.25634478229387427E-005
   8.7500000000000000       4.08911971040954610E-005
   9.0000000000000000      -2.35452617303705435E-006
   9.2500000000000000      -2.27625348996542227E-005
   9.5000000000000000      -2.06400200514077214E-004
   9.7500000000000000      -1.95031174277421728E-004
   10.000000000000000      -1.98017090771612054E-004
   10.250000000000000      -1.48643266233739434E-004
   10.500000000000000      -1.44003103929285151E-004
   10.750000000000000      -2.89805783445077443E-004
   11.000000000000000      -3.61159305997470149E-004
   11.250000000000000      -2.36316532875709872E-004
   11.500000000000000      -9.25438100879150951E-007
   11.750000000000000       1.55899689679100132E-004
   12.000000000000000       1.74213029675868961E-004
   12.250000000000000       1.74894502223106536E-004
   12.500000000000000       2.75700281530656514E-004
   12.750000000000000       4.43255170403598821E-004
   13.000000000000000       5.44407667579676117E-004
   13.250000000000000       4.93850486026771343E-004
   13.500000000000000       3.24935136471633085E-004
   13.750000000000000       1.36928186186202497E-004
   14.000000000000000       1.29378136616689404E-007
   14.250000000000000      -8.74844000210033327E-005
   14.500000000000000      -1.70817945181377421E-004
   14.750000000000000      -2.80536882664615293E-004
   15.000000000000000      -4.02345519218000758E-004
   15.250000000000000      -4.90781962353763874E-004
   15.500000000000000      -5.06756876534027894E-004
   15.750000000000000      -4.45687180871840078E-004
   16.000000000000000      -3.37807613837897368E-004
   16.250000000000000      -2.25764169379758526E-004
   16.500000000000000      -1.38563640168835064E-004
   16.750000000000000      -7.89771865577999289E-005
   17.000000000000000      -2.92347570903243433E-005
   17.250000000000000       3.23571626311232311E-005
   17.500000000000000       1.16065742304484964E-004
   17.750000000000000       2.15362195990773418E-004
   18.000000000000000       3.12566058113701746E-004
   18.250000000000000       3.90026183003000417E-004
   18.500000000000000       4.39344220366596756E-004
   18.750000000000000       4.63680186812721710E-004
   19.000000000000000       4.72896298387651928E-004
   19.250000000000000       4.75252800668601904E-004
   19.500000000000000       4.70685702289241610E-004
   19.750000000000000       4.49222297481685054E-004
   20.000000000000000       3.95072456569801119E-004
   20.250000000000000       2.94099547855085927E-004
   20.500000000000000       1.41021230262397817E-004
   20.750000000000000      -5.68146498330010508E-005
   21.000000000000000      -2.80417831435351267E-004
   21.250000000000000      -5.04115236854716362E-004
   21.500000000000000      -7.02201217665656069E-004
   21.750000000000000      -8.54662411296718753E-004
   22.000000000000000      -9.50126076984095886E-004
   22.250000000000000      -9.85554770079090803E-004
   22.500000000000000      -9.63545653480638096E-004
   22.750000000000000      -8.88869496205418582E-004
   23.000000000000000      -7.65888612888397094E-004
   23.250000000000000      -5.97844290902106485E-004
   23.500000000000000      -3.88052300021367183E-004
   23.750000000000000      -1.42199880257558114E-004
   24.000000000000000       1.29491666846160618E-004
   24.250000000000000       4.11376072236445151E-004
   24.500000000000000       6.83368807526720033E-004
   24.750000000000000       9.23690892367337699E-004
   25.000000000000000       1.11260491309420127E-003
   25.250000000000000       1.23603248188881030E-003
   25.500000000000000       1.28798626777954319E-003
   25.750000000000000       1.27113609138764828E-003
   26.000000000000000       1.19540477620175365E-003
   26.250000000000000       1.07505951783524404E-003
   26.500000000000000       9.25155709207769973E-004
   26.750000000000000       7.58302836615736844E-004
   27.000000000000000       5.82550527215122834E-004
   27.250000000000000       4.00815115094431493E-004
   27.500000000000000       2.11811654840693262E-004
   27.750000000000000       1.20587337513098052E-005
   28.000000000000000      -2.01712905452515478E-004
   28.250000000000000      -4.30445692193923602E-004
   28.500000000000000      -6.71469746599503200E-004
   28.750000000000000      -9.18294462890156924E-004
   29.000000000000000      -1.16140504112486882E-003
   29.250000000000000      -1.38972919072461072E-003
   29.500000000000000      -1.59229788675738356E-003
   29.750000000000000      -1.75962834053050251E-003
   30.000000000000000      -1.88449031176093104E-003
   30.250000000000000      -1.96192966593003145E-003
   30.500000000000000      -1.98865116270969741E-003
   30.750000000000000      -1.96204395660445766E-003
   31.000000000000000      -1.87922428133665306E-003
   31.250000000000000      -1.73645340318160637E-003
   31.500000000000000      -1.52917671918979597E-003
   31.750000000000000      -1.25275616024820408E-003
   32.000000000000000      -9.03779443027621920E-004
   32.250000000000000      -4.81672874771761042E-004
   32.500000000000000       9.74482361004269486E-006
   32.750000000000000       5.61134141757790210E-004
   33.000000000000000       1.15721976516874924E-003
   33.250000000000000       1.77723674031102165E-003
   33.500000000000000       2.39621690806226303E-003
   33.750000000000000       2.98693409305904236E-003
   34.000000000000000       3.52220657141647008E-003
   34.250000000000000       3.97719785692936603E-003
   34.500000000000000       4.33136948427389080E-003
   34.750000000000000       4.56981536517453782E-003
   35.000000000000000       4.68382774679848568E-003
   35.250000000000000       4.67068400726573969E-003
   35.500000000000000       4.53277422772584409E-003
   35.750000000000000       4.27628833352566590E-003
   36.000000000000000       3.90973320615668751E-003
   36.250000000000000       3.44254922862074304E-003
   36.500000000000000       2.88404704409885200E-003
   36.750000000000000       2.24280194049624121E-003
   37.000000000000000       1.52654336028468750E-003
   37.250000000000000       7.42480027103804992E-004
   37.500000000000000      -1.02075770574751225E-004
   37.750000000000000      -9.98966068378261823E-004
   38.000000000000000      -1.93851613956821434E-003
   38.250000000000000      -2.90909523288359652E-003
   38.500000000000000      -3.89701415266592013E-003
   38.750000000000000      -4.88679319397109218E-003
   39.000000000000000      -5.86176045554881280E-003
   39.250000000000000      -6.80487807282065260E-003
   39.500000000000000      -7.69965257824828646E-003
   39.750000000000000      -8.53097125284064429E-003
   40.000000000000000      -9.28571993575612320E-003
   40.250000000000000      -9.95307562382815279E-003
   40.500000000000000      -1.05244219589070136E-002
   40.750000000000000      -1.09928977885152043E-002
   41.000000000000000      -1.13526482642371668E-002
   41.250000000000000      -1.15978953341751272E-002
   41.500000000000000      -1.17219732629071909E-002
   41.750000000000000      -1.17164814279382377E-002
   42.000000000000000      -1.15706910158238380E-002
   42.250000000000000      -1.12713075151300423E-002
   42.500000000000000      -1.08026427502933980E-002
   42.750000000000000      -1.01471958361815991E-002
   43.000000000000000      -9.28658949692027190E-003
   43.250000000000000      -8.20276366643294189E-003
   43.500000000000000      -6.87929760107315949E-003
   43.750000000000000      -5.30271815478962957E-003
   44.000000000000000      -3.46365623565460159E-003
   44.250000000000000      -1.35773427059550822E-003
   44.500000000000000       1.01389872976922969E-003
   44.750000000000000       3.64442605242413066E-003
   45.000000000000000       6.52161321684769160E-003
   45.250000000000000       9.62840449863162744E-003
   45.500000000000000       1.29437875773631538E-002
   45.750000000000000       1.64438248767878291E-002
   46.000000000000000       2.01027401299661707E-002
   46.250000000000000       2.38939518436130406E-002
   46.500000000000000       2.77909603523187193E-002
   46.750000000000000       3.17680194777871308E-002
   47.000000000000000       3.58005540104916475E-002
   47.250000000000000       3.98653164825962317E-002
   47.500000000000000       4.39403072412044224E-002
   47.750000000000000       4.80045073834722696E-002
   48.000000000000000       5.20374922100368675E-002
   48.250000000000000       5.60190020308588416E-002
   48.500000000000000       5.99285470420020464E-002
   48.750000000000000       6.37451142400109333E-002
   49.000000000000000       6.74470284849929685E-002
   49.250000000000000       7.10119990366911286E-002
   49.500000000000000       7.44173597005789028E-002
   49.750000000000000       7.76404877297507401E-002
   50.000000000000000       8.06593662225859320E-002
   50.250000000000000       8.34532388919399515E-002
   50.500000000000000       8.60032961199433954E-002
   50.750000000000000       8.82933278316876263E-002
   51.000000000000000       9.03102819048741123E-002
   51.250000000000000       9.20446759270832637E-002
   51.500000000000000       9.34908239399032115E-002
   51.750000000000000       9.46468568214784006E-002
   52.000000000000000       9.55145334118955441E-002
   52.250000000000000       9.60988576163672170E-002
   52.500000000000000       9.64075329108055046E-002
   52.750000000000000       9.64502985839707783E-002
   53.000000000000000       9.62382007180364180E-002
   53.250000000000000       9.57828548058611146E-002
   53.500000000000000       9.50957559441374944E-002
   53.750000000000000       9.41876870599034077E-002
   54.000000000000000       9.30682663130475846E-002
   54.250000000000000       9.17456626294692601E-002
   54.500000000000000       9.02264943883832465E-002
   54.750000000000000       8.85159118069946405E-002
   55.000000000000000       8.66178496932400732E-002
   55.250000000000000       8.45354250029003440E-002
   55.500000000000000       8.22714438741714987E-002
   55.750000000000000       7.98289761075115928E-002
   56.000000000000000       7.72119517267224331E-002
   56.250000000000000       7.44257343409576722E-002
   56.500000000000000       7.14776293148460667E-002
   56.750000000000000       6.83772908157887493E-002
   57.000000000000000       6.51370000462409421E-002
   57.250000000000000       6.17717966758987852E-002
   57.500000000000000       5.82994559045841715E-002
   57.750000000000000       5.47403139584497628E-002
   58.000000000000000       5.11169544559216052E-002
   58.250000000000000       4.74537763832516835E-002
   58.500000000000000       4.37764709338169800E-002
   58.750000000000000       4.01114388844945255E-002
   59.000000000000000       3.64851823609008211E-002
   59.250000000000000       3.29237047913565201E-002
   59.500000000000000       2.94519507192685416E-002
   59.750000000000000       2.60933132070063391E-002
   60.000000000000000       2.28692311850041130E-002
   60.250000000000000       1.97988927023535453E-002
   60.500000000000000       1.68990530733332221E-002
   60.750000000000000       1.41839698405180348E-002
   61.000000000000000       1.16654497129242245E-002
   61.250000000000000       9.35299655897645424E-003
   61.500000000000000       7.25404444161179950E-003
   61.750000000000000       5.37425579847586148E-003
   62.000000000000000       3.71786232938442832E-003
   62.250000000000000       2.28802500507034904E-003
   62.500000000000000       1.08718982338336769E-003
   62.750000000000000       1.17417407011034282E-004
   63.000000000000000      -6.19332903914180484E-004
   63.250000000000000      -1.12098037004253128E-003
   63.500000000000000      -1.38517340467253784E-003
   63.750000000000000      -1.40922071114323510E-003
   64.000000000000000      -1.19010575229376039E-003
   64.250000000000000      -7.24582798773039339E-004
   64.500000000000000      -9.34862415923602046E-006
   64.750000000000000       9.58719761049815419E-004
   65.000000000000000       2.18227397482038303E-003
   65.250000000000000       3.66316465141268031E-003
   65.500000000000000       5.40208975777747846E-003
   65.750000000000000       7.39823791185906764E-003
   66.000000000000000       9.64894365234246314E-003
   66.250000000000000       1.21493707534123772E-002
   66.500000000000000       1.48922381768184994E-002
   66.750000000000000       1.78676012151904318E-002
   67.000000000000000       2.10626979277170855E-002
   67.250000000000000       2.44618682321355758E-002
   67.500000000000000       2.80465501266059722E-002
   67.750000000000000       3.17953545978728949E-002
   68.000000000000000       3.56842179447830893E-002
   68.250000000000000       3.96866276116700292E-002
   68.500000000000000       4.37739152706103710E-002
   68.750000000000000       4.79156088828344359E-002
   69.000000000000000       5.20798338559286117E-002
   69.250000000000000       5.62337522237861681E-002
   69.500000000000000       6.03440280208865087E-002
   69.750000000000000       6.43773066946650846E-002
   70.000000000000000       6.83006964777344572E-002
   70.250000000000000       7.20822400911455552E-002
   70.500000000000000       7.56913659263585836E-002
   70.750000000000000       7.90993089054556620E-002
   71.000000000000000       8.22794924900992070E-002
   71.250000000000000       8.52078647414778456E-002
   71.500000000000000       8.78631828678801269E-002
   71.750000000000000       9.02272422777863348E-002
   72.000000000000000       9.22850477326297020E-002
   72.250000000000000       9.40249257181450110E-002
   72.500000000000000       9.54385785863197667E-002
   72.750000000000000       9.65210823281864999E-002
   73.000000000000000       9.72708309951145211E-002
   73.250000000000000       9.76894317742817986E-002
   73.500000000000000       9.77815555310855983E-002
   73.750000000000000       9.75547482524848630E-002
   74.000000000000000       9.70192092617570973E-002
   74.250000000000000       9.61875423332663737E-002
   74.500000000000000       9.50744859263908948E-002
   74.750000000000000       9.36966286951406852E-002
   75.000000000000000       9.20721162313119096E-002
   75.250000000000000       9.02203546832472392E-002
   75.500000000000000       8.81617164794442215E-002
   75.750000000000000       8.59172528967711846E-002
   76.000000000000000       8.35084176670225081E-002
   76.250000000000000       8.09568052322387904E-002
   76.500000000000000       7.82839066566374392E-002
   76.750000000000000       7.55108855975006321E-002
   77.000000000000000       7.26583761434513170E-002
   77.250000000000000       6.97463037586578821E-002
   77.500000000000000       6.67937300359786185E-002
   77.750000000000000       6.38187214691019605E-002
   78.000000000000000       6.08382420094958840E-002
   78.250000000000000       5.78680687826427578E-002
   78.500000000000000       5.49227300019745623E-002
   78.750000000000000       5.20154638388929322E-002
   79.000000000000000       4.91581967825728411E-002
   79.250000000000000       4.63615398520084709E-002
   79.500000000000000       4.36348009020632380E-002
   79.750000000000000       4.09860111914310196E-002
   80.000000000000000       3.84219643491169119E-002
   80.250000000000000       3.59482658826092150E-002
   80.500000000000000       3.35693914104186128E-002
   80.750000000000000       3.12887518691034872E-002
   81.000000000000000       2.91087640353360280E-002
   81.250000000000000       2.70309248122095301E-002
   81.500000000000000       2.50558878513181156E-002
   81.750000000000000       2.31835412139543146E-002
   82.000000000000000       2.14130849122472627E-002
   82.250000000000000       1.97431073107922975E-002
   82.500000000000000       1.81716595083234005E-002
   82.750000000000000       1.66963269547087262E-002
   83.000000000000000       1.53142976888942170E-002
   83.250000000000000       1.40224267066807618E-002
   83.500000000000000       1.28172960820900402E-002
   83.750000000000000       1.16952705716071963E-002
   84.000000000000000       1.06525485261687904E-002
   84.250000000000000       9.68520802107033715E-003
   84.500000000000000       8.78924818893360611E-003
   84.750000000000000       7.96062580565550133E-003
   85.000000000000000       7.19528723419633927E-003
   85.250000000000000       6.48919587664548939E-003
   85.500000000000000       5.83835532183269324E-003
   85.750000000000000       5.23882840452829894E-003
   86.000000000000000       4.68675241375047895E-003
   86.250000000000000       4.17835070266445782E-003
   86.500000000000000       3.70994096182661846E-003
   86.750000000000000       3.27794042190257149E-003
   87.000000000000000       2.87886825226387139E-003
   87.250000000000000       2.50934541880616559E-003
   87.500000000000000       2.16609225865673242E-003
   87.750000000000000       1.84592402183126388E-003
   88.000000000000000       1.54574462098667543E-003
   88.250000000000000       1.26253882077241824E-003
   88.500000000000000       9.93363088423702099E-004
   88.750000000000000       7.35335317624094716E-004
   89.000000000000000       4.85623628691005690E-004
   89.250000000000000       2.41434440145572556E-004
   89.500000000000000        0.0000000000000000     
