  -10.562500000000000       0.19577072655624406     
  -10.437500000000000       0.19577072655624406     
  -10.312500000000000       0.19580824391377905     
  -10.187500000000000       0.19584384570706401     
  -10.062500000000000       0.19578210215002897     
  -9.9375000000000000       0.19575287729280685     
  -9.8125000000000000       0.19518887336529794     
  -9.6875000000000000       0.19414269314310570     
  -9.5625000000000000       0.19282826044503554     
  -9.4375000000000000       0.19153816161739204     
  -9.3125000000000000       0.19008630435028162     
  -9.1875000000000000       0.18879283470167130     
  -9.0625000000000000       0.18733538482373449     
  -8.9375000000000000       0.18588033583124727     
  -8.8125000000000000       0.18431535256753981     
  -8.6875000000000000       0.18287868036730537     
  -8.5625000000000000       0.18123406668314315     
  -8.4375000000000000       0.17900682699520060     
  -8.3125000000000000       0.17642534418155248     
  -8.1875000000000000       0.17393448859055441     
  -8.0625000000000000       0.17150499114889881     
  -7.9375000000000000       0.16902527073027598     
  -7.8125000000000000       0.16638957820894926     
  -7.6875000000000000       0.16377138127572255     
  -7.5625000000000000       0.16072403748946656     
  -7.4375000000000000       0.15760302701754131     
  -7.3125000000000000       0.15441569390680579     
  -7.1875000000000000       0.15113886658280540     
  -7.0625000000000000       0.14769736994742205     
  -6.9375000000000000       0.14421691165933970     
  -6.8125000000000000       0.14078457656562013     
  -6.6875000000000000       0.13727614634849516     
  -6.5625000000000000       0.13379313351041461     
  -6.4375000000000000       0.13003913344961904     
  -6.3125000000000000       0.12613475459739007     
  -6.1875000000000000       0.12231349336976471     
  -6.0625000000000000       0.11828099692158420     
  -5.9375000000000000       0.11400495420923561     
  -5.8125000000000000       0.11005682638194042     
  -5.6875000000000000       0.10595664144869368     
  -5.5625000000000000       0.10188274119337404     
  -5.4375000000000000       9.79257445068259097E-002
  -5.3125000000000000       9.37328949955540808E-002
  -5.1875000000000000       8.97024664897660973E-002
  -5.0625000000000000       8.59130726382557608E-002
  -4.9375000000000000       8.20536701989734163E-002
  -4.8125000000000000       7.80797545906595919E-002
  -4.6875000000000000       7.40333260951189648E-002
  -4.5625000000000000       7.00434289414876426E-002
  -4.4375000000000000       6.61336889835544839E-002
  -4.3125000000000000       6.24580441827498195E-002
  -4.1875000000000000       5.88020332321518013E-002
  -4.0625000000000000       5.53607288510285234E-002
  -3.9375000000000000       5.21353996794857860E-002
  -3.8125000000000000       4.89970372526647227E-002
  -3.6875000000000000       4.56790235115598145E-002
  -3.5625000000000000       4.21473529589348611E-002
  -3.4375000000000000       3.87476897152943187E-002
  -3.3125000000000000       3.57645067749600698E-002
  -3.1875000000000000       3.30419975683798328E-002
  -3.0625000000000000       3.03486929499525680E-002
  -2.9375000000000000       2.81643042614139090E-002
  -2.8125000000000000       2.60946104548130317E-002
  -2.6875000000000000       2.41621163599493281E-002
  -2.5625000000000000       2.20611350633714530E-002
  -2.4375000000000000       1.97223770420227491E-002
  -2.3125000000000000       1.73847405750183308E-002
  -2.1875000000000000       1.51943586692654380E-002
  -2.0625000000000000       1.33133207303165989E-002
  -1.9375000000000000       1.17369792224094258E-002
  -1.8125000000000000       1.02771095279045981E-002
  -1.6875000000000000       9.09732625127217080E-003
  -1.5625000000000000       8.26739028760790397E-003
  -1.4375000000000000       7.48341400946290775E-003
  -1.3125000000000000       6.67096915583333290E-003
  -1.1875000000000000       5.91203832517462821E-003
  -1.0625000000000000       5.16891558010959887E-003
 -0.93750000000000000       4.28661697834903984E-003
 -0.81250000000000000       3.45097655126978342E-003
 -0.68750000000000000       2.66823289559392452E-003
 -0.56250000000000000       2.23583220033625896E-003
 -0.43750000000000000       1.86610845027831225E-003
 -0.31250000000000000       1.58284325951705000E-003
 -0.18750000000000000       1.28579816976428260E-003
 -6.25000000000000000E-002  1.08504683199658327E-003
  6.25000000000000000E-002  1.08466696874641769E-003
  0.18750000000000000       1.28419790916765538E-003
  0.31250000000000000       1.57828181490767840E-003
  0.43750000000000000       1.85439986358462748E-003
  0.56250000000000000       2.20822013449974500E-003
  0.68750000000000000       2.60850764670579128E-003
  0.81250000000000000       3.33307111304384637E-003
  0.93750000000000000       4.07565821014655577E-003
   1.0625000000000000       4.82829854110537054E-003
   1.1875000000000000       5.41648572965434776E-003
   1.3125000000000000       6.01997513193977107E-003
   1.4375000000000000       6.70360028878464343E-003
   1.5625000000000000       7.38740114872595693E-003
   1.6875000000000000       8.09735402337219412E-003
   1.8125000000000000       9.05996001452844153E-003
   1.9375000000000000       1.01480480152097725E-002
   2.0625000000000000       1.11722481006124863E-002
   2.1875000000000000       1.23043990572276208E-002
   2.3125000000000000       1.35480355563918596E-002
   2.4375000000000000       1.47930127567532637E-002
   2.5625000000000000       1.60500525363889528E-002
   2.6875000000000000       1.72421364041056499E-002
   2.8125000000000000       1.84164183050017499E-002
   2.9375000000000000       1.96303790652937772E-002
   3.0625000000000000       2.06523559289320500E-002
   3.1875000000000000       2.19838167454362507E-002
   3.3125000000000000       2.32670927764950172E-002
   3.4375000000000000       2.45838825200371154E-002
   3.5625000000000000       2.60289338291859393E-002
   3.6875000000000000       2.74936478911608842E-002
   3.8125000000000000       2.88916262104428612E-002
   3.9375000000000000       3.03969521288691112E-002
   4.0625000000000000       3.19424088860702088E-002
   4.1875000000000000       3.33719691908604815E-002
   4.3125000000000000       3.48947641677532158E-002
   4.4375000000000000       3.63191194410634396E-002
   4.5625000000000000       3.78320627901657033E-002
   4.6875000000000000       3.93297832940392444E-002
   4.8125000000000000       4.07754355234424409E-002
   4.9375000000000000       4.22492128651617768E-002
   5.0625000000000000       4.37833122954763981E-002
   5.1875000000000000       4.53349253287712931E-002
   5.3125000000000000       4.68287554571757345E-002
   5.4375000000000000       4.83587308838329191E-002
   5.5625000000000000       4.99025189665946306E-002
   5.6875000000000000       5.14343770242770629E-002
   5.8125000000000000       5.29146958396443795E-002
   5.9375000000000000       5.43768564979489541E-002
   6.0625000000000000       5.60106743082875932E-002
   6.1875000000000000       5.76702385664910888E-002
   6.3125000000000000       5.91107890018275905E-002
   6.4375000000000000       6.06567762326684495E-002
   6.5625000000000000       6.20907143056996791E-002
   6.6875000000000000       6.35899759209357512E-002
   6.8125000000000000       6.50119168902446448E-002
   6.9375000000000000       6.63847836320373419E-002
   7.0625000000000000       6.78319734153290527E-002
   7.1875000000000000       6.91826222402153607E-002
   7.3125000000000000       7.03977622693260224E-002
   7.4375000000000000       7.16579566062805345E-002
   7.5625000000000000       7.31687096423079275E-002
   7.6875000000000000       7.46075673251053451E-002
   7.8125000000000000       7.60807224291364659E-002
   7.9375000000000000       7.74045076528752790E-002
   8.0625000000000000       7.87769309686614655E-002
   8.1875000000000000       7.99394095577798114E-002
   8.3125000000000000       8.11127845400047010E-002
   8.4375000000000000       8.22913896380741555E-002
   8.5625000000000000       8.34446322411102337E-002
   8.6875000000000000       8.43040662352897846E-002
   8.8125000000000000       8.51237162836012001E-002
   8.9375000000000000       8.60697324274717207E-002
   9.0625000000000000       8.71188687427515568E-002
   9.1875000000000000       8.81809400146267020E-002
   9.3125000000000000       8.93416761669197784E-002
   9.4375000000000000       9.03859982587632005E-002
   9.5625000000000000       9.12818097684979374E-002
   9.6875000000000000       9.20108392623130988E-002
   9.8125000000000000       9.29019051456607403E-002
   9.9375000000000000       9.35705458315814753E-002
   10.062500000000000       9.40097277611572912E-002
   10.187500000000000       9.42931961913749117E-002
   10.312500000000000       9.45778366594505343E-002
   10.437500000000000       9.49598817624383029E-002
   10.562500000000000       9.55048692223854773E-002
   10.687500000000000       9.60747884657752599E-002
   10.812500000000000       9.65686932478330012E-002
   10.937500000000000       9.68590206649975610E-002
   11.062500000000000       9.71878615938395751E-002
   11.187500000000000       9.74385306529784723E-002
   11.312500000000000       9.74288775822986369E-002
   11.437500000000000       9.71961920003439617E-002
   11.562500000000000       9.66677111513613713E-002
   11.687500000000000       9.62949241074980145E-002
   11.812500000000000       9.59954909549584900E-002
   11.937500000000000       9.58095454227727017E-002
   12.062500000000000       9.55890391859647998E-002
   12.187500000000000       9.52432695115299627E-002
   12.312500000000000       9.48869412407462864E-002
   12.437500000000000       9.43929241083419773E-002
   12.562500000000000       9.37127382392329011E-002
   12.687500000000000       9.26310505250952376E-002
   12.812500000000000       9.14234603791308637E-002
   12.937500000000000       9.02894709387959266E-002
   13.062500000000000       8.90944456164671078E-002
   13.187500000000000       8.80592661906559326E-002
   13.312500000000000       8.70051809273630211E-002
   13.437500000000000       8.58211676928987005E-002
   13.562500000000000       8.45985408602006328E-002
   13.687500000000000       8.31768073487095388E-002
   13.812500000000000       8.15029958480100875E-002
   13.937500000000000       7.96495221753441979E-002
   14.062500000000000       7.77983016580665598E-002
   14.187500000000000       7.58711803516124161E-002
   14.312500000000000       7.39288836833391361E-002
   14.437500000000000       7.21735956669826983E-002
   14.562500000000000       7.02530620059806377E-002
   14.687500000000000       6.81432109288276633E-002
   14.812500000000000       6.60739833335467625E-002
   14.937500000000000       6.38684386939122883E-002
   15.062500000000000       6.16015396966682546E-002
   15.187500000000000       5.93388273846844755E-002
   15.312500000000000       5.68856834544799808E-002
   15.437500000000000       5.44498318802272632E-002
   15.562500000000000       5.21918423922193009E-002
   15.687500000000000       4.97920872396169986E-002
   15.812500000000000       4.72400726266038323E-002
   15.937500000000000       4.48864611065310920E-002
   16.062500000000000       4.27165488853039968E-002
   16.187500000000000       4.05037189356059826E-002
   16.312500000000000       3.81898368388423476E-002
   16.437500000000000       3.57587551284762745E-002
   16.562500000000000       3.32979883779279257E-002
   16.687500000000000       3.09828862723548967E-002
   16.812500000000000       2.87504650153863305E-002
   16.937500000000000       2.65023975458220477E-002
   17.062500000000000       2.44669187929021995E-002
   17.187500000000000       2.28078167540647567E-002
   17.312500000000000       2.12396027808159325E-002
   17.437500000000000       1.94322524479435509E-002
   17.562500000000000       1.74429303652216122E-002
   17.687500000000000       1.55216942467277345E-002
   17.812500000000000       1.37729702824836587E-002
   17.937500000000000       1.21571693761141804E-002
   18.062500000000000       1.06717957117340567E-002
   18.187500000000000       9.40693200746449409E-003
   18.312500000000000       8.42299893338448874E-003
   18.437500000000000       7.62335129400565359E-003
   18.562500000000000       6.80017607296388906E-003
   18.687500000000000       5.81786268798728003E-003
   18.812500000000000       4.72187382347929747E-003
   18.937500000000000       3.66585142616230675E-003
   19.062500000000000       2.77378101048802875E-003
   19.187500000000000       2.08428240964053570E-003
   19.312500000000000       1.58187870483488305E-003
   19.437500000000000       1.23669536227980501E-003
   19.562500000000000       1.01321463879237026E-003
   19.687500000000000       8.66545538811790573E-004
   19.812500000000000       7.49833991033013562E-004
   19.937500000000000       6.30492962326494174E-004
   20.062500000000000       4.99501489982886689E-004
   20.187500000000000       3.66610727691986328E-004
   20.312500000000000       2.47643127152988253E-004
   20.437500000000000       1.53836341783293909E-004
   20.562500000000000       8.80570719629293093E-005
   20.687500000000000       4.65888671478710277E-005
   20.812500000000000       2.28599800163938246E-005
   20.937500000000000       1.04369337543370143E-005
   21.062500000000000       4.44737123220972770E-006
   21.187500000000000       1.77370590717582413E-006
   21.312500000000000       6.63753620062734331E-007
   21.437500000000000       2.33598924620244443E-007
   21.562500000000000       7.74759340816381444E-008
   21.687500000000000       2.42605011748660454E-008
   21.812500000000000       7.18447933428338037E-009
   21.937500000000000       2.01515342826282992E-009
   22.062500000000000       5.36079896205578748E-010
   22.187500000000000       1.35423506666462344E-010
   22.312500000000000       3.25226069059120896E-011
   22.437500000000000       7.43260768695520993E-012
   22.562500000000000       1.61792374170625822E-012
   22.687500000000000       3.35733539225869229E-013
   22.812500000000000       6.64623829150824006E-014
   22.937500000000000       1.25601529225259467E-014
   23.062500000000000       2.26733828088559280E-015
   23.187500000000000       3.91181218997461875E-016
   23.312500000000000       6.45346736255646440E-017
   23.437500000000000       1.01847821842143728E-017
   23.562500000000000       1.53823341275445759E-018
   23.687500000000000       2.22409066919730129E-019
   23.812500000000000       3.07943426542098187E-020
   23.937500000000000       4.08401657132329474E-021
   24.062500000000000       5.18912667177209758E-022
   24.187500000000000       6.31780489318703182E-023
   24.312500000000000       7.37159707460304663E-024
   24.437500000000000       8.24370480975989337E-025
   24.562500000000000       8.83638856515477135E-026
   24.687500000000000       9.07881200233074778E-027
   24.812500000000000       8.94086974814243907E-028
   24.937500000000000       8.43929394090760040E-029
   25.062500000000000       7.63433942700107491E-030
   25.187500000000000       6.61794890212142384E-031
   25.312500000000000       5.49659171143860345E-032
   25.437500000000000       4.37317459700660791E-033
   25.562500000000000       3.33220533378965420E-034
   25.687500000000000       2.43096823654851679E-035
   25.812500000000000       1.69747120619926537E-036
   25.937500000000000       1.13408454216936093E-037
   26.062500000000000       7.24657838651160741E-039
   26.187500000000000       4.42658832188332518E-040
   26.312500000000000       2.58366414381303922E-041
   26.437500000000000       1.44010049154709245E-042
   26.562500000000000       7.66079170576438518E-044
   26.687500000000000       3.88674820842065023E-045
   26.812500000000000       1.87936130240112571E-046
   26.937500000000000       8.65353579615943538E-048
   27.062500000000000       3.79097638637580387E-049
   27.187500000000000       1.57855884053388927E-050
   27.312500000000000       6.24109018668403894E-052
   27.437500000000000       2.34014896314091178E-053
   27.562500000000000       8.31101495648307220E-055
   27.687500000000000       2.79178163947042296E-056
   27.812500000000000       8.85632414948192345E-058
   27.937500000000000       2.64867592078241952E-059
   28.062500000000000       7.45396668356658481E-061
   28.187500000000000       1.96978919923227416E-062
   28.312500000000000       4.87655385750503790E-064
   28.437500000000000       1.12806757899497768E-065
   28.562500000000000       2.43116442195841847E-067
   28.687500000000000       4.86535356101506785E-069
   28.812500000000000       9.00747395861411288E-071
   28.937500000000000       1.53607191148342730E-072
   29.062500000000000       2.40094887928969754E-074
   29.187500000000000       3.41981486523239281E-076
   29.312500000000000       4.40865014526026220E-078
   29.437500000000000       5.10208914606306094E-080
   29.562500000000000       5.24836252437142252E-082
   29.687500000000000       4.74018725539364862E-084
   29.812500000000000       3.70066651396259561E-086
   29.937500000000000       2.44668165131995416E-088
   30.062500000000000       1.33201023281462963E-090
   30.187500000000000       5.73316358450724804E-093
   30.312500000000000       1.82919852502532579E-095
   30.437500000000000       3.84596479485285722E-098
   30.562500000000000       3.99704198582223062E-101
   30.687500000000000        0.0000000000000000     
   30.812500000000000        0.0000000000000000     
   30.937500000000000        0.0000000000000000     
   31.062500000000000        0.0000000000000000     
   31.187500000000000        0.0000000000000000     
   31.312500000000000        0.0000000000000000     
   31.437500000000000        0.0000000000000000     
   31.562500000000000        0.0000000000000000     
   31.687500000000000        0.0000000000000000     
   31.812500000000000        0.0000000000000000     
   31.937500000000000        0.0000000000000000     
   32.062500000000000        0.0000000000000000     
   32.187500000000000        0.0000000000000000     
   32.312500000000000        0.0000000000000000     
   32.437500000000000        0.0000000000000000     
   32.562500000000000        0.0000000000000000     
   32.687500000000000        0.0000000000000000     
   32.812500000000000        0.0000000000000000     
   32.937500000000000        0.0000000000000000     
   33.062500000000000        0.0000000000000000     
   33.187500000000000        0.0000000000000000     
   33.312500000000000        0.0000000000000000     
   33.437500000000000        0.0000000000000000     
   33.562500000000000        0.0000000000000000     
   33.687500000000000        0.0000000000000000     
   33.812500000000000        0.0000000000000000     
   33.937500000000000        0.0000000000000000     
   34.062500000000000        0.0000000000000000     
   34.187500000000000        0.0000000000000000     
   34.312500000000000        0.0000000000000000     
   34.437500000000000        0.0000000000000000     
   34.562500000000000        0.0000000000000000     
   34.687500000000000        0.0000000000000000     
   34.812500000000000        0.0000000000000000     
   34.937500000000000        0.0000000000000000     
   35.062500000000000        0.0000000000000000     
   35.187500000000000        0.0000000000000000     
   35.312500000000000        0.0000000000000000     
   35.437500000000000        0.0000000000000000     
   35.562500000000000        0.0000000000000000     
   35.687500000000000        0.0000000000000000     
   35.812500000000000        0.0000000000000000     
   35.937500000000000        0.0000000000000000     
   36.062500000000000        0.0000000000000000     
   36.187500000000000        0.0000000000000000     
   36.312500000000000        0.0000000000000000     
   36.437500000000000        0.0000000000000000     
   36.562500000000000        0.0000000000000000     
   36.687500000000000        0.0000000000000000     
   36.812500000000000        0.0000000000000000     
   36.937500000000000        0.0000000000000000     
   37.062500000000000        0.0000000000000000     
   37.187500000000000        0.0000000000000000     
   37.312500000000000        0.0000000000000000     
   37.437500000000000        0.0000000000000000     
   37.562500000000000        0.0000000000000000     
   37.687500000000000        0.0000000000000000     
   37.812500000000000        0.0000000000000000     
   37.937500000000000        0.0000000000000000     
   38.062500000000000        0.0000000000000000     
   38.187500000000000        0.0000000000000000     
   38.312500000000000        0.0000000000000000     
   38.437500000000000        0.0000000000000000     
   38.562500000000000        0.0000000000000000     
   38.687500000000000        0.0000000000000000     
   38.812500000000000        0.0000000000000000     
   38.937500000000000        0.0000000000000000     
   39.062500000000000        0.0000000000000000     
   39.187500000000000        0.0000000000000000     
   39.312500000000000        0.0000000000000000     
   39.437500000000000        0.0000000000000000     
   39.562500000000000        0.0000000000000000     
   39.687500000000000        0.0000000000000000     
   39.812500000000000        0.0000000000000000     
   39.937500000000000        0.0000000000000000     
   40.062500000000000        0.0000000000000000     
   40.187500000000000        0.0000000000000000     
   40.312500000000000        0.0000000000000000     
   40.437500000000000        0.0000000000000000     
   40.562500000000000        0.0000000000000000     
   40.687500000000000        0.0000000000000000     
   40.812500000000000        0.0000000000000000     
   40.937500000000000        0.0000000000000000     
   41.062500000000000        0.0000000000000000     
   41.187500000000000        0.0000000000000000     
   41.312500000000000        0.0000000000000000     
   41.437500000000000        0.0000000000000000     
   41.562500000000000        0.0000000000000000     
   41.687500000000000        0.0000000000000000     
   41.812500000000000        0.0000000000000000     
   41.937500000000000        0.0000000000000000     
   42.062500000000000        0.0000000000000000     
   42.187500000000000        0.0000000000000000     
   42.312500000000000        0.0000000000000000     
   42.437500000000000        0.0000000000000000     
   42.562500000000000        0.0000000000000000     
   42.687500000000000        0.0000000000000000     
   42.812500000000000        0.0000000000000000     
   42.937500000000000        0.0000000000000000     
   43.062500000000000        0.0000000000000000     
   43.187500000000000        0.0000000000000000     
   43.312500000000000        0.0000000000000000     
   43.437500000000000        0.0000000000000000     
   43.562500000000000        0.0000000000000000     
   43.687500000000000        0.0000000000000000     
   43.812500000000000        0.0000000000000000     
   43.937500000000000        0.0000000000000000     
   44.062500000000000        0.0000000000000000     
   44.187500000000000        0.0000000000000000     
   44.312500000000000        0.0000000000000000     
   44.437500000000000        0.0000000000000000     
   44.562500000000000        0.0000000000000000     
   44.687500000000000        0.0000000000000000     
   44.812500000000000        0.0000000000000000     
   44.937500000000000        0.0000000000000000     
   45.062500000000000        0.0000000000000000     
   45.187500000000000        0.0000000000000000     
   45.312500000000000        0.0000000000000000     
   45.437500000000000        0.0000000000000000     
   45.562500000000000        0.0000000000000000     
   45.687500000000000        0.0000000000000000     
   45.812500000000000        0.0000000000000000     
   45.937500000000000        0.0000000000000000     
   46.062500000000000        0.0000000000000000     
   46.187500000000000        0.0000000000000000     
   46.312500000000000        0.0000000000000000     
   46.437500000000000        0.0000000000000000     
   46.562500000000000        0.0000000000000000     
   46.687500000000000        0.0000000000000000     
   46.812500000000000        0.0000000000000000     
   46.937500000000000        0.0000000000000000     
   47.062500000000000        0.0000000000000000     
   47.187500000000000        0.0000000000000000     
   47.312500000000000        0.0000000000000000     
   47.437500000000000        0.0000000000000000     
   47.562500000000000        0.0000000000000000     
   47.687500000000000        0.0000000000000000     
   47.812500000000000        0.0000000000000000     
   47.937500000000000        0.0000000000000000     
   48.062500000000000        0.0000000000000000     
   48.187500000000000        0.0000000000000000     
   48.312500000000000        0.0000000000000000     
   48.437500000000000        0.0000000000000000     
   48.562500000000000        0.0000000000000000     
   48.687500000000000        0.0000000000000000     
   48.812500000000000        0.0000000000000000     
   48.937500000000000        0.0000000000000000     
   49.062500000000000        0.0000000000000000     
   49.187500000000000        0.0000000000000000     
   49.312500000000000        0.0000000000000000     
   49.437500000000000        0.0000000000000000     
   49.562500000000000        0.0000000000000000     
   49.687500000000000        0.0000000000000000     
   49.812500000000000        0.0000000000000000     
   49.937500000000000        0.0000000000000000     
   50.062500000000000        0.0000000000000000     
   50.187500000000000        0.0000000000000000     
   50.312500000000000        0.0000000000000000     
   50.437500000000000        0.0000000000000000     
   50.562500000000000        0.0000000000000000     
   50.687500000000000        0.0000000000000000     
   50.812500000000000        0.0000000000000000     
   50.937500000000000        0.0000000000000000     
   51.062500000000000        0.0000000000000000     
   51.187500000000000        0.0000000000000000     
   51.312500000000000        0.0000000000000000     
   51.437500000000000        0.0000000000000000     
   51.562500000000000        0.0000000000000000     
   51.687500000000000        0.0000000000000000     
   51.812500000000000        0.0000000000000000     
   51.937500000000000        0.0000000000000000     
   52.062500000000000        0.0000000000000000     
   52.187500000000000        0.0000000000000000     
   52.312500000000000        0.0000000000000000     
   52.437500000000000        0.0000000000000000     
   52.562500000000000        0.0000000000000000     
   52.687500000000000        0.0000000000000000     
   52.812500000000000        0.0000000000000000     
   52.937500000000000        0.0000000000000000     
   53.062500000000000        0.0000000000000000     
   53.187500000000000        0.0000000000000000     
   53.312500000000000        0.0000000000000000     
   53.437500000000000        0.0000000000000000     
   53.562500000000000        0.0000000000000000     
   53.687500000000000        0.0000000000000000     
   53.812500000000000        0.0000000000000000     
   53.937500000000000        0.0000000000000000     
   54.062500000000000        0.0000000000000000     
   54.187500000000000        0.0000000000000000     
   54.312500000000000        0.0000000000000000     
   54.437500000000000        0.0000000000000000     
   54.562500000000000        0.0000000000000000     
   54.687500000000000        0.0000000000000000     
   54.812500000000000        0.0000000000000000     
   54.937500000000000        0.0000000000000000     
   55.062500000000000        0.0000000000000000     
   55.187500000000000        0.0000000000000000     
   55.312500000000000        0.0000000000000000     
   55.437500000000000        0.0000000000000000     
   55.562500000000000        0.0000000000000000     
   55.687500000000000        0.0000000000000000     
   55.812500000000000        0.0000000000000000     
   55.937500000000000        0.0000000000000000     
   56.062500000000000        0.0000000000000000     
   56.187500000000000        0.0000000000000000     
   56.312500000000000        0.0000000000000000     
   56.437500000000000        0.0000000000000000     
   56.562500000000000        0.0000000000000000     
   56.687500000000000        0.0000000000000000     
   56.812500000000000        0.0000000000000000     
   56.937500000000000        0.0000000000000000     
   57.062500000000000        0.0000000000000000     
   57.187500000000000        0.0000000000000000     
   57.312500000000000        0.0000000000000000     
   57.437500000000000        0.0000000000000000     
   57.562500000000000        0.0000000000000000     
   57.687500000000000        0.0000000000000000     
   57.812500000000000        0.0000000000000000     
   57.937500000000000        0.0000000000000000     
   58.062500000000000        0.0000000000000000     
   58.187500000000000        0.0000000000000000     
   58.312500000000000        0.0000000000000000     
   58.437500000000000        0.0000000000000000     
   58.562500000000000        0.0000000000000000     
   58.687500000000000        0.0000000000000000     
   58.812500000000000        0.0000000000000000     
   58.937500000000000        0.0000000000000000     
   59.062500000000000        0.0000000000000000     
   59.187500000000000        0.0000000000000000     
   59.312500000000000        0.0000000000000000     
   59.437500000000000        0.0000000000000000     
   59.562500000000000        0.0000000000000000     
   59.687500000000000        0.0000000000000000     
   59.812500000000000        0.0000000000000000     
   59.937500000000000        0.0000000000000000     
   60.062500000000000        0.0000000000000000     
   60.187500000000000        0.0000000000000000     
   60.312500000000000        0.0000000000000000     
   60.437500000000000        0.0000000000000000     
   60.562500000000000        0.0000000000000000     
   60.687500000000000        0.0000000000000000     
   60.812500000000000        0.0000000000000000     
   60.937500000000000        0.0000000000000000     
   61.062500000000000        0.0000000000000000     
   61.187500000000000        0.0000000000000000     
   61.312500000000000        0.0000000000000000     
   61.437500000000000        0.0000000000000000     
   61.562500000000000        0.0000000000000000     
   61.687500000000000        0.0000000000000000     
   61.812500000000000        0.0000000000000000     
   61.937500000000000        0.0000000000000000     
   62.062500000000000        0.0000000000000000     
   62.187500000000000        0.0000000000000000     
   62.312500000000000        0.0000000000000000     
   62.437500000000000        0.0000000000000000     
   62.562500000000000        0.0000000000000000     
   62.687500000000000        0.0000000000000000     
   62.812500000000000        0.0000000000000000     
   62.937500000000000        0.0000000000000000     
   63.062500000000000        0.0000000000000000     
   63.187500000000000        0.0000000000000000     
   63.312500000000000        0.0000000000000000     
   63.437500000000000        0.0000000000000000     
   63.562500000000000        0.0000000000000000     
   63.687500000000000        0.0000000000000000     
   63.812500000000000        0.0000000000000000     
   63.937500000000000        0.0000000000000000     
   64.062500000000000        0.0000000000000000     
   64.187500000000000        0.0000000000000000     
   64.312500000000000        0.0000000000000000     
   64.437500000000000        0.0000000000000000     
   64.562500000000000        0.0000000000000000     
   64.687500000000000        0.0000000000000000     
   64.812500000000000        0.0000000000000000     
   64.937500000000000        0.0000000000000000     
   65.062500000000000        0.0000000000000000     
   65.187500000000000        0.0000000000000000     
   65.312500000000000        0.0000000000000000     
   65.437500000000000        0.0000000000000000     
   65.562500000000000        0.0000000000000000     
   65.687500000000000        0.0000000000000000     
   65.812500000000000        0.0000000000000000     
   65.937500000000000        0.0000000000000000     
   66.062500000000000        0.0000000000000000     
   66.187500000000000        0.0000000000000000     
   66.312500000000000        0.0000000000000000     
   66.437500000000000        0.0000000000000000     
   66.562500000000000        0.0000000000000000     
   66.687500000000000        0.0000000000000000     
   66.812500000000000        0.0000000000000000     
   66.937500000000000        0.0000000000000000     
   67.062500000000000        0.0000000000000000     
   67.187500000000000        0.0000000000000000     
   67.312500000000000        0.0000000000000000     
   67.437500000000000        0.0000000000000000     
   67.562500000000000        0.0000000000000000     
   67.687500000000000        0.0000000000000000     
   67.812500000000000        0.0000000000000000     
   67.937500000000000        0.0000000000000000     
   68.062500000000000        0.0000000000000000     
   68.187500000000000        0.0000000000000000     
   68.312500000000000        0.0000000000000000     
   68.437500000000000        0.0000000000000000     
   68.562500000000000        0.0000000000000000     
   68.687500000000000        0.0000000000000000     
   68.812500000000000        0.0000000000000000     
   68.937500000000000        0.0000000000000000     
   69.062500000000000        0.0000000000000000     
   69.187500000000000        0.0000000000000000     
   69.312500000000000        0.0000000000000000     
   69.437500000000000        0.0000000000000000     
   69.562500000000000        0.0000000000000000     
   69.687500000000000        0.0000000000000000     
   69.812500000000000        0.0000000000000000     
   69.937500000000000        0.0000000000000000     
   70.062500000000000        0.0000000000000000     
   70.187500000000000        0.0000000000000000     
   70.312500000000000        0.0000000000000000     
   70.437500000000000        0.0000000000000000     
   70.562500000000000        0.0000000000000000     
   70.687500000000000        0.0000000000000000     
   70.812500000000000        0.0000000000000000     
   70.937500000000000        0.0000000000000000     
   71.062500000000000        0.0000000000000000     
   71.187500000000000        0.0000000000000000     
   71.312500000000000        0.0000000000000000     
   71.437500000000000        0.0000000000000000     
   71.562500000000000        0.0000000000000000     
   71.687500000000000        0.0000000000000000     
   71.812500000000000        0.0000000000000000     
   71.937500000000000        0.0000000000000000     
   72.062500000000000        0.0000000000000000     
   72.187500000000000        0.0000000000000000     
   72.312500000000000        0.0000000000000000     
   72.437500000000000        0.0000000000000000     
   72.562500000000000        0.0000000000000000     
   72.687500000000000        0.0000000000000000     
   72.812500000000000        0.0000000000000000     
   72.937500000000000        0.0000000000000000     
   73.062500000000000        0.0000000000000000     
   73.187500000000000        0.0000000000000000     
   73.312500000000000        0.0000000000000000     
   73.437500000000000        0.0000000000000000     
   73.562500000000000        0.0000000000000000     
   73.687500000000000        0.0000000000000000     
   73.812500000000000        0.0000000000000000     
   73.937500000000000        0.0000000000000000     
   74.062500000000000        0.0000000000000000     
   74.187500000000000        0.0000000000000000     
   74.312500000000000        0.0000000000000000     
   74.437500000000000        0.0000000000000000     
   74.562500000000000        0.0000000000000000     
   74.687500000000000        0.0000000000000000     
   74.812500000000000        0.0000000000000000     
   74.937500000000000        0.0000000000000000     
   75.062500000000000        0.0000000000000000     
   75.187500000000000        0.0000000000000000     
   75.312500000000000        0.0000000000000000     
   75.437500000000000        0.0000000000000000     
   75.562500000000000        0.0000000000000000     
   75.687500000000000        0.0000000000000000     
   75.812500000000000        0.0000000000000000     
   75.937500000000000        0.0000000000000000     
   76.062500000000000        0.0000000000000000     
   76.187500000000000        0.0000000000000000     
   76.312500000000000        0.0000000000000000     
   76.437500000000000        0.0000000000000000     
   76.562500000000000        0.0000000000000000     
   76.687500000000000        0.0000000000000000     
   76.812500000000000        0.0000000000000000     
   76.937500000000000        0.0000000000000000     
   77.062500000000000        0.0000000000000000     
   77.187500000000000        0.0000000000000000     
   77.312500000000000        0.0000000000000000     
   77.437500000000000        0.0000000000000000     
   77.562500000000000        0.0000000000000000     
   77.687500000000000        0.0000000000000000     
   77.812500000000000        0.0000000000000000     
   77.937500000000000        0.0000000000000000     
   78.062500000000000        0.0000000000000000     
   78.187500000000000        0.0000000000000000     
   78.312500000000000        0.0000000000000000     
   78.437500000000000        0.0000000000000000     
   78.562500000000000        0.0000000000000000     
   78.687500000000000        0.0000000000000000     
   78.812500000000000        0.0000000000000000     
   78.937500000000000        0.0000000000000000     
   79.062500000000000        0.0000000000000000     
   79.187500000000000        0.0000000000000000     
   79.312500000000000        0.0000000000000000     
   79.437500000000000        0.0000000000000000     
   79.562500000000000        0.0000000000000000     
   79.687500000000000        0.0000000000000000     
   79.812500000000000        0.0000000000000000     
   79.937500000000000        0.0000000000000000     
   80.062500000000000        0.0000000000000000     
   80.187500000000000        0.0000000000000000     
   80.312500000000000        0.0000000000000000     
   80.437500000000000        0.0000000000000000     
   80.562500000000000        0.0000000000000000     
   80.687500000000000        0.0000000000000000     
   80.812500000000000        0.0000000000000000     
   80.937500000000000        0.0000000000000000     
   81.062500000000000        0.0000000000000000     
   81.187500000000000        0.0000000000000000     
   81.312500000000000        0.0000000000000000     
   81.437500000000000        0.0000000000000000     
   81.562500000000000        0.0000000000000000     
   81.687500000000000        0.0000000000000000     
   81.812500000000000        0.0000000000000000     
   81.937500000000000        0.0000000000000000     
   82.062500000000000        0.0000000000000000     
   82.187500000000000        0.0000000000000000     
   82.312500000000000        0.0000000000000000     
   82.437500000000000        0.0000000000000000     
   82.562500000000000        0.0000000000000000     
   82.687500000000000        0.0000000000000000     
   82.812500000000000        0.0000000000000000     
   82.937500000000000        0.0000000000000000     
   83.062500000000000        0.0000000000000000     
   83.187500000000000        0.0000000000000000     
   83.312500000000000        0.0000000000000000     
   83.437500000000000        0.0000000000000000     
   83.562500000000000        0.0000000000000000     
   83.687500000000000        0.0000000000000000     
   83.812500000000000        0.0000000000000000     
   83.937500000000000        0.0000000000000000     
   84.062500000000000        0.0000000000000000     
   84.187500000000000        0.0000000000000000     
   84.312500000000000        0.0000000000000000     
   84.437500000000000        0.0000000000000000     
   84.562500000000000        0.0000000000000000     
   84.687500000000000        0.0000000000000000     
   84.812500000000000        0.0000000000000000     
   84.937500000000000        0.0000000000000000     
   85.062500000000000        0.0000000000000000     
   85.187500000000000        0.0000000000000000     
   85.312500000000000        0.0000000000000000     
   85.437500000000000        0.0000000000000000     
   85.562500000000000        0.0000000000000000     
   85.687500000000000        0.0000000000000000     
   85.812500000000000        0.0000000000000000     
   85.937500000000000        0.0000000000000000     
   86.062500000000000        0.0000000000000000     
   86.187500000000000        0.0000000000000000     
   86.312500000000000        0.0000000000000000     
   86.437500000000000        0.0000000000000000     
   86.562500000000000        0.0000000000000000     
   86.687500000000000        0.0000000000000000     
   86.812500000000000        0.0000000000000000     
   86.937500000000000        0.0000000000000000     
   87.062500000000000        0.0000000000000000     
   87.187500000000000        0.0000000000000000     
   87.312500000000000        0.0000000000000000     
   87.437500000000000        0.0000000000000000     
   87.562500000000000        0.0000000000000000     
   87.687500000000000        0.0000000000000000     
   87.812500000000000        0.0000000000000000     
   87.937500000000000        0.0000000000000000     
   88.062500000000000        0.0000000000000000     
   88.187500000000000        0.0000000000000000     
   88.312500000000000        0.0000000000000000     
   88.437500000000000        0.0000000000000000     
   88.562500000000000        0.0000000000000000     
   88.687500000000000        0.0000000000000000     
   88.812500000000000        0.0000000000000000     
   88.937500000000000        0.0000000000000000     
   89.062500000000000        0.0000000000000000     
   89.187500000000000        0.0000000000000000     
   89.312500000000000        0.0000000000000000     
   89.437500000000000        0.0000000000000000     
   89.562500000000000        0.0000000000000000     
