  -10.562500000000000      -2.28724476690149406E-006
  -10.437500000000000      -2.28724476690149406E-006
  -10.312500000000000       5.91186009365459137E-006
  -10.187500000000000      -8.21037582839926271E-006
  -10.062500000000000       7.82257810450289495E-006
  -9.9375000000000000      -5.33379349742420351E-006
  -9.8125000000000000       5.52222486966288115E-007
  -9.6875000000000000       4.82959949938630492E-006
  -9.5625000000000000      -1.02272468189498800E-005
  -9.4375000000000000       1.37070130705253218E-005
  -9.3125000000000000      -1.50678498427501003E-005
  -9.1875000000000000       1.33172421294024364E-005
  -9.0625000000000000      -9.53875649774336723E-006
  -8.9375000000000000       4.03680628897507721E-006
  -8.8125000000000000       1.15234785497726629E-006
  -8.6875000000000000      -5.41112421061917188E-006
  -8.5625000000000000       7.15257536129447335E-006
  -8.4375000000000000      -6.88030528991866740E-006
  -8.3125000000000000       4.48252317712122436E-006
  -8.1875000000000000      -1.84366721282932921E-006
  -8.0625000000000000      -3.25860487211729385E-007
  -7.9375000000000000       1.79889353274143445E-007
  -7.8125000000000000       2.05292152573418732E-006
  -7.6875000000000000      -6.66571984934267383E-006
  -7.5625000000000000       1.17791207489837016E-005
  -7.4375000000000000      -1.65410935773722572E-005
  -7.3125000000000000       1.88730913977965987E-005
  -7.1875000000000000      -1.87919138205099614E-005
  -7.0625000000000000       1.58507018049175814E-005
  -6.9375000000000000      -1.18469456418434728E-005
  -6.8125000000000000       7.53364754156457344E-006
  -6.6875000000000000      -4.81603791551866763E-006
  -6.5625000000000000       3.37398150185140949E-006
  -6.4375000000000000      -3.30871795612130708E-006
  -6.3125000000000000       2.56267160979390521E-006
  -6.1875000000000000      -4.18417814819624095E-007
  -6.0625000000000000      -4.61080806151252131E-006
  -5.9375000000000000       1.14138283302925296E-005
  -5.8125000000000000      -1.91728340085769914E-005
  -5.6875000000000000       2.50693320125725319E-005
  -5.5625000000000000      -2.80892317800519773E-005
  -5.4375000000000000       2.69545044584173296E-005
  -5.3125000000000000      -2.33238135334474630E-005
  -5.1875000000000000       1.84544304361413297E-005
  -5.0625000000000000      -1.51112880596251150E-005
  -4.9375000000000000       1.35471714732761986E-005
  -4.8125000000000000      -1.38427630841732142E-005
  -4.6875000000000000       1.32767508559352834E-005
  -4.5625000000000000      -1.04257501643156005E-005
  -4.4375000000000000       3.65287672625252790E-006
  -4.3125000000000000       4.99360026396904183E-006
  -4.1875000000000000      -1.29788998538657648E-005
  -4.0625000000000000       1.57558692574727553E-005
  -3.9375000000000000      -1.18331481424775468E-005
  -3.8125000000000000       1.37091861383167978E-006
  -3.6875000000000000       1.06724375574879268E-005
  -3.5625000000000000      -1.92213193238859956E-005
  -3.4375000000000000       1.88332729517362601E-005
  -3.3125000000000000      -9.27429799554058480E-006
  -3.1875000000000000      -6.70335248898573425E-006
  -3.0625000000000000       2.17882558009951849E-005
  -2.9375000000000000      -3.04097968665118019E-005
  -2.8125000000000000       2.89161757201889614E-005
  -2.6875000000000000      -2.01679726543661427E-005
  -2.5625000000000000       9.17232222466410558E-006
  -2.4375000000000000      -2.83867609977433025E-006
  -2.3125000000000000       3.24723543809674940E-006
  -2.1875000000000000      -9.17884071725688339E-006
  -2.0625000000000000       1.43479646430361211E-005
  -1.9375000000000000      -1.42521603385084311E-005
  -1.8125000000000000       6.61236774197827496E-006
  -1.6875000000000000       4.19985917940547600E-006
  -1.5625000000000000      -1.25699693369016323E-005
  -1.4375000000000000       1.27034516567632880E-005
  -1.3125000000000000      -5.52399940715092606E-006
  -1.1875000000000000      -4.21584768125123082E-006
  -1.0625000000000000       8.04561927895504610E-006
 -0.93750000000000000      -2.24602188061045657E-006
 -0.81250000000000000      -1.20116692000102277E-005
 -0.68750000000000000       2.60967851648418844E-005
 -0.56250000000000000      -3.21049651721557223E-005
 -0.43750000000000000       2.52917718023086298E-005
 -0.31250000000000000      -1.03193720637723583E-005
 -0.18750000000000000      -4.43124497836976072E-006
 -6.25000000000000000E-002  9.47778988893268140E-006
  6.25000000000000000E-002 -3.47695731316829398E-006
  0.18750000000000000      -8.78930981212463781E-006
  0.31250000000000000       1.68819982267410772E-005
  0.43750000000000000      -1.48892221438670196E-005
  0.56250000000000000       2.52173990312853295E-006
  0.68750000000000000       1.20194439687599604E-005
  0.81250000000000000      -2.10755767071753220E-005
  0.93750000000000000       2.00375019125898468E-005
   1.0625000000000000      -1.32140555705808577E-005
   1.1875000000000000       6.98346277022707384E-006
   1.3125000000000000      -7.46794312171320528E-006
   1.4375000000000000       1.27749605975229613E-005
   1.5625000000000000      -1.77564859056600760E-005
   1.6875000000000000       1.54386922907909508E-005
   1.8125000000000000      -5.89670301804842525E-006
   1.9375000000000000      -6.62605409612855790E-006
   2.0625000000000000       1.37815267252198105E-005
   2.1875000000000000      -1.24532337646716494E-005
   2.3125000000000000       3.55499557015258205E-006
   2.4375000000000000       6.05061700851622339E-006
   2.5625000000000000      -1.21727596663118214E-005
   2.6875000000000000       1.26781079771949542E-005
   2.8125000000000000      -1.10585077548581105E-005
   2.9375000000000000       9.16069794996967685E-006
   3.0625000000000000      -8.49868074206463398E-006
   3.1875000000000000       6.28254633522300560E-006
   3.3125000000000000      -1.97620249914039580E-006
   3.4375000000000000      -4.87126007042330519E-006
   3.5625000000000000       1.08726188777213634E-005
   3.6875000000000000      -1.52448117229687381E-005
   3.8125000000000000       1.69894761993026596E-005
   3.9375000000000000      -1.83191501808738932E-005
   4.0625000000000000       1.82414825838855321E-005
   4.1875000000000000      -1.63102842963745666E-005
   4.3125000000000000       1.01459672018947504E-005
   4.4375000000000000      -2.44489629637067326E-006
   4.5625000000000000      -3.54343305161379815E-006
   4.6875000000000000       2.90262268939921340E-006
   4.8125000000000000       2.57070102437332820E-006
   4.9375000000000000      -8.97254408533881975E-006
   5.0625000000000000       1.01575500727223193E-005
   5.1875000000000000      -7.37503188504946508E-006
   5.3125000000000000       4.54953937320695198E-006
   5.4375000000000000      -7.51291883302423670E-006
   5.5625000000000000       1.34112778454060378E-005
   5.6875000000000000      -1.61020069057384993E-005
   5.8125000000000000       8.34146434276912892E-006
   5.9375000000000000       6.47402165113756329E-006
   6.0625000000000000      -2.04722212057425862E-005
   6.1875000000000000       2.47712770211969604E-005
   6.3125000000000000      -2.17927278699828876E-005
   6.4375000000000000       1.78352373731632341E-005
   6.5625000000000000      -1.89055504534588280E-005
   6.6875000000000000       1.96277470207948490E-005
   6.8125000000000000      -1.37342897239567830E-005
   6.9375000000000000      -8.83851431613081937E-007
   7.0625000000000000       1.38108830866933533E-005
   7.1875000000000000      -1.71019258195867095E-005
   7.3125000000000000       1.08884149644688347E-005
   7.4375000000000000      -7.70479679224013609E-006
   7.5625000000000000       1.31332896210012786E-005
   7.6875000000000000      -2.21757915150235951E-005
   7.8125000000000000       2.12717952912737917E-005
   7.9375000000000000      -1.08382253118733137E-005
   8.0625000000000000       2.84966061090387654E-006
   8.1875000000000000      -1.02669392975377427E-005
   8.3125000000000000       2.39353065136283252E-005
   8.4375000000000000      -2.52407153636624064E-005
   8.5625000000000000       4.97686862696627661E-006
   8.6875000000000000       1.78384164371921176E-005
   8.8125000000000000      -2.12869806471322501E-005
   8.9375000000000000       2.80748916470141135E-006
   9.0625000000000000       1.27779267277105888E-005
   9.1875000000000000      -9.34681090443690783E-006
   9.3125000000000000      -4.93987158287479653E-006
   9.4375000000000000       5.72310041529488416E-006
   9.5625000000000000       8.59088975107882316E-006
   9.6875000000000000      -1.92284321187465836E-005
   9.8125000000000000       9.55633491766134788E-006
   9.9375000000000000       6.17581505264093309E-006
   10.062500000000000      -7.71727198415618590E-006
   10.187500000000000      -7.73359169850941336E-006
   10.312500000000000       1.92580786165474736E-005
   10.437500000000000      -1.88439172105171514E-005
   10.562500000000000       1.37995085211924481E-005
   10.687500000000000      -1.11121011849047472E-005
   10.812500000000000      -3.48989568024677144E-006
   10.937500000000000       3.12035595225457468E-005
   11.062500000000000      -4.51773307755574686E-005
   11.187500000000000       1.45093513716831882E-005
   11.312500000000000       3.55549306256804930E-005
   11.437500000000000      -4.63438824983917122E-005
   11.562500000000000      -3.31683317090567261E-006
   11.687500000000000       5.44563479441137558E-005
   11.812500000000000      -4.91150024359842077E-005
   11.937500000000000       3.78859748733698054E-006
   12.062500000000000       1.19070650487440805E-005
   12.187500000000000       1.52531028971649007E-005
   12.312500000000000      -3.29722733687798651E-005
   12.437500000000000       4.35813247517365785E-006
   12.562500000000000       2.84207198066420041E-005
   12.687500000000000      -2.04867865186151226E-005
   12.812500000000000      -1.04409823028214814E-005
   12.937500000000000       1.34275554851940825E-005
   13.062500000000000       5.33251434748267393E-006
   13.187500000000000      -1.05870257659963773E-005
   13.312500000000000       4.39592078787356270E-006
   13.437500000000000      -2.44711072660779136E-005
   13.562500000000000       5.12409308408502993E-005
   13.687500000000000      -2.87167229552735690E-005
   13.812500000000000      -3.88519126671761660E-005
   13.937500000000000       6.26161716931308208E-005
   14.062500000000000      -1.09601861603877474E-005
   14.187500000000000      -3.93023908444258384E-005
   14.312500000000000       1.62923540230603916E-005
   14.437500000000000       2.51988246141736991E-005
   14.562500000000000      -8.55889500931008300E-006
   14.687500000000000      -3.98403558427650015E-005
   14.812500000000000       3.39426929562833458E-005
   14.937500000000000       1.50534758233483754E-005
   15.062500000000000      -3.24103251254733609E-005
   15.187500000000000       5.56301953266676999E-006
   15.312500000000000       6.78460380551314797E-007
   15.437500000000000       1.92670016744694353E-005
   15.562500000000000      -1.50852220720940753E-005
   15.687500000000000      -1.76518765539695227E-005
   15.812500000000000       1.52223894526158061E-005
   15.937500000000000       2.19914673897346050E-005
   16.062500000000000      -2.95342785889134049E-005
   16.187500000000000      -1.08977519667380864E-005
   16.312500000000000       3.02327089183729907E-005
   16.437500000000000      -7.15101326292312007E-006
   16.562500000000000      -8.86515306921637558E-006
   16.687500000000000      -9.06305481185732458E-006
   16.812500000000000       1.32216519322321951E-005
   16.937500000000000       7.18628258319160663E-006
   17.062500000000000      -1.48023911636044861E-005
   17.187500000000000      -2.91759445564223703E-006
   17.312500000000000       5.68069009736575778E-006
   17.437500000000000       1.20575611016520297E-006
   17.562500000000000       9.14655751702236735E-006
   17.687500000000000      -2.40649767380315317E-005
   17.812500000000000       4.41346732334845190E-006
   17.937500000000000       2.27575992348380154E-005
   18.062500000000000      -2.54474476706771215E-005
   18.187500000000000       1.32324979505357597E-005
   18.312500000000000      -8.01640874457275900E-006
   18.437500000000000      -5.30414031834231026E-006
   18.562500000000000       1.28772802945993192E-005
   18.687500000000000      -5.29305091960310327E-006
   18.812500000000000       5.63911850708461758E-007
   18.937500000000000      -5.74404713853526985E-006
   19.062500000000000      -1.09139090478479496E-005
   19.187500000000000       9.79891359944855667E-006
   19.312500000000000       3.49508807523103739E-005
   19.437500000000000      -4.38662169742775983E-005
   19.562500000000000      -2.28799959536740133E-005
   19.687500000000000       3.95459178965280335E-005
   19.812500000000000       6.96793768566164796E-006
   19.937500000000000       1.29078180790958523E-006
   20.062500000000000      -3.24235431841139645E-005
   20.187500000000000      -1.81527267538018783E-005
   20.312500000000000       3.23868842578439132E-005
   20.437500000000000       3.23413948387033052E-005
   20.562500000000000      -2.13289813666595666E-005
   20.687500000000000      -3.83758522386518124E-005
   20.812500000000000      -4.05714672763413150E-006
   20.937500000000000       1.60287144841833513E-005
   21.062500000000000       4.80165266419033408E-005
   21.187500000000000      -5.55641923571545852E-006
   21.312500000000000      -6.13341255670176323E-005
   21.437500000000000      -1.96641536007429275E-005
   21.562500000000000       3.66225700516866571E-005
   21.687500000000000       4.11079035604404352E-005
   21.812500000000000      -1.10935415143609887E-006
   21.937500000000000      -2.42233876277975308E-005
   22.062500000000000      -5.75996743577033204E-005
   22.187500000000000      -9.48179583049493312E-006
   22.312500000000000       7.96178790848070848E-005
   22.437500000000000       3.16192605568304280E-005
   22.562500000000000      -3.76274293439678598E-005
   22.687500000000000      -4.06204394435273305E-005
   22.812500000000000      -3.52461618191460626E-005
   22.937500000000000       1.67143539088975755E-006
   23.062500000000000       8.72512419470063296E-005
   23.187500000000000       4.66316930069864873E-005
   23.312500000000000      -8.10959646391903530E-005
   23.437500000000000      -5.68241640641289919E-005
   23.562500000000000       3.94001489659069050E-006
   23.687500000000000       1.36239583381693564E-005
   23.812500000000000       5.46775521934916004E-005
   23.937500000000000       5.61669982564216817E-005
   24.062500000000000      -4.51953862955591968E-005
   24.187500000000000      -1.06945832167857396E-004
   24.312500000000000      -1.16697742307630983E-005
   24.437500000000000       6.37628336852846562E-005
   24.562500000000000       4.61903680512128553E-005
   24.687500000000000       3.67812187560631151E-005
   24.812500000000000      -1.01006914966889988E-005
   24.937500000000000      -9.50387653477651785E-005
   25.062500000000000      -9.19203035709660003E-005
   25.187500000000000       3.36946276041896192E-005
   25.312500000000000       1.13876114751311621E-004
   25.437500000000000       6.96201627639625329E-005
   25.562500000000000       2.04357008192591882E-006
   25.687500000000000      -5.53271280785307259E-005
   25.812500000000000      -7.68738357646344002E-005
   25.937500000000000      -7.98216405589963961E-005
   26.062500000000000      -4.74958139376981434E-005
   26.187500000000000       5.43551508305633208E-005
   26.312500000000000       8.74961804109513594E-005
   26.437500000000000       6.59612414651782704E-005
   26.562500000000000       9.05615208247082470E-005
   26.687500000000000       8.06826607080502801E-005
   26.812500000000000      -2.65851935306774866E-005
   26.937500000000000      -1.40422426076240009E-004
   27.062500000000000      -1.55062659568181701E-004
   27.187500000000000      -1.73505398343636247E-004
   27.312500000000000      -1.79890113076840413E-004
   27.437500000000000      -5.92246657447975477E-005
   27.562500000000000       5.24595537869935983E-005
   27.687500000000000       1.70310281077499858E-004
   27.812500000000000       2.91687973206278153E-004
   27.937500000000000       3.34226021672419035E-004
   28.062500000000000       3.90097679397593416E-004
   28.187500000000000       2.73012056082696207E-004
   28.312500000000000       5.76375470037333081E-005
   28.437500000000000       8.36071184140739574E-005
   28.562500000000000       1.22978361283754013E-004
   28.687500000000000       1.66661100825090189E-004
   28.812500000000000       4.11815160683723651E-004
   28.937500000000000       6.33455630490567956E-004
   29.062500000000000       8.46400107801624914E-004
   29.187500000000000       1.22463672739618829E-003
   29.312500000000000       1.69896672078916674E-003
   29.437500000000000       2.14644375979673209E-003
   29.562500000000000       2.51908863286432827E-003
   29.687500000000000       2.92449835130609943E-003
   29.812500000000000       3.37467360098875043E-003
   29.937500000000000       3.81581403020235868E-003
   30.062500000000000       4.27381973534124871E-003
   30.187500000000000       4.70087301601081198E-003
   30.312500000000000       5.14551309125995966E-003
   30.437500000000000       5.58622442703498451E-003
   30.562500000000000       5.97976215005158965E-003
   30.687500000000000       6.52771877059063650E-003
   30.812500000000000       7.10241475468760021E-003
   30.937500000000000       7.57064836028322873E-003
   31.062500000000000       8.19285178744510317E-003
   31.187500000000000       8.84961830922952400E-003
   31.312500000000000       9.41437101356736375E-003
   31.437500000000000       1.00948070602315965E-002
   31.562500000000000       1.08018836781984869E-002
   31.687500000000000       1.14556747373945229E-002
   31.812500000000000       1.21378011337216433E-002
   31.937500000000000       1.28179604559954512E-002
   32.062500000000000       1.35192601997893725E-002
   32.187500000000000       1.42051464856885849E-002
   32.312500000000000       1.48631438657297905E-002
   32.437500000000000       1.55843363113306287E-002
   32.562500000000000       1.62587558141581816E-002
   32.687500000000000       1.68587367762622620E-002
   32.812500000000000       1.75598406668766721E-002
   32.937500000000000       1.83283989972013589E-002
   33.062500000000000       1.90014686070214336E-002
   33.187500000000000       1.96025430465573969E-002
   33.312500000000000       2.03273086230926041E-002
   33.437500000000000       2.11779896054739569E-002
   33.562500000000000       2.19026483802963849E-002
   33.687500000000000       2.25023001666745555E-002
   33.812500000000000       2.32169029118213001E-002
   33.937500000000000       2.40897130197989078E-002
   34.062500000000000       2.49348903011347017E-002
   34.187500000000000       2.55844970321769775E-002
   34.312500000000000       2.62111952055092273E-002
   34.437500000000000       2.70770920506580755E-002
   34.562500000000000       2.80151512429077897E-002
   34.687500000000000       2.87816058795321017E-002
   34.812500000000000       2.94446435155529609E-002
   34.937500000000000       3.01839508757199559E-002
   35.062500000000000       3.10904583615913589E-002
   35.187500000000000       3.19802009488656808E-002
   35.312500000000000       3.26519092894354199E-002
   35.437500000000000       3.33051862339858798E-002
   35.562500000000000       3.41375196936172104E-002
   35.687500000000000       3.50056537328445605E-002
   35.812500000000000       3.57651137401206465E-002
   35.937500000000000       3.64866499571377886E-002
   36.062500000000000       3.73046573280634286E-002
   36.187500000000000       3.81724892776695510E-002
   36.312500000000000       3.89769088990496795E-002
   36.437500000000000       3.97719993701730265E-002
   36.562500000000000       4.05618634812557818E-002
   36.687500000000000       4.13032416345028713E-002
   36.812500000000000       4.21010570833605033E-002
   36.937500000000000       4.29399180721095966E-002
   37.062500000000000       4.37016855418123004E-002
   37.187500000000000       4.44414934889589622E-002
   37.312500000000000       4.52323892817121029E-002
   37.437500000000000       4.60760971327799709E-002
   37.562500000000000       4.69338543083899773E-002
   37.687500000000000       4.77454694903796523E-002
   37.812500000000000       4.85843254861700810E-002
   37.937500000000000       4.94612078538806468E-002
   38.062500000000000       5.01900894140433831E-002
   38.187500000000000       5.08076646576546970E-002
   38.312500000000000       5.15588079625808118E-002
   38.437500000000000       5.24642453153502386E-002
   38.562500000000000       5.33650907023242860E-002
   38.687500000000000       5.41977002587874929E-002
   38.812500000000000       5.50474295366486649E-002
   38.937500000000000       5.59315717998588313E-002
   39.062500000000000       5.67037991438848962E-002
   39.187500000000000       5.73962011507022085E-002
   39.312500000000000       5.82196840137270827E-002
   39.437500000000000       5.91092343570416498E-002
   39.562500000000000       5.98521915575627589E-002
   39.687500000000000       6.05495356175058397E-002
   39.812500000000000       6.14677317801326228E-002
   39.937500000000000       6.24967936686871076E-002
   40.062500000000000       6.31800882853956192E-002
   40.187500000000000       6.35532723030714092E-002
   40.312500000000000       6.42857008167335292E-002
   40.437500000000000       6.55068785545024068E-002
   40.562500000000000       6.64653204824796062E-002
   40.687500000000000       6.67776408490828727E-002
   40.812500000000000       6.70904064280355428E-002
   40.937500000000000       6.81202972842499255E-002
   41.062500000000000       6.95307208227637918E-002
   41.187500000000000       7.03452653666061106E-002
   41.312500000000000       7.04557292286657755E-002
   41.437500000000000       7.08190264645088968E-002
   41.562500000000000       7.20484088690775265E-002
   41.687500000000000       7.35738286734945318E-002
   41.812500000000000       7.43492875955834298E-002
   41.937500000000000       7.43372390389998722E-002
   42.062500000000000       7.47441595091840327E-002
   42.187500000000000       7.61859573493544467E-002
   42.312500000000000       7.76373121882280304E-002
   42.437500000000000       7.80337923128270328E-002
   42.562500000000000       7.79300037708150900E-002
   42.687500000000000       7.86545175199477309E-002
   42.812500000000000       8.01795501877531902E-002
   42.937500000000000       8.10368913940439084E-002
   43.062500000000000       8.08866337927785783E-002
   43.187500000000000       8.11847924515415875E-002
   43.312500000000000       8.24479107187183480E-002
   43.437500000000000       8.34160841193342523E-002
   43.562500000000000       8.34883197675673344E-002
   43.687500000000000       8.37686366233251212E-002
   43.812500000000000       8.51192338348080585E-002
   43.937500000000000       8.64723052324520708E-002
   44.062500000000000       8.64068572635133120E-002
   44.187500000000000       8.58709959055004857E-002
   44.312500000000000       8.69643104092119729E-002
   44.437500000000000       8.95452671462540900E-002
   44.562500000000000       9.12083489813705073E-002
   44.687500000000000       9.02860979903598454E-002
   44.812500000000000       8.83267958888833971E-002
   44.937500000000000       8.90405386223241113E-002
   45.062500000000000       9.31667866089222890E-002
   45.187500000000000       9.55639242279241602E-002
   45.312500000000000       9.17364045665427785E-002
   45.437500000000000       8.61291748605385737E-002
   45.562500000000000       8.80859352297836407E-002
   45.687500000000000       9.91487010893166848E-002
   45.812500000000000       0.10574029088968918     
   45.937500000000000       9.54559216846049413E-002
   46.062500000000000       8.01434760306937444E-002
   46.187500000000000       8.18502923331028698E-002
   46.312500000000000       0.10504935887476385     
   46.437500000000000       0.12136520306651630     
   46.562500000000000       0.10167022789305466     
   46.687500000000000       6.96101763212441105E-002
   46.812500000000000       6.43260527584837288E-002
   46.937500000000000       9.93877999746285573E-002
   47.062500000000000       0.14075119391934235     
   47.187500000000000       0.12235289158565142     
   47.312500000000000       6.75096166204001008E-002
   47.437500000000000       4.00893926535366499E-002
   47.562500000000000       6.01877471816275461E-002
   47.687500000000000       0.12711945092263491     
   47.812500000000000       0.16448615240290934     
   47.937500000000000       0.10614456983624214     
   48.062500000000000       3.90601266661923241E-002
   48.187500000000000       1.13379218487608870E-002
   48.312500000000000       3.63092415911915514E-003
   48.437500000000000       1.57800584525403620E-003
   48.562500000000000       9.26413573719947155E-004
   48.687500000000000       6.52286544041736000E-004
   48.812500000000000       5.75961925938844204E-004
   48.937500000000000       6.34741723978092835E-004
   49.062500000000000       6.63119488461928123E-004
   49.187500000000000       5.50360694031019134E-004
   49.312500000000000       3.73583135671329834E-004
   49.437500000000000       2.50270242921102587E-004
   49.562500000000000       1.86923999392344027E-004
   49.687500000000000       1.45097405641004900E-004
   49.812500000000000       1.37136928415593857E-004
   49.937500000000000       1.98846611509727837E-004
   50.062500000000000       3.50899958270099613E-004
   50.187500000000000       6.09027477802026617E-004
   50.312500000000000       9.62976789126446741E-004
   50.437500000000000       1.35009368105438554E-003
   50.562500000000000       1.71683038296556695E-003
   50.687500000000000       2.08954552248286855E-003
   50.812500000000000       2.52077205281199188E-003
   50.937500000000000       2.99294377460558678E-003
   51.062500000000000       3.44335046740757095E-003
   51.187500000000000       3.85841603797018639E-003
   51.312500000000000       4.27437897205064973E-003
   51.437500000000000       4.70511034226473064E-003
   51.562500000000000       5.13601466458262022E-003
   51.687500000000000       5.57579217260657876E-003
   51.812500000000000       6.05241115121855303E-003
   51.937500000000000       6.56441419019184076E-003
   52.062500000000000       7.08949345151419202E-003
   52.187500000000000       7.63530676687128231E-003
   52.312500000000000       8.23067396940834264E-003
   52.437500000000000       8.86941061363287139E-003
   52.562500000000000       9.51352169927431428E-003
   52.687500000000000       1.01540893230095651E-002
   52.812500000000000       1.08189213598494649E-002
   52.937500000000000       1.15130163310074498E-002
   53.062500000000000       1.22032784659402097E-002
   53.187500000000000       1.28768221808033580E-002
   53.312500000000000       1.35614477815394104E-002
   53.437500000000000       1.42644971228024307E-002
   53.562500000000000       1.49461223842659481E-002
   53.687500000000000       1.55902192819051249E-002
   53.812500000000000       1.62479136668594384E-002
   53.937500000000000       1.69574107005624058E-002
   54.062500000000000       1.76701591346827454E-002
   54.187500000000000       1.83288005348427735E-002
   54.312500000000000       1.89785424140854649E-002
   54.437500000000000       1.97057438199657042E-002
   54.562500000000000       2.04853426213229654E-002
   54.687500000000000       2.12053621151566465E-002
   54.812500000000000       2.18563454322187080E-002
   54.937500000000000       2.25667221898933866E-002
   55.062500000000000       2.33933184383568644E-002
   55.187500000000000       2.42060043551260221E-002
   55.312500000000000       2.48884375998587974E-002
   55.437500000000000       2.55461355578995401E-002
   55.562500000000000       2.63569098099309292E-002
   55.687500000000000       2.72779444493565504E-002
   55.812500000000000       2.80937082948376632E-002
   55.937500000000000       2.87555484304494596E-002
   56.062500000000000       2.94668859556699997E-002
   56.187500000000000       3.03578290656746387E-002
   56.312500000000000       3.12678758830336329E-002
   56.437500000000000       3.19949285524084165E-002
   56.562500000000000       3.26158550299317021E-002
   56.687500000000000       3.33630377599492545E-002
   56.812500000000000       3.42627109256193052E-002
   56.937500000000000       3.51153136845063427E-002
   57.062500000000000       3.58278908634672988E-002
   57.187500000000000       3.65493864339217420E-002
   57.312500000000000       3.74095803098503862E-002
   57.437500000000000       3.83108957103195438E-002
   57.562500000000000       3.91003500820983896E-002
   57.687500000000000       3.98119843683051866E-002
   57.812500000000000       4.05860737703561333E-002
   57.937500000000000       4.14317710115190765E-002
   58.062500000000000       4.22336532511057711E-002
   58.187500000000000       4.29603428574982169E-002
   58.312500000000000       4.37097344526490988E-002
   58.437500000000000       4.45393718450188894E-002
   58.562500000000000       4.53911933378087218E-002
   58.687500000000000       4.62174384154920639E-002
   58.812500000000000       4.70552178578247174E-002
   58.937500000000000       4.79180268772046586E-002
   59.062500000000000       4.87248593321717993E-002
   59.187500000000000       4.94233584846656485E-002
   59.312500000000000       5.01012727584828829E-002
   59.437500000000000       5.08800797194925020E-002
   59.562500000000000       5.17561494479258297E-002
   59.687500000000000       5.26404173955473675E-002
   59.812500000000000       5.35030959196298173E-002
   59.937500000000000       5.43688783065206377E-002
   60.062500000000000       5.52066336540987315E-002
   60.187500000000000       5.59602459607124805E-002
   60.312500000000000       5.66846133781324923E-002
   60.437500000000000       5.75028586671156722E-002
   60.562500000000000       5.83999820902438918E-002
   60.687500000000000       5.92186481223979586E-002
   60.812500000000000       5.99284677090445791E-002
   60.937500000000000       6.07181070019535488E-002
   61.062500000000000       6.16762217764100715E-002
   61.187500000000000       6.25611568984252298E-002
   61.312500000000000       6.31416866215681744E-002
   61.437500000000000       6.36460937678872962E-002
   61.562500000000000       6.45062819706564705E-002
   61.687500000000000       6.56510536452524912E-002
   61.812500000000000       6.64889406748537803E-002
   61.937500000000000       6.68025267841739906E-002
   62.062500000000000       6.72162544739164231E-002
   62.187500000000000       6.83273558487415833E-002
   62.312500000000000       6.97029486071724519E-002
   62.437500000000000       7.04001944740344082E-002
   62.562500000000000       7.04346418895804294E-002
   62.687500000000000       7.09007451025575469E-002
   62.812500000000000       7.23520321196913091E-002
   62.937500000000000       7.38622869255195907E-002
   63.062500000000000       7.43464699288371167E-002
   63.187500000000000       7.42576899306862659E-002
   63.312500000000000       7.49361611878392037E-002
   63.437500000000000       7.65386653530190364E-002
   63.562500000000000       7.77828550502187854E-002
   63.687500000000000       7.79481209614692749E-002
   63.812500000000000       7.79863169950316820E-002
   63.937500000000000       7.89488261883513481E-002
   64.062500000000000       8.03255059286309830E-002
   64.187500000000000       8.09516993814630159E-002
   64.312500000000000       8.09330648626373494E-002
   64.437500000000000       8.13951350375859417E-002
   64.562500000000000       8.25587121018742098E-002
   64.687500000000000       8.34294445945095997E-002
   64.812500000000000       8.35875541145091466E-002
   64.937500000000000       8.39775451456506172E-002
   65.062500000000000       8.52528684805707870E-002
   65.187500000000000       8.64587741977266289E-002
   65.312500000000000       8.64759044248978731E-002
   65.437500000000000       8.61106944428579740E-002
   65.562500000000000       8.72407969622773505E-002
   65.687500000000000       8.98604085552138637E-002
   65.812500000000000       9.13862379045974477E-002
   65.937500000000000       9.00622395368857603E-002
   66.062500000000000       8.81165694066267380E-002
   66.187500000000000       8.93684286894301239E-002
   66.312500000000000       9.36271036207678986E-002
   66.437500000000000       9.53713253195852401E-002
   66.562500000000000       9.10149758902746714E-002
   66.687500000000000       8.60146178338783707E-002
   66.812500000000000       8.93262251594556661E-002
   66.937500000000000       0.10051285862047289     
   67.062500000000000       0.10509826100340711     
   67.187500000000000       9.34681337654829358E-002
   67.312500000000000       7.95666543607560783E-002
   67.437500000000000       8.39860263132409107E-002
   67.562500000000000       0.10795845556915606     
   67.687500000000000       0.12056603488645672     
   67.812500000000000       9.76053181193590191E-002
   67.937500000000000       6.74658273603415404E-002
   68.062500000000000       6.68750907528567196E-002
   68.187500000000000       0.10542586592467106     
   68.312500000000000       0.14213791114816193     
   68.437500000000000       0.11591622681949032     
   68.562500000000000       6.19814598436449551E-002
   68.687500000000000       3.99951485216464217E-002
   68.812500000000000       6.68668011397642592E-002
   68.937500000000000       0.13623825903148779     
   69.062500000000000       0.16133337606734702     
   69.187500000000000       9.56191523150873718E-002
   69.312500000000000       3.35480269329994640E-002
   69.437500000000000       9.84920918318991923E-003
   69.562500000000000       3.44632114510664070E-003
   69.687500000000000       1.70331319161361747E-003
   69.812500000000000       1.08441733903532700E-003
   69.937500000000000       7.67170659350580606E-004
   70.062500000000000       5.58561057556411088E-004
   70.187500000000000       4.06715954005978637E-004
   70.312500000000000       2.93094832365375013E-004
   70.437500000000000       2.08135501646221035E-004
   70.562500000000000       1.45345846790833266E-004
   70.687500000000000       9.97000721241363320E-005
   70.812500000000000       6.71370212116897171E-005
   70.937500000000000       4.43681656696743489E-005
   71.062500000000000       2.87725474821821293E-005
   71.187500000000000       1.83102802229914270E-005
   71.312500000000000       1.14359833717146868E-005
   71.437500000000000       7.01121219079681010E-006
   71.562500000000000       4.22037932114668082E-006
   71.687500000000000       2.49493127207915266E-006
   71.812500000000000       1.44887879104850539E-006
   71.937500000000000       8.26787513633198512E-007
   72.062500000000000       4.63733098599894037E-007
   72.187500000000000       2.55728241907384468E-007
   72.312500000000000       1.38691108386705059E-007
   72.437500000000000       7.39943715386716383E-008
   72.562500000000000       3.88460580387542136E-008
   72.687500000000000       2.00728156393398972E-008
   72.812500000000000       1.02116074859657937E-008
   72.937500000000000       5.11578387125860696E-009
   73.062500000000000       2.52444908881605038E-009
   73.187500000000000       1.22731998380880066E-009
   73.312500000000000       5.88007037911164709E-010
   73.437500000000000       2.77673210877305807E-010
   73.562500000000000       1.29271245867804588E-010
   73.687500000000000       5.93434508878539744E-011
   73.812500000000000       2.68676558549867446E-011
   73.937500000000000       1.19992194857547793E-011
   74.062500000000000       5.28712568971467738E-012
   74.187500000000000       2.29881513122515501E-012
   74.312500000000000       9.86456414585839684E-013
   74.437500000000000       4.17840274996476881E-013
   74.562500000000000       1.74730167929796351E-013
   74.687500000000000       7.21464575085923591E-014
   74.812500000000000       2.94180411777526347E-014
   74.937500000000000       1.18474285471143204E-014
   75.062500000000000       4.71307137103242529E-015
   75.187500000000000       1.85229241020427112E-015
   75.312500000000000       7.19274884228714086E-016
   75.437500000000000       2.76002182582353923E-016
   75.562500000000000       1.04667823132134932E-016
   75.687500000000000       3.92325113308132247E-017
   75.812500000000000       1.45364690911526474E-017
   75.937500000000000       5.32473326236946554E-018
   76.062500000000000       1.92844697825686708E-018
   76.187500000000000       6.90608536167908174E-019
   76.312500000000000       2.44575401077659034E-019
   76.437500000000000       8.56625848761125780E-020
   76.562500000000000       2.96761082901778634E-020
   76.687500000000000       1.01694805222028034E-020
   76.812500000000000       3.44749971801840718E-021
   76.937500000000000       1.15627176800385508E-021
   77.062500000000000       3.83708468759493556E-022
   77.187500000000000       1.25997880323722757E-022
   77.312500000000000       4.09429543506560212E-023
   77.437500000000000       1.31668535800896706E-023
   77.562500000000000       4.19086509521028013E-024
   77.687500000000000       1.32030824963130943E-024
   77.812500000000000       4.11744036711706860E-025
   77.937500000000000       1.27112776981492789E-025
   78.062500000000000       3.88498950662565583E-026
   78.187500000000000       1.17559406837626984E-026
   78.312500000000000       3.52224261856711971E-027
   78.437500000000000       1.04496630355096193E-027
   78.562500000000000       3.06995913111071763E-028
   78.687500000000000       8.93173285614147690E-029
   78.812500000000000       2.57357373632927184E-029
   78.937500000000000       7.34445584880550980E-030
   79.062500000000000       2.07600573376713454E-030
   79.187500000000000       5.81254923219354447E-031
   79.312500000000000       1.61211731257258742E-031
   79.437500000000000       4.42935778657429323E-032
   79.562500000000000       1.20564856355743690E-032
   79.687500000000000       3.25130567733810309E-033
   79.812500000000000       8.68705865649964506E-034
   79.937500000000000       2.29977802650012221E-034
   80.062500000000000       6.03277593261463874E-035
   80.187500000000000       1.56814438631434001E-035
   80.312500000000000       4.03935043883206703E-036
   80.437500000000000       1.03112734087387416E-036
   80.562500000000000       2.60859477072681290E-037
   80.687500000000000       6.54052129690309251E-038
   80.812500000000000       1.62535056974859884E-038
   80.937500000000000       4.00338927091690840E-039
   81.062500000000000       9.77398082980787918E-040
   81.187500000000000       2.36534498391438696E-040
   81.312500000000000       5.67430884700143002E-041
   81.437500000000000       1.34940625733931027E-041
   81.562500000000000       3.18126042044939515E-042
   81.687500000000000       7.43528554778496004E-043
   81.812500000000000       1.72287147918096372E-043
   81.937500000000000       3.95803371970962320E-044
   82.062500000000000       9.01554048365434846E-045
   82.187500000000000       2.03612167522777299E-045
   82.312500000000000       4.55962477639530670E-046
   82.437500000000000       1.01246815168609573E-046
   82.562500000000000       2.22932678190071932E-047
   82.687500000000000       4.86764777765717006E-048
   82.812500000000000       1.05397499822232313E-048
   82.937500000000000       2.26318305501715601E-049
   83.062500000000000       4.81947227058497358E-050
   83.187500000000000       1.01784512987287328E-050
   83.312500000000000       2.13195527666710791E-051
   83.437500000000000       4.42894388947866181E-052
   83.562500000000000       9.12555483967481612E-053
   83.687500000000000       1.86494698087807014E-053
   83.812500000000000       3.78035595522142643E-054
   83.937500000000000       7.60096220030994668E-055
   84.062500000000000       1.51594903259032809E-055
   84.187500000000000       2.99910074046699844E-056
   84.312500000000000       5.88569857186738629E-057
   84.437500000000000       1.14581730918414638E-057
   84.562500000000000       2.21285442085000476E-058
   84.687500000000000       4.23955164772785234E-059
   84.812500000000000       8.05797614360233773E-060
   84.937500000000000       1.51942806836247840E-060
   85.062500000000000       2.84244074019172120E-061
   85.187500000000000       5.27556058672650713E-062
   85.312500000000000       9.71449834568936279E-063
   85.437500000000000       1.77482358340131910E-063
   85.562500000000000       3.21722451795912658E-064
   85.687500000000000       5.78638162880576889E-065
   85.812500000000000       1.03261945257975688E-065
   85.937500000000000       1.82847447465868930E-066
   86.062500000000000       3.21262893466304664E-067
   86.187500000000000       5.60096474699735061E-068
   86.312500000000000       9.68953901882232300E-069
   86.437500000000000       1.66336916865483103E-069
   86.562500000000000       2.83352168751948429E-070
   86.687500000000000       4.78987040751059033E-071
   86.812500000000000       8.03502333635664626E-072
   86.937500000000000       1.33759109456218412E-072
   87.062500000000000       2.20972891236812816E-073
   87.187500000000000       3.62276742211099815E-074
   87.312500000000000       5.89432430857144201E-075
   87.437500000000000       9.51756565411336737E-076
   87.562500000000000       1.52518333355553542E-076
   87.687500000000000       2.42565172442625474E-077
   87.812500000000000       3.82869568073092978E-078
   87.937500000000000       5.99784065203390589E-079
   88.062500000000000       9.32537298938116466E-080
   88.187500000000000       1.43903094794485487E-080
   88.312500000000000       2.20400205399094489E-081
   88.437500000000000       3.35040247782605248E-082
   88.562500000000000       5.05510481273212712E-083
   88.687500000000000       7.57035949605168092E-084
   88.812500000000000       1.12528062988371943E-084
   88.937500000000000       1.66022874039183018E-085
   89.062500000000000       2.43132413237602892E-086
   89.187500000000000       3.53438518707715552E-087
   89.312500000000000       5.11395946444301508E-088
   89.437500000000000       8.34147172117674904E-089
   89.562500000000000       8.34147172117674904E-089
