  -10.562500000000000      -3.11181918928533157E-006
  -10.437500000000000      -3.11181918928533157E-006
  -10.312500000000000       8.45696399671311273E-006
  -10.187500000000000      -1.37564690585049025E-005
  -10.062500000000000       1.72951287110485971E-005
  -9.9375000000000000      -2.00027345036344339E-005
  -9.8125000000000000       2.03314744425327078E-005
  -9.6875000000000000      -1.94671198931838667E-005
  -9.5625000000000000       1.61997917807544105E-005
  -9.4375000000000000      -1.21181000629588935E-005
  -9.3125000000000000       6.42205256220475197E-006
  -9.1875000000000000      -1.05869661577827994E-006
  -9.0625000000000000      -4.55124812853175101E-006
  -8.9375000000000000       8.42791070859088056E-006
  -8.8125000000000000      -1.13525754475131952E-005
  -8.6875000000000000       1.17556784081446499E-005
  -8.5625000000000000      -1.09941188619242909E-005
  -8.4375000000000000       8.11965424819051169E-006
  -8.3125000000000000      -5.05185488580148163E-006
  -8.1875000000000000       1.20496492372156791E-006
  -8.0625000000000000       1.40282110296009643E-006
  -7.9375000000000000      -3.57571801999842712E-006
  -7.8125000000000000       3.76413244483576026E-006
  -7.6875000000000000      -3.41130498032624461E-006
  -7.5625000000000000       1.59800665800213728E-006
  -7.4375000000000000      -2.60677914678546638E-007
  -7.3125000000000000      -1.32136976862550142E-006
  -7.1875000000000000       1.33138927430503215E-006
  -7.0625000000000000      -9.31024767439702548E-007
  -6.9375000000000000      -1.08881707130133371E-006
  -6.8125000000000000       2.93014863398831363E-006
  -6.6875000000000000      -5.36423181507856922E-006
  -6.5625000000000000       6.45602674552653816E-006
  -6.4375000000000000      -7.23704773459189483E-006
  -6.3125000000000000       6.32450768406372197E-006
  -6.1875000000000000      -5.47570290969077676E-006
  -6.0625000000000000       3.93318635462390090E-006
  -5.9375000000000000      -3.80977724415475543E-006
  -5.8125000000000000       4.24183839307363133E-006
  -5.6875000000000000      -6.82040747621468936E-006
  -5.5625000000000000       9.83033762647536891E-006
  -5.4375000000000000      -1.39944503952696133E-005
  -5.3125000000000000       1.69481351888597822E-005
  -5.1875000000000000      -1.92782466090333218E-005
  -5.0625000000000000       1.90205713397647352E-005
  -4.9375000000000000      -1.76548214542618518E-005
  -4.8125000000000000       1.42536770398433482E-005
  -4.6875000000000000      -1.11769461616925643E-005
  -4.5625000000000000       7.82257044979814234E-006
  -4.4375000000000000      -6.23555722840627207E-006
  -4.3125000000000000       4.87526908942997397E-006
  -4.1875000000000000      -4.63071906305687381E-006
  -4.0625000000000000       2.97500323618360009E-006
  -3.9375000000000000      -4.91580278229401948E-007
  -3.8125000000000000      -4.83634373040398029E-006
  -3.6875000000000000       1.11227398509382886E-005
  -3.5625000000000000      -1.88053032599898912E-005
  -3.4375000000000000       2.46632552089095245E-005
  -3.3125000000000000      -2.86980357712206163E-005
  -3.1875000000000000       2.83339303286160833E-005
  -3.0625000000000000      -2.52425977879089460E-005
  -2.9375000000000000       1.88852685196902100E-005
  -2.8125000000000000      -1.26701173190514724E-005
  -2.6875000000000000       6.72114960946821078E-006
  -2.5625000000000000      -3.86437639138324622E-006
  -2.4375000000000000       2.54720798076429909E-006
  -2.3125000000000000      -3.64625471704225052E-006
  -2.1875000000000000       4.13609863386471021E-006
  -2.0625000000000000      -4.63518973528891344E-006
  -1.9375000000000000       3.02720882292596247E-006
  -1.8125000000000000      -1.58682776858407425E-006
  -1.6875000000000000      -4.39111059427658937E-007
  -1.5625000000000000       4.12351086986196839E-007
  -1.4375000000000000      -1.43290004362789475E-007
  -1.3125000000000000      -1.13625662179113905E-006
  -1.1875000000000000      -1.27991302481995875E-007
  -1.0625000000000000       3.49442772570639799E-006
 -0.93750000000000000      -1.09867412426927879E-005
 -0.81250000000000000       1.90564886990429727E-005
 -0.68750000000000000      -2.65750837519217717E-005
 -0.56250000000000000       2.83916184223026655E-005
 -0.43750000000000000      -2.46890691567060511E-005
 -0.31250000000000000       1.42970820666413097E-005
 -0.18750000000000000      -2.64248582985927708E-006
 -6.25000000000000000E-002 -7.54798030058744243E-006
  6.25000000000000000E-002  1.02851206680703580E-005
  0.18750000000000000      -6.46026269989206133E-006
  0.31250000000000000      -3.64969654550785219E-006
  0.43750000000000000       1.29813300496692778E-005
  0.56250000000000000      -1.84582094461899263E-005
  0.68750000000000000       1.50452656973688771E-005
  0.81250000000000000      -5.87793167854744757E-006
  0.93750000000000000      -6.92518373806565721E-006
   1.0625000000000000       1.57006642993732091E-005
   1.1875000000000000      -1.90616578796814526E-005
   1.3125000000000000       1.47995169791627364E-005
   1.4375000000000000      -8.84325137416927244E-006
   1.5625000000000000       3.78911978810659535E-006
   1.6875000000000000      -5.20640324780070306E-006
   1.8125000000000000       1.01634444129549065E-005
   1.9375000000000000      -1.70751336213782020E-005
   2.0625000000000000       1.85527532477926966E-005
   2.1875000000000000      -1.44672653331915183E-005
   2.3125000000000000       3.99165446320680302E-006
   2.4375000000000000       5.11970005554402826E-006
   2.5625000000000000      -9.83256815928349929E-006
   2.6875000000000000       5.23534982186893539E-006
   2.8125000000000000       3.27915388172490326E-006
   2.9375000000000000      -1.19805411959643609E-005
   3.0625000000000000       1.21458215352372672E-005
   3.1875000000000000      -4.92276374751604932E-006
   3.3125000000000000      -8.14167660264863914E-006
   3.4375000000000000       1.64436977117034402E-005
   3.5625000000000000      -1.64377627538080977E-005
   3.6875000000000000       4.67089195821008395E-006
   3.8125000000000000       9.91698740181262437E-006
   3.9375000000000000      -2.10846343176408833E-005
   4.0625000000000000       1.92438357394901606E-005
   4.1875000000000000      -7.61513542408729428E-006
   4.3125000000000000      -9.93005842739553228E-006
   4.4375000000000000       2.11338639357992996E-005
   4.5625000000000000      -2.36148288981209157E-005
   4.6875000000000000       1.56455832997296268E-005
   4.8125000000000000      -7.29452137066857540E-006
   4.9375000000000000       2.31416265150895452E-006
   5.0625000000000000      -5.98513531106704897E-006
   5.1875000000000000       1.06216314583574204E-005
   5.3125000000000000      -1.24519271162030243E-005
   5.4375000000000000       3.84315980531727026E-006
   5.5625000000000000       9.34327993674162058E-006
   5.6875000000000000      -2.29143108810413192E-005
   5.8125000000000000       2.56493306704901736E-005
   5.9375000000000000      -1.90533664365030709E-005
   6.0625000000000000       4.45109947122947046E-006
   6.1875000000000000       5.97496824721869637E-006
   6.3125000000000000      -9.97734973759700117E-006
   6.4375000000000000       4.10526018950209128E-006
   6.5625000000000000       2.10753854933023667E-006
   6.6875000000000000      -6.42237897740006720E-006
   6.8125000000000000       3.02596585182976387E-006
   6.9375000000000000       7.18180567901803138E-007
   7.0625000000000000      -3.66529842438616961E-006
   7.1875000000000000      -6.86886778270931261E-007
   7.3125000000000000       5.65148714871061616E-006
   7.4375000000000000      -1.01053301793598145E-005
   7.5625000000000000       5.87978535771683059E-006
   7.6875000000000000       2.21340497539782491E-006
   7.8125000000000000      -1.44587338988301720E-005
   7.9375000000000000       2.19793496083286091E-005
   8.0625000000000000      -2.74908668111973736E-005
   8.1875000000000000       2.74147210899613240E-005
   8.3125000000000000      -2.80566343418088851E-005
   8.4375000000000000       2.49949880185157007E-005
   8.5625000000000000      -2.19468657246019301E-005
   8.6875000000000000       1.34764342671598598E-005
   8.8125000000000000      -5.72314874754214620E-006
   8.9375000000000000      -3.80941085884327604E-006
   9.0625000000000000       8.36190097573392374E-006
   9.1875000000000000      -1.32260912725149367E-005
   9.3125000000000000       1.43648342272173434E-005
   9.4375000000000000      -1.70986248124028843E-005
   9.5625000000000000       1.45195863302528851E-005
   9.6875000000000000      -1.06187883688461021E-005
   9.8125000000000000       1.27753158677834965E-006
   9.9375000000000000       3.68945363215506795E-006
   10.062500000000000      -5.84989234661471094E-006
   10.187500000000000      -4.20485886420093594E-007
   10.312500000000000       4.57020246638475724E-006
   10.437500000000000      -6.89263371558811900E-006
   10.562500000000000       2.56277946604386307E-007
   10.687500000000000       4.86959887542015310E-006
   10.812500000000000      -8.64341054493161113E-006
   10.937500000000000       3.21107461330934678E-006
   11.062500000000000       1.06766970562407574E-006
   11.187500000000000      -5.19217078725163151E-006
   11.312500000000000       2.00160910568937081E-006
   11.437500000000000      -2.82903842595696457E-006
   11.562500000000000       5.88575158828466551E-006
   11.687500000000000      -1.66513504515371344E-005
   11.812500000000000       2.12315728611402118E-005
   11.937500000000000      -2.05795407998678093E-005
   12.062500000000000       9.34522138863637245E-006
   12.187500000000000      -2.54653378154816937E-006
   12.312500000000000      -9.36473972969640625E-007
   12.437500000000000      -4.38998132630675692E-006
   12.562500000000000       4.32046051489676404E-006
   12.687500000000000      -2.96953253022395949E-006
   12.812500000000000      -3.44330821172624855E-006
   12.937500000000000       1.87171518587191151E-006
   13.062500000000000      -1.40919689707645665E-006
   13.187500000000000       1.53364242138484186E-006
   13.312500000000000      -1.38709305394321651E-005
   13.437500000000000       2.27933458064709591E-005
   13.562500000000000      -2.43289831415293872E-005
   13.687500000000000       7.77679142156646507E-006
   13.812500000000000       5.44937351329143336E-006
   13.937500000000000      -8.45816797337127862E-006
   14.062500000000000      -7.82083275344811797E-006
   14.187500000000000       1.84907570768152648E-005
   14.312500000000000      -1.83056220012072590E-005
   14.437500000000000       2.29100129778956611E-006
   14.562500000000000       4.17654385439495346E-006
   14.687500000000000      -3.88804836556694952E-006
   14.812500000000000      -4.99870742381486097E-007
   14.937500000000000      -1.41536698353639502E-005
   15.062500000000000       3.12158737015180943E-005
   15.187500000000000      -3.69633572458597510E-005
   15.312500000000000       9.89361738570094971E-006
   15.437500000000000       2.12840237197639882E-005
   15.562500000000000      -3.56165932786902531E-005
   15.687500000000000       1.32234411990405351E-005
   15.812500000000000       1.36736891584568158E-005
   15.937500000000000      -2.82502897940363856E-005
   16.062500000000000       1.43969935554170511E-005
   16.187500000000000       1.97618944711654726E-006
   16.312500000000000      -1.80737805260916129E-005
   16.437500000000000       1.95085490344003817E-005
   16.562500000000000      -1.62804000681632561E-005
   16.687500000000000      -5.38512522390413824E-006
   16.812500000000000       2.51486876449643029E-005
   16.937500000000000      -3.29201531424635235E-005
   17.062500000000000       6.38124109518273940E-006
   17.187500000000000       2.08034526777658780E-005
   17.312500000000000      -2.86595304235888011E-005
   17.437500000000000       5.60763430224564000E-006
   17.562500000000000       4.02167611964574674E-007
   17.687500000000000       1.65424337937527686E-005
   17.812500000000000      -3.73259151619518276E-005
   17.937500000000000       8.70746441617307652E-006
   18.062500000000000       4.03004032096894023E-005
   18.187500000000000      -6.14682389386574221E-005
   18.312500000000000       1.63674554656753115E-005
   18.437500000000000       3.16134182390391560E-005
   18.562500000000000      -3.66383204771026028E-005
   18.687500000000000      -5.87334706792360717E-006
   18.812500000000000       2.43650436789634321E-005
   18.937500000000000      -1.16062861016462705E-005
   19.062500000000000      -1.11119676299077109E-005
   19.187500000000000       1.98166292597374960E-006
   19.312500000000000       3.88454350829375070E-006
   19.437500000000000       1.39300615397922580E-006
   19.562500000000000      -1.42544677572570519E-005
   19.687500000000000      -2.61468881934561266E-006
   19.812500000000000       1.17462637277505422E-005
   19.937500000000000       1.62419963761930825E-006
   20.062500000000000      -2.92583260792312977E-005
   20.187500000000000       9.36978492539506623E-006
   20.312500000000000       2.54963287482443604E-005
   20.437500000000000      -2.65267227684973177E-005
   20.562500000000000      -2.75827805126518901E-005
   20.687500000000000       4.40988622525888247E-005
   20.812500000000000      -1.50709794500611525E-008
   20.937500000000000      -5.51237878744747142E-005
   21.062500000000000       3.41384362998025853E-005
   21.187500000000000       1.03502083228016201E-005
   21.312500000000000      -1.94589781648800701E-005
   21.437500000000000      -1.43651602341802186E-005
   21.562500000000000       5.93594092052577833E-006
   21.687500000000000       2.62219334495801965E-005
   21.812500000000000      -3.42034276187515497E-005
   21.937500000000000      -8.53711479896379863E-006
   22.062500000000000       1.89602865235135077E-005
   22.187500000000000       3.64751274840470333E-006
   22.312500000000000      -1.91140674898878445E-005
   22.437500000000000      -1.47354098437127772E-005
   22.562500000000000       2.19597183561641559E-005
   22.687500000000000       5.72292802931562630E-006
   22.812500000000000      -2.83588297632518033E-005
   22.937500000000000      -1.15954340658510235E-005
   23.062500000000000       3.74653598932517777E-005
   23.187500000000000      -1.67750361993491529E-005
   23.312500000000000      -2.80276681671513695E-005
   23.437500000000000       2.04065380125095374E-005
   23.562500000000000      -4.58682325877802194E-006
   23.687500000000000       2.45972632508055159E-006
   23.812500000000000      -1.32809361889409602E-005
   23.937500000000000      -1.31723815417815032E-005
   24.062500000000000       2.27780620646358889E-005
   24.187500000000000      -4.72076280490700874E-006
   24.312500000000000      -2.51902064531381589E-005
   24.437500000000000       5.86584366629795022E-006
   24.562500000000000       1.16537368207165705E-005
   24.687500000000000      -1.37069782447380991E-005
   24.812500000000000      -7.67515757430801851E-007
   24.937500000000000      -1.06009676844876639E-005
   25.062500000000000      -1.05662909340210766E-006
   25.187500000000000       2.00178826160300653E-005
   25.312500000000000      -2.74314234417060819E-005
   25.437500000000000      -1.00475475285369820E-005
   25.562500000000000       2.15161355982484012E-005
   25.687500000000000      -9.61530840808217245E-006
   25.812500000000000      -1.44381386784749938E-005
   25.937500000000000       5.08156595739386507E-006
   26.062500000000000      -9.95356157663747825E-009
   26.187500000000000      -1.36467051561199269E-005
   26.312500000000000       5.85162197050950629E-006
   26.437500000000000       1.89145522326492258E-006
   26.562500000000000      -1.44823291115228375E-005
   26.687500000000000      -4.07181106050890885E-006
   26.812500000000000      -6.02670406142658427E-007
   26.937500000000000       7.74075619569326098E-006
   27.062500000000000      -2.45244738981117749E-006
   27.187500000000000      -2.37241735633055109E-005
   27.312500000000000      -8.65787594941545319E-006
   27.437500000000000       2.69926382731389133E-005
   27.562500000000000       6.61682190758934251E-006
   27.687500000000000      -4.33420987908730916E-005
   27.812500000000000      -4.67677343931609549E-006
   27.937500000000000       2.20152454835901766E-005
   28.062500000000000      -4.00024289192331175E-006
   28.187500000000000       5.22783029641085836E-006
   28.312500000000000      -2.04153799773530898E-005
   28.437500000000000      -3.64067940854707493E-005
   28.562500000000000       2.78718717207476673E-005
   28.687500000000000       4.09766151033484527E-005
   28.812500000000000      -3.54994958670455042E-005
   28.937500000000000      -4.50417703482193282E-005
   29.062500000000000       1.59396371699914591E-005
   29.187500000000000       1.15471302980819449E-005
   29.312500000000000       1.04126664287527159E-005
   29.437500000000000       1.22146857662556375E-005
   29.562500000000000      -5.24093720362039061E-005
   29.687500000000000      -3.79320496929956582E-005
   29.812500000000000       4.75215728950149574E-005
   29.937500000000000       4.38462629323775916E-005
   30.062500000000000      -3.31306585507667512E-005
   30.187500000000000      -4.57200881698392641E-005
   30.312500000000000      -1.31279546946528698E-006
   30.437500000000000      -7.64369849831557190E-006
   30.562500000000000       2.62817057684968145E-005
   30.687500000000000       5.44059296043025709E-005
   30.812500000000000      -4.90959861790954543E-005
   30.937500000000000      -8.16398977652781158E-005
   31.062500000000000       8.86790362838371468E-006
   31.187500000000000       5.93797905613422015E-005
   31.312500000000000       2.74837386797384410E-005
   31.437500000000000      -2.54959514547018081E-005
   31.562500000000000      -3.42827227379673415E-005
   31.687500000000000      -4.83688061289318789E-005
   31.812500000000000      -1.12887942430811201E-005
   31.937500000000000       7.49342712353762657E-005
   32.062500000000000       3.90880261463093904E-005
   32.187500000000000      -3.32387511998446543E-005
   32.312500000000000      -7.30042901695570777E-005
   32.437500000000000      -5.20135337716390016E-005
   32.562500000000000       6.00589817015802633E-005
   32.687500000000000       4.28192743236596653E-005
   32.812500000000000      -4.87464204190661179E-006
   32.937500000000000       2.50622640769925543E-005
   33.062500000000000      -7.59030460380340433E-005
   33.187500000000000      -9.25267647052439938E-005
   33.312500000000000       4.90476668317428726E-005
   33.437500000000000       7.51056180185315534E-005
   33.562500000000000       4.13521642104814483E-005
   33.687500000000000      -2.90434995394732932E-005
   33.812500000000000      -9.72268437822650810E-005
   33.937500000000000      -3.89033114039310466E-005
   34.062500000000000       1.01401971412727239E-005
   34.187500000000000       3.93992533940949253E-005
   34.312500000000000       8.87377756071655843E-005
   34.437500000000000       2.19346448871237065E-005
   34.562500000000000      -9.74786184535356750E-005
   34.687500000000000      -9.55986179901957892E-005
   34.812500000000000      -3.38357655825934156E-006
   34.937500000000000       1.76268507114758633E-005
   35.062500000000000       1.49202103243400918E-005
   35.187500000000000       9.44218566683707045E-005
   35.312500000000000       5.59307972934643309E-005
   35.437500000000000      -6.62294882382521744E-005
   35.562500000000000      -4.10002168519478234E-005
   35.687500000000000      -4.52759291393992858E-005
   35.812500000000000      -1.05350740880856596E-004
   35.937500000000000      -4.81332720517245333E-005
   36.062500000000000       1.70869514110485452E-005
   36.187500000000000       8.03428499419918797E-005
   36.312500000000000       1.35876021114099508E-004
   36.437500000000000       8.10868510698176635E-005
   36.562500000000000       4.81113567365824000E-005
   36.687500000000000       1.61200450590220329E-005
   36.812500000000000      -1.12429419250403414E-004
   36.937500000000000      -1.59966924824382541E-004
   37.062500000000000      -1.63181243340559462E-004
   37.187500000000000      -2.41940097902311073E-004
   37.312500000000000      -1.99613507389399201E-004
   37.437500000000000       1.91219908436176767E-005
   37.562500000000000       2.15969661722536512E-004
   37.687500000000000       2.96070337459633536E-004
   37.812500000000000       2.99741517565408353E-004
   37.937500000000000       2.72218207399381592E-004
   38.062500000000000       2.02701320022139603E-004
   38.187500000000000       1.24084123828824500E-004
   38.312500000000000       1.01884378179537140E-004
   38.437500000000000       8.79719511532738610E-005
   38.562500000000000       6.89453075494973690E-005
   38.687500000000000       1.46509123924919090E-004
   38.812500000000000       3.52000065973115850E-004
   38.937500000000000       6.29883316519873164E-004
   39.062500000000000       9.23330507369515634E-004
   39.187500000000000       1.24296743856354072E-003
   39.312500000000000       1.62652361443766996E-003
   39.437500000000000       2.00410982873323569E-003
   39.562500000000000       2.36212796163180316E-003
   39.687500000000000       2.80520820060543028E-003
   39.812500000000000       3.26621099464327429E-003
   39.937500000000000       3.63913642269556459E-003
   40.062500000000000       4.01809510971898928E-003
   40.187500000000000       4.44904123242364797E-003
   40.312500000000000       4.86553913215948593E-003
   40.437500000000000       5.26023479476134259E-003
   40.562500000000000       5.66837686308611401E-003
   40.687500000000000       6.14593604630577894E-003
   40.812500000000000       6.67436052239548262E-003
   40.937500000000000       7.13956395746779843E-003
   41.062500000000000       7.59336122994016746E-003
   41.187500000000000       8.18547125726980761E-003
   41.312500000000000       8.84761223608142300E-003
   41.437500000000000       9.42648932647966592E-003
   41.562500000000000       9.93905318995373828E-003
   41.687500000000000       1.05241396962749180E-002
   41.812500000000000       1.12414398131513212E-002
   41.937500000000000       1.19453525045823666E-002
   42.062500000000000       1.25069351954417481E-002
   42.187500000000000       1.30467040303023415E-002
   42.312500000000000       1.37027655944603286E-002
   42.437500000000000       1.44322873339181919E-002
   42.562500000000000       1.51120017068211033E-002
   42.687500000000000       1.56452043190721049E-002
   42.812500000000000       1.61361173384504883E-002
   42.937500000000000       1.68185060363958833E-002
   43.062500000000000       1.76182967774693583E-002
   43.187500000000000       1.82506547278403208E-002
   43.312500000000000       1.87413186520446924E-002
   43.437500000000000       1.93312762602769611E-002
   43.562500000000000       2.00748104853191653E-002
   43.687500000000000       2.08337716376229796E-002
   43.812500000000000       2.14810307876528682E-002
   43.937500000000000       2.20601095508846864E-002
   44.062500000000000       2.27153491591641742E-002
   44.187500000000000       2.34506476238134261E-002
   44.312500000000000       2.41699957355192355E-002
   44.437500000000000       2.48602920960680311E-002
   44.562500000000000       2.55384961115971802E-002
   44.687500000000000       2.62134627680797490E-002
   44.812500000000000       2.69278274888309285E-002
   44.937500000000000       2.76869314777826413E-002
   45.062500000000000       2.84397075726716964E-002
   45.187500000000000       2.91460066085642636E-002
   45.312500000000000       2.98195613297881981E-002
   45.437500000000000       3.05420032579669168E-002
   45.562500000000000       3.13269034290080475E-002
   45.687500000000000       3.20457996759273694E-002
   45.812500000000000       3.26725265360540140E-002
   45.937500000000000       3.33480891649036298E-002
   46.062500000000000       3.41092262821244344E-002
   46.187500000000000       3.48599921440433599E-002
   46.312500000000000       3.55553806761714081E-002
   46.437500000000000       3.62461692862409077E-002
   46.562500000000000       3.70155196487258961E-002
   46.687500000000000       3.78219747263409678E-002
   46.812500000000000       3.85159361024796920E-002
   46.937500000000000       3.91494706462846634E-002
   47.062500000000000       3.99135114200925983E-002
   47.187500000000000       4.07505584571133672E-002
   47.312500000000000       4.14697428446205510E-002
   47.437500000000000       4.20818096770451330E-002
   47.562500000000000       4.27379149097246447E-002
   47.687500000000000       4.35100887904126751E-002
   47.812500000000000       4.42802144593576197E-002
   47.937500000000000       4.49334936422906006E-002
   48.062500000000000       4.56633005270463202E-002
   48.187500000000000       4.66246599677541881E-002
   48.312500000000000       4.75003090166553552E-002
   48.437500000000000       4.80408777277290533E-002
   48.562500000000000       4.85318773805641993E-002
   48.687500000000000       4.92852736077761255E-002
   48.812500000000000       5.02216167824179466E-002
   48.937500000000000       5.10204989412765333E-002
   49.062500000000000       5.15120075461950183E-002
   49.187500000000000       5.20471534948233061E-002
   49.312500000000000       5.30461405799517519E-002
   49.437500000000000       5.42083903954760984E-002
   49.562500000000000       5.49619222503751059E-002
   49.687500000000000       5.53231333263956779E-002
   49.812500000000000       5.57257857616087621E-002
   49.937500000000000       5.65694259377558240E-002
   50.062500000000000       5.78433313262002313E-002
   50.187500000000000       5.88621243408105344E-002
   50.312500000000000       5.91363122894256257E-002
   50.437500000000000       5.92736941969085329E-002
   50.562500000000000       6.01090788846557547E-002
   50.687500000000000       6.15578165251634973E-002
   50.812500000000000       6.27355562033195119E-002
   50.937500000000000       6.29273094820346768E-002
   51.062500000000000       6.27171420083055264E-002
   51.187500000000000       6.34851272134438482E-002
   51.312500000000000       6.51847397075391161E-002
   51.437500000000000       6.62521648930368690E-002
   51.562500000000000       6.62143172352429726E-002
   51.687500000000000       6.62837049561041669E-002
   51.812500000000000       6.72748097637743125E-002
   51.937500000000000       6.86414484450878631E-002
   52.062500000000000       6.94145733208805377E-002
   52.187500000000000       6.95229122328332311E-002
   52.312500000000000       6.99482770719850599E-002
   52.437500000000000       7.11486225120780136E-002
   52.562500000000000       7.22780325518015548E-002
   52.687500000000000       7.27247346095598046E-002
   52.812500000000000       7.29984347186372062E-002
   52.937500000000000       7.36993474267559762E-002
   53.062500000000000       7.48882830079406481E-002
   53.187500000000000       7.61150324595453592E-002
   53.312500000000000       7.66034388762797530E-002
   53.437500000000000       7.63383302788066265E-002
   53.562500000000000       7.65673868388297291E-002
   53.687500000000000       7.82566386929803709E-002
   53.812500000000000       8.05175679129729732E-002
   53.937500000000000       8.11080203743737016E-002
   54.062500000000000       7.91548388678756792E-002
   54.187500000000000       7.74273221949030310E-002
   54.312500000000000       7.98587604698922787E-002
   54.437500000000000       8.55568722490413491E-002
   54.562500000000000       8.75826850221858438E-002
   54.687500000000000       8.20898348074933365E-002
   54.812500000000000       7.59304698048554882E-002
   54.937500000000000       7.91376589508606676E-002
   55.062500000000000       9.13840305249246226E-002
   55.187500000000000       9.74161231682948436E-002
   55.312500000000000       8.63410730606720273E-002
   55.437500000000000       7.16466104555383565E-002
   55.562500000000000       7.40636821751020774E-002
   55.687500000000000       9.69097566084936857E-002
   55.812500000000000       0.11349210056703268     
   55.937500000000000       9.63159080367795850E-002
   56.062500000000000       6.65734334496004693E-002
   56.187500000000000       6.05777703923973398E-002
   56.312500000000000       9.05902583260051880E-002
   56.437500000000000       0.12803345722350909     
   56.562500000000000       0.11579337917293622     
   56.687500000000000       6.89309554004258335E-002
   56.812500000000000       4.53619252323607530E-002
   56.937500000000000       6.75083263025172131E-002
   57.062500000000000       0.12642494067288149     
   57.187500000000000       0.14728683613619595     
   57.312500000000000       9.24261916390114041E-002
   57.437500000000000       4.13152505679883347E-002
   57.562500000000000       3.65897854803678910E-002
   57.687500000000000       8.48475173920206494E-002
   57.812500000000000       0.15721622985631944     
   57.937500000000000       0.14652987001503917     
   58.062500000000000       6.91612241730239635E-002
   58.187500000000000       2.53052614532937974E-002
   58.312500000000000       2.76537377113765803E-002
   58.437500000000000       8.08798253596811068E-002
   58.562500000000000       0.16619573667150780     
   58.687500000000000       0.16097569734652561     
   58.812500000000000       7.30826045659836027E-002
   58.937500000000000       1.98288618224649431E-002
   59.062500000000000       4.58375295409673388E-003
   59.187500000000000       1.28691012662919004E-003
   59.312500000000000       5.26249943179793933E-004
   59.437500000000000       2.43931339502812087E-004
   59.562500000000000       1.01626103786487684E-004
   59.687500000000000       6.17961718815216322E-005
   59.812500000000000       1.04898055616963032E-004
   59.937500000000000       2.20034467074034181E-004
   60.062500000000000       4.08363729952409844E-004
   60.187500000000000       6.57321470373579161E-004
   60.312500000000000       9.42622708222537638E-004
   60.437500000000000       1.26074600854025301E-003
   60.562500000000000       1.62839025005555890E-003
   60.687500000000000       2.04049890638637304E-003
   60.812500000000000       2.45802790428423712E-003
   60.937500000000000       2.85348139844422482E-003
   61.062500000000000       3.24323652985702721E-003
   61.187500000000000       3.65230542276464686E-003
   61.312500000000000       4.06886906514838508E-003
   61.437500000000000       4.46528124922926373E-003
   61.562500000000000       4.85122134673389178E-003
   61.687500000000000       5.26703660771499303E-003
   61.812500000000000       5.72333929791602955E-003
   61.937500000000000       6.18760927681930549E-003
   62.062500000000000       6.64580662415689780E-003
   62.187500000000000       7.13775949560342855E-003
   62.312500000000000       7.69786189028787843E-003
   62.437500000000000       8.29004749670216035E-003
   62.562500000000000       8.85176834961276700E-003
   62.687500000000000       9.39250813505830735E-003
   62.812500000000000       9.98840472204822263E-003
   62.937500000000000       1.06633739619814028E-002
   63.062500000000000       1.13357276771391905E-002
   63.187500000000000       1.19289703306195913E-002
   63.312500000000000       1.24907631913427422E-002
   63.437500000000000       1.31285502258405278E-002
   63.562500000000000       1.38420041974177746E-002
   63.687500000000000       1.45074655190137857E-002
   63.812500000000000       1.50572847808966535E-002
   63.937500000000000       1.55931447196018692E-002
   64.062500000000000       1.62487849091900623E-002
   64.187500000000000       1.69908761368281688E-002
   64.312500000000000       1.76570043717788061E-002
   64.437500000000000       1.81911525592052294E-002
   64.562500000000000       1.87353465803092277E-002
   64.687500000000000       1.94328807671482473E-002
   64.812500000000000       2.02218504603960576E-002
   64.937500000000000       2.09190016450292657E-002
   65.062500000000000       2.14777474275484152E-002
   65.187500000000000       2.20509087019070717E-002
   65.312500000000000       2.27715511364198417E-002
   65.437500000000000       2.35706043883260261E-002
   65.562500000000000       2.42851188318098550E-002
   65.687500000000000       2.48898822254990347E-002
   65.812500000000000       2.55206298546768878E-002
   65.937500000000000       2.62727206853860529E-002
   66.062500000000000       2.70761234480018445E-002
   66.187500000000000       2.78116116685472974E-002
   66.312500000000000       2.84782490530932561E-002
   66.437500000000000       2.91711897674893327E-002
   66.562500000000000       2.99271099721402610E-002
   66.687500000000000       3.06776374579741697E-002
   66.812500000000000       3.13643533455818455E-002
   66.937500000000000       3.20255364145595398E-002
   67.062500000000000       3.27290254033252431E-002
   67.187500000000000       3.34706505072175850E-002
   67.312500000000000       3.41960714538999677E-002
   67.437500000000000       3.48971004701230658E-002
   67.562500000000000       3.56214039790665807E-002
   67.687500000000000       3.63852564193465899E-002
   67.812500000000000       3.71392325860960063E-002
   67.937500000000000       3.78477327107467829E-002
   68.062500000000000       3.85520624303465689E-002
   68.187500000000000       3.93061795400867914E-002
   68.312500000000000       4.00807540803677920E-002
   68.437500000000000       4.07942332604517219E-002
   68.562500000000000       4.14361266707022821E-002
   68.687500000000000       4.20937188701609455E-002
   68.812500000000000       4.28324953397852398E-002
   68.937500000000000       4.36099878109048739E-002
   69.062500000000000       4.43584367899325718E-002
   69.187500000000000       4.51043789909529591E-002
   69.312500000000000       4.59186381687323106E-002
   69.437500000000000       4.67575351148202742E-002
   69.562500000000000       4.74677366026636377E-002
   69.687500000000000       4.80090514714823433E-002
   69.812500000000000       4.85762258896811280E-002
   69.937500000000000       4.93756236403955703E-002
   70.062500000000000       5.03196183991375598E-002
   70.187500000000000       5.11045607921698508E-002
   70.312500000000000       5.16428451786948225E-002
   70.437500000000000       5.22440849975079891E-002
   70.562500000000000       5.31999582330103526E-002
   70.687500000000000       5.43000499085164456E-002
   70.812500000000000       5.50315801140171673E-002
   70.937500000000000       5.53130170548336297E-002
   71.062500000000000       5.57247955657338839E-002
   71.187500000000000       5.67720146780790330E-002
   71.312500000000000       5.81206568538996243E-002
   71.437500000000000       5.89446046767968523E-002
   71.562500000000000       5.90660606732204274E-002
   71.687500000000000       5.92983953161378974E-002
   71.812500000000000       6.03725463703368229E-002
   71.937500000000000       6.18787594246429026E-002
   72.062500000000000       6.27475201663148241E-002
   72.187500000000000       6.27314146390910432E-002
   72.312500000000000       6.28024871722446254E-002
   72.437500000000000       6.38192164012723190E-002
   72.562500000000000       6.53369119099318774E-002
   72.687500000000000       6.62285177066916642E-002
   72.812500000000000       6.62679840955368582E-002
   72.937500000000000       6.64124171627998861E-002
   73.062500000000000       6.73976326091375311E-002
   73.187500000000000       6.87335911352107004E-002
   73.312500000000000       6.94896961215150516E-002
   73.437500000000000       6.96594122002279353E-002
   73.562500000000000       7.00988151572842777E-002
   73.687500000000000       7.12130986102441493E-002
   73.812500000000000       7.23844303764326624E-002
   73.937500000000000       7.29211476579106899E-002
   74.062500000000000       7.30916377686086638E-002
   74.187500000000000       7.37435913667068982E-002
   74.312500000000000       7.50899594035879248E-002
   74.437500000000000       7.63335998385791664E-002
   74.562500000000000       7.66450090831312103E-002
   74.687500000000000       7.63338509447144820E-002
   74.812500000000000       7.67139688406263537E-002
   74.937500000000000       7.85655265099717282E-002
   75.062500000000000       8.07341179197697545E-002
   75.187500000000000       8.09296306341513311E-002
   75.312500000000000       7.88378408953557819E-002
   75.437500000000000       7.76193609043386162E-002
   75.562500000000000       8.05853683882965383E-002
   75.687500000000000       8.59971507191070045E-002
   75.812500000000000       8.71323883844800223E-002
   75.937500000000000       8.13154715508991877E-002
   76.062500000000000       7.59569793633941975E-002
   76.187500000000000       8.03022190961939497E-002
   76.312500000000000       9.24880974408557460E-002
   76.437500000000000       9.68682144698259084E-002
   76.562500000000000       8.47654605607382067E-002
   76.687500000000000       7.12284177432330606E-002
   76.812500000000000       7.59934837080018383E-002
   76.937500000000000       9.97146777935834505E-002
   77.062500000000000       0.11314037514330179     
   77.187500000000000       9.27371204092945350E-002
   77.312500000000000       6.43309737011919097E-002
   77.437500000000000       6.24349569400965837E-002
   77.562500000000000       9.57153115654177516E-002
   77.687500000000000       0.12972699463958776     
   77.812500000000000       0.11075456559364352     
   77.937500000000000       6.42514752767939790E-002
   78.062500000000000       4.56862416975256300E-002
   78.187500000000000       7.38105738510905635E-002
   78.312500000000000       0.13308397493592167     
   78.437500000000000       0.14324788702928201     
   78.562500000000000       8.42145270982438826E-002
   78.687500000000000       3.84495191555797936E-002
   78.812500000000000       4.00543802309215116E-002
   78.937500000000000       9.44068213984738946E-002
   79.062500000000000       0.16185047669468861     
   79.187500000000000       0.13789180234184870     
   79.312500000000000       6.12407639496355058E-002
   79.437500000000000       2.35120215621125242E-002
   79.562500000000000       3.12138443061101070E-002
   79.687500000000000       9.15905118078059882E-002
   79.812500000000000       0.17314495419815415     
   79.937500000000000       0.15140131407532031     
   80.062500000000000       6.30735101807171628E-002
   80.187500000000000       1.62279586775393621E-002
   80.312500000000000       3.54891732215819157E-003
   80.437500000000000       8.50413824333788246E-004
   80.562500000000000       2.78057241089994876E-004
   80.687500000000000       1.32670160435498940E-004
   80.812500000000000       7.93101050691276719E-005
   80.937500000000000       5.11860985638559846E-005
   81.062500000000000       3.34564747420697386E-005
   81.187500000000000       2.16980358045183514E-005
   81.312500000000000       1.38789332680208677E-005
   81.437500000000000       8.74065268634543498E-006
   81.562500000000000       5.41750597424795034E-006
   81.687500000000000       3.30456172932294239E-006
   81.812500000000000       1.98398867529914247E-006
   81.937500000000000       1.17260412543814689E-006
   82.062500000000000       6.82397916569943886E-007
   82.187500000000000       3.91102584794413730E-007
   82.312500000000000       2.20803395908407365E-007
   82.437500000000000       1.22822847582283232E-007
   82.562500000000000       6.73297464887721299E-008
   82.687500000000000       3.63818021506306922E-008
   82.812500000000000       1.93822520714987909E-008
   82.937500000000000       1.01825943125617722E-008
   83.062500000000000       5.27637807725828552E-009
   83.187500000000000       2.69726282333385302E-009
   83.312500000000000       1.36051895147151176E-009
   83.437500000000000       6.77269274266600323E-010
   83.562500000000000       3.32791692847530926E-010
   83.687500000000000       1.61441137458593240E-010
   83.812500000000000       7.73321962516918096E-011
   83.937500000000000       3.65832423597955541E-011
   84.062500000000000       1.70941958821611760E-011
   84.187500000000000       7.89089736985140646E-012
   84.312500000000000       3.59898240751606380E-012
   84.437500000000000       1.62207484505368324E-012
   84.562500000000000       7.22536940925108861E-013
   84.687500000000000       3.18130574078599666E-013
   84.812500000000000       1.38472405623397777E-013
   84.937500000000000       5.95920067640021248E-014
   85.062500000000000       2.53590196259581766E-014
   85.187500000000000       1.06720450174230829E-014
   85.312500000000000       4.44204593342626392E-015
   85.437500000000000       1.82888581077938391E-015
   85.562500000000000       7.44911644818477395E-016
   85.687500000000000       3.00180614479622891E-016
   85.812500000000000       1.19691680383082167E-016
   85.937500000000000       4.72270894400738749E-017
   86.062500000000000       1.84418936798698172E-017
   86.187500000000000       7.12766044079686676E-018
   86.312500000000000       2.72680795484386224E-018
   86.437500000000000       1.03268052194895381E-018
   86.562500000000000       3.87184603538981096E-019
   86.687500000000000       1.43729729667897750E-019
   86.812500000000000       5.28307027338433140E-020
   86.937500000000000       1.92296466427913002E-020
   87.062500000000000       6.93161378109102518E-021
   87.187500000000000       2.47461526987704332E-021
   87.312500000000000       8.75029347860257093E-022
   87.437500000000000       3.06485318226656582E-022
   87.562500000000000       1.06340480508515499E-022
   87.687500000000000       3.65526169408996913E-023
   87.812500000000000       1.24479421567488081E-023
   87.937500000000000       4.20013750502912064E-024
   88.062500000000000       1.40424629515065479E-024
   88.187500000000000       4.65225196477776793E-025
   88.312500000000000       1.52738685341322947E-025
   88.437500000000000       4.96965073935071616E-026
   88.562500000000000       1.60257453407483120E-026
   88.687500000000000       5.12212528976072263E-027
   88.812500000000000       1.62272824008452055E-027
   88.937500000000000       5.09606014244769690E-028
   89.062500000000000       1.58676150367689330E-028
   89.187500000000000       4.90797333463054185E-029
   89.312500000000000       1.53873808243117639E-029
   89.437500000000000       5.91085535568454803E-030
   89.562500000000000       5.91085535568454803E-030
