    0.312500E-01    0.000000E+00    0.000000E+00    0.000000E+00
    0.937500E-01    0.000000E+00    0.000000E+00    0.000000E+00
    0.156250E+00    0.000000E+00    0.000000E+00    0.000000E+00
    0.218750E+00    0.000000E+00    0.000000E+00    0.000000E+00
    0.281250E+00    0.000000E+00    0.000000E+00    0.000000E+00
    0.343750E+00    0.000000E+00    0.000000E+00    0.000000E+00
    0.406250E+00    0.000000E+00    0.000000E+00    0.000000E+00
    0.468750E+00    0.000000E+00    0.000000E+00    0.000000E+00
    0.531250E+00    0.000000E+00    0.000000E+00    0.000000E+00
    0.593750E+00    0.000000E+00    0.000000E+00    0.000000E+00
    0.656250E+00    0.000000E+00    0.000000E+00    0.000000E+00
    0.718750E+00    0.000000E+00    0.000000E+00    0.000000E+00
    0.781250E+00    0.000000E+00    0.000000E+00    0.000000E+00
    0.843750E+00    0.000000E+00    0.000000E+00    0.000000E+00
    0.906250E+00    0.000000E+00    0.000000E+00    0.000000E+00
    0.968750E+00    0.000000E+00    0.000000E+00    0.000000E+00
    0.103125E+01    0.000000E+00    0.000000E+00    0.000000E+00
    0.109375E+01    0.000000E+00    0.000000E+00    0.000000E+00
    0.115625E+01    0.000000E+00    0.000000E+00    0.000000E+00
    0.121875E+01    0.000000E+00    0.000000E+00    0.000000E+00
    0.128125E+01    0.000000E+00    0.000000E+00    0.000000E+00
    0.134375E+01    0.000000E+00    0.000000E+00    0.000000E+00
    0.140625E+01    0.000000E+00    0.000000E+00    0.000000E+00
    0.146875E+01    0.000000E+00    0.000000E+00    0.000000E+00
    0.153125E+01    0.000000E+00    0.000000E+00    0.000000E+00
    0.159375E+01    0.000000E+00    0.000000E+00    0.000000E+00
    0.165625E+01    0.000000E+00    0.000000E+00    0.000000E+00
    0.171875E+01    0.000000E+00    0.000000E+00    0.000000E+00
    0.178125E+01    0.000000E+00    0.000000E+00    0.000000E+00
    0.184375E+01    0.000000E+00    0.000000E+00    0.000000E+00
    0.190625E+01    0.000000E+00    0.000000E+00    0.000000E+00
    0.196875E+01    0.000000E+00    0.000000E+00    0.000000E+00
    0.203125E+01    0.000000E+00    0.000000E+00    0.000000E+00
    0.209375E+01    0.000000E+00    0.000000E+00    0.000000E+00
    0.215625E+01    0.000000E+00    0.000000E+00    0.000000E+00
    0.221875E+01    0.000000E+00    0.000000E+00    0.000000E+00
    0.228125E+01    0.000000E+00    0.000000E+00    0.000000E+00
    0.234375E+01    0.000000E+00    0.000000E+00    0.000000E+00
    0.240625E+01    0.000000E+00    0.000000E+00    0.000000E+00
    0.246875E+01    0.000000E+00    0.000000E+00    0.000000E+00
    0.253125E+01    0.000000E+00    0.000000E+00    0.000000E+00
    0.259375E+01    0.000000E+00    0.000000E+00    0.000000E+00
    0.265625E+01    0.000000E+00    0.000000E+00    0.000000E+00
    0.271875E+01    0.000000E+00    0.000000E+00    0.000000E+00
    0.278125E+01    0.000000E+00    0.000000E+00    0.000000E+00
    0.284375E+01    0.000000E+00    0.000000E+00    0.000000E+00
    0.290625E+01    0.000000E+00    0.000000E+00    0.000000E+00
    0.296875E+01    0.000000E+00    0.000000E+00    0.000000E+00
    0.303125E+01    0.000000E+00    0.000000E+00    0.000000E+00
    0.309375E+01    0.000000E+00    0.000000E+00    0.000000E+00
    0.315625E+01    0.000000E+00    0.000000E+00    0.000000E+00
    0.321875E+01    0.000000E+00    0.000000E+00    0.000000E+00
    0.328125E+01    0.000000E+00    0.000000E+00    0.000000E+00
    0.334375E+01    0.000000E+00    0.000000E+00    0.000000E+00
    0.340625E+01    0.000000E+00    0.000000E+00    0.000000E+00
    0.346875E+01    0.000000E+00    0.000000E+00    0.000000E+00
    0.353125E+01    0.000000E+00    0.000000E+00    0.000000E+00
    0.359375E+01    0.000000E+00    0.000000E+00    0.000000E+00
    0.365625E+01    0.000000E+00    0.000000E+00    0.000000E+00
    0.371875E+01    0.000000E+00    0.000000E+00    0.000000E+00
    0.378125E+01    0.000000E+00    0.000000E+00    0.000000E+00
    0.384375E+01    0.000000E+00    0.000000E+00    0.000000E+00
    0.390625E+01    0.000000E+00    0.000000E+00    0.000000E+00
    0.396875E+01    0.000000E+00    0.000000E+00    0.000000E+00
    0.403125E+01    0.000000E+00    0.000000E+00    0.000000E+00
    0.409375E+01    0.000000E+00    0.000000E+00    0.000000E+00
    0.415625E+01    0.000000E+00    0.000000E+00    0.000000E+00
    0.421875E+01    0.000000E+00    0.000000E+00    0.000000E+00
    0.428125E+01    0.000000E+00    0.000000E+00    0.000000E+00
    0.434375E+01    0.000000E+00    0.000000E+00    0.000000E+00
    0.440625E+01    0.000000E+00    0.000000E+00    0.000000E+00
    0.446875E+01    0.000000E+00    0.000000E+00    0.000000E+00
    0.453125E+01    0.000000E+00    0.000000E+00    0.000000E+00
    0.459375E+01    0.000000E+00    0.000000E+00    0.000000E+00
    0.465625E+01    0.000000E+00    0.000000E+00    0.000000E+00
    0.471875E+01    0.000000E+00    0.000000E+00    0.000000E+00
    0.478125E+01    0.000000E+00    0.000000E+00    0.000000E+00
    0.484375E+01    0.000000E+00    0.000000E+00    0.000000E+00
    0.490625E+01    0.000000E+00    0.000000E+00    0.000000E+00
    0.496875E+01    0.000000E+00    0.000000E+00    0.000000E+00
    0.503125E+01    0.000000E+00    0.000000E+00    0.000000E+00
    0.509375E+01    0.000000E+00    0.000000E+00    0.000000E+00
    0.515625E+01    0.000000E+00    0.000000E+00    0.000000E+00
    0.521875E+01    0.000000E+00    0.000000E+00    0.000000E+00
    0.528125E+01    0.000000E+00    0.000000E+00    0.000000E+00
    0.534375E+01    0.000000E+00    0.000000E+00    0.000000E+00
    0.540625E+01    0.000000E+00    0.000000E+00    0.000000E+00
    0.546875E+01    0.000000E+00    0.000000E+00    0.000000E+00
    0.553125E+01    0.000000E+00    0.000000E+00    0.000000E+00
    0.559375E+01    0.000000E+00    0.000000E+00    0.000000E+00
    0.565625E+01    0.000000E+00    0.000000E+00    0.000000E+00
    0.571875E+01    0.000000E+00    0.000000E+00    0.000000E+00
    0.578125E+01    0.000000E+00    0.000000E+00    0.000000E+00
    0.584375E+01    0.000000E+00    0.000000E+00    0.000000E+00
    0.590625E+01    0.000000E+00    0.000000E+00    0.000000E+00
    0.596875E+01    0.000000E+00    0.000000E+00    0.000000E+00
    0.603125E+01    0.000000E+00    0.000000E+00    0.000000E+00
    0.609375E+01    0.000000E+00    0.000000E+00    0.000000E+00
    0.615625E+01    0.000000E+00    0.000000E+00    0.000000E+00
    0.621875E+01    0.000000E+00    0.000000E+00    0.000000E+00
    0.628125E+01    0.000000E+00    0.000000E+00    0.000000E+00
    0.634375E+01    0.000000E+00    0.000000E+00    0.000000E+00
    0.640625E+01    0.000000E+00    0.000000E+00    0.000000E+00
    0.646875E+01    0.000000E+00    0.000000E+00    0.000000E+00
    0.653125E+01    0.000000E+00    0.000000E+00    0.000000E+00
    0.659375E+01    0.000000E+00    0.000000E+00    0.000000E+00
    0.665625E+01    0.000000E+00    0.000000E+00    0.000000E+00
    0.671875E+01    0.000000E+00    0.000000E+00    0.000000E+00
    0.678125E+01    0.000000E+00    0.000000E+00    0.000000E+00
    0.684375E+01    0.000000E+00    0.000000E+00    0.000000E+00
    0.690625E+01    0.000000E+00    0.000000E+00    0.000000E+00
    0.696875E+01    0.000000E+00    0.000000E+00    0.000000E+00
    0.703125E+01    0.000000E+00    0.000000E+00    0.000000E+00
    0.709375E+01    0.000000E+00    0.000000E+00    0.000000E+00
    0.715625E+01    0.000000E+00    0.000000E+00    0.000000E+00
    0.721875E+01    0.000000E+00    0.000000E+00    0.000000E+00
    0.728125E+01    0.000000E+00    0.000000E+00    0.000000E+00
    0.734375E+01    0.000000E+00    0.000000E+00    0.000000E+00
    0.740625E+01    0.000000E+00    0.000000E+00    0.000000E+00
    0.746875E+01    0.000000E+00    0.000000E+00    0.000000E+00
    0.753125E+01    0.000000E+00    0.000000E+00    0.000000E+00
    0.759375E+01    0.000000E+00    0.000000E+00    0.000000E+00
    0.765625E+01    0.000000E+00    0.000000E+00    0.000000E+00
    0.771875E+01    0.000000E+00    0.000000E+00    0.000000E+00
    0.778125E+01    0.000000E+00    0.000000E+00    0.000000E+00
    0.784375E+01    0.000000E+00    0.000000E+00    0.000000E+00
    0.790625E+01    0.000000E+00    0.000000E+00    0.000000E+00
    0.796875E+01    0.000000E+00    0.000000E+00    0.000000E+00
    0.803125E+01    0.000000E+00    0.000000E+00    0.000000E+00
    0.809375E+01    0.000000E+00    0.000000E+00    0.000000E+00
    0.815625E+01    0.000000E+00    0.000000E+00    0.000000E+00
    0.821875E+01    0.000000E+00    0.000000E+00    0.000000E+00
    0.828125E+01    0.000000E+00    0.000000E+00    0.000000E+00
    0.834375E+01    0.000000E+00    0.000000E+00    0.000000E+00
    0.840625E+01    0.000000E+00    0.000000E+00    0.000000E+00
    0.846875E+01    0.000000E+00    0.000000E+00    0.000000E+00
    0.853125E+01    0.000000E+00    0.000000E+00    0.000000E+00
    0.859375E+01    0.000000E+00    0.000000E+00    0.000000E+00
    0.865625E+01    0.000000E+00    0.000000E+00    0.000000E+00
    0.871875E+01    0.000000E+00    0.000000E+00    0.000000E+00
    0.878125E+01    0.000000E+00    0.000000E+00    0.000000E+00
    0.884375E+01    0.000000E+00    0.000000E+00    0.000000E+00
    0.890625E+01    0.000000E+00    0.000000E+00    0.000000E+00
    0.896875E+01    0.000000E+00    0.000000E+00    0.000000E+00
    0.903125E+01    0.000000E+00    0.000000E+00    0.000000E+00
    0.909375E+01    0.000000E+00    0.000000E+00    0.000000E+00
    0.915625E+01    0.000000E+00    0.000000E+00    0.000000E+00
    0.921875E+01    0.000000E+00    0.000000E+00    0.000000E+00
    0.928125E+01    0.000000E+00    0.000000E+00    0.000000E+00
    0.934375E+01    0.000000E+00    0.000000E+00    0.000000E+00
    0.940625E+01    0.000000E+00    0.000000E+00    0.000000E+00
    0.946875E+01    0.000000E+00    0.000000E+00    0.000000E+00
    0.953125E+01    0.000000E+00    0.000000E+00    0.000000E+00
    0.959375E+01    0.000000E+00    0.000000E+00    0.000000E+00
    0.965625E+01    0.000000E+00    0.000000E+00    0.000000E+00
    0.971875E+01    0.000000E+00    0.000000E+00    0.000000E+00
    0.978125E+01    0.000000E+00    0.000000E+00    0.000000E+00
    0.984375E+01    0.000000E+00    0.000000E+00    0.000000E+00
    0.990625E+01    0.000000E+00    0.000000E+00    0.000000E+00
    0.996875E+01    0.000000E+00    0.000000E+00    0.000000E+00
    0.100312E+02    0.000000E+00    0.000000E+00    0.000000E+00
    0.100938E+02    0.000000E+00    0.000000E+00    0.000000E+00
    0.101562E+02    0.000000E+00    0.000000E+00    0.000000E+00
    0.102188E+02    0.000000E+00    0.000000E+00    0.000000E+00
    0.102812E+02    0.000000E+00    0.000000E+00    0.000000E+00
    0.103438E+02    0.000000E+00    0.000000E+00    0.000000E+00
    0.104062E+02    0.000000E+00    0.000000E+00    0.000000E+00
    0.104688E+02    0.000000E+00    0.000000E+00    0.000000E+00
    0.105312E+02    0.000000E+00    0.000000E+00    0.000000E+00
    0.105938E+02    0.000000E+00    0.000000E+00    0.000000E+00
    0.106562E+02    0.000000E+00    0.000000E+00    0.000000E+00
    0.107188E+02    0.000000E+00    0.000000E+00    0.000000E+00
    0.107812E+02    0.000000E+00    0.000000E+00    0.000000E+00
    0.108438E+02    0.000000E+00    0.000000E+00    0.000000E+00
    0.109062E+02    0.000000E+00    0.000000E+00    0.000000E+00
    0.109688E+02    0.000000E+00    0.000000E+00    0.000000E+00
    0.110312E+02    0.000000E+00    0.000000E+00    0.000000E+00
    0.110938E+02    0.000000E+00    0.000000E+00    0.000000E+00
    0.111562E+02    0.000000E+00    0.000000E+00    0.000000E+00
    0.112188E+02    0.000000E+00    0.000000E+00    0.000000E+00
    0.112812E+02    0.000000E+00    0.000000E+00    0.000000E+00
    0.113438E+02    0.000000E+00    0.000000E+00    0.000000E+00
    0.114062E+02    0.000000E+00    0.000000E+00    0.000000E+00
    0.114688E+02    0.000000E+00    0.000000E+00    0.000000E+00
    0.115312E+02    0.000000E+00    0.000000E+00    0.000000E+00
    0.115938E+02    0.000000E+00    0.000000E+00    0.000000E+00
    0.116562E+02    0.000000E+00    0.000000E+00    0.000000E+00
    0.117188E+02    0.000000E+00    0.000000E+00    0.000000E+00
    0.117812E+02    0.000000E+00    0.000000E+00    0.000000E+00
    0.118438E+02    0.000000E+00    0.000000E+00    0.000000E+00
    0.119062E+02    0.000000E+00    0.000000E+00    0.000000E+00
    0.119688E+02    0.000000E+00    0.000000E+00    0.000000E+00
    0.120312E+02    0.000000E+00    0.000000E+00    0.000000E+00
    0.120938E+02    0.000000E+00    0.000000E+00    0.000000E+00
    0.121562E+02    0.000000E+00    0.000000E+00    0.000000E+00
    0.122188E+02    0.000000E+00    0.000000E+00    0.000000E+00
    0.122812E+02    0.000000E+00    0.000000E+00    0.000000E+00
    0.123438E+02    0.000000E+00    0.000000E+00    0.000000E+00
    0.124062E+02    0.000000E+00    0.000000E+00    0.000000E+00
    0.124688E+02    0.000000E+00    0.000000E+00    0.000000E+00
    0.125312E+02    0.000000E+00    0.000000E+00    0.000000E+00
    0.125938E+02    0.000000E+00    0.000000E+00    0.000000E+00
    0.126562E+02    0.000000E+00    0.000000E+00    0.000000E+00
    0.127188E+02    0.000000E+00    0.000000E+00    0.000000E+00
    0.127812E+02    0.000000E+00    0.000000E+00    0.000000E+00
    0.128438E+02    0.000000E+00    0.000000E+00    0.000000E+00
    0.129062E+02    0.000000E+00    0.000000E+00    0.000000E+00
    0.129688E+02    0.000000E+00    0.000000E+00    0.000000E+00
    0.130312E+02    0.000000E+00    0.000000E+00    0.000000E+00
    0.130938E+02    0.000000E+00    0.000000E+00    0.000000E+00
    0.131562E+02    0.000000E+00    0.000000E+00    0.000000E+00
    0.132188E+02    0.000000E+00    0.000000E+00    0.000000E+00
    0.132812E+02    0.000000E+00    0.000000E+00    0.000000E+00
    0.133438E+02    0.000000E+00    0.000000E+00    0.000000E+00
    0.134062E+02    0.000000E+00    0.000000E+00    0.000000E+00
    0.134688E+02    0.000000E+00    0.000000E+00    0.000000E+00
    0.135312E+02    0.000000E+00    0.000000E+00    0.000000E+00
    0.135938E+02    0.000000E+00    0.000000E+00    0.000000E+00
    0.136562E+02    0.000000E+00    0.000000E+00    0.000000E+00
    0.137188E+02    0.000000E+00    0.000000E+00    0.000000E+00
    0.137812E+02    0.000000E+00    0.000000E+00    0.000000E+00
    0.138438E+02    0.000000E+00    0.000000E+00    0.000000E+00
    0.139062E+02    0.000000E+00    0.000000E+00    0.000000E+00
    0.139688E+02    0.000000E+00    0.000000E+00    0.000000E+00
    0.140312E+02    0.000000E+00    0.000000E+00    0.000000E+00
    0.140938E+02    0.000000E+00    0.000000E+00    0.000000E+00
    0.141562E+02    0.000000E+00    0.000000E+00    0.000000E+00
    0.142188E+02    0.000000E+00    0.000000E+00    0.000000E+00
    0.142812E+02    0.000000E+00    0.000000E+00    0.000000E+00
    0.143438E+02    0.000000E+00    0.000000E+00    0.000000E+00
    0.144062E+02    0.000000E+00    0.000000E+00    0.000000E+00
    0.144688E+02    0.000000E+00    0.000000E+00    0.000000E+00
    0.145312E+02    0.000000E+00    0.000000E+00    0.000000E+00
    0.145938E+02    0.000000E+00    0.000000E+00    0.000000E+00
    0.146562E+02    0.000000E+00    0.000000E+00    0.000000E+00
    0.147188E+02    0.000000E+00    0.000000E+00    0.000000E+00
    0.147812E+02    0.000000E+00    0.000000E+00    0.000000E+00
    0.148438E+02    0.000000E+00    0.000000E+00    0.000000E+00
    0.149062E+02    0.000000E+00    0.000000E+00    0.000000E+00
    0.149688E+02    0.000000E+00    0.000000E+00    0.000000E+00
    0.150312E+02    0.000000E+00    0.000000E+00    0.000000E+00
    0.150938E+02    0.000000E+00    0.000000E+00    0.000000E+00
    0.151562E+02    0.000000E+00    0.000000E+00    0.000000E+00
    0.152188E+02    0.000000E+00    0.000000E+00    0.000000E+00
    0.152812E+02    0.000000E+00    0.000000E+00    0.000000E+00
    0.153438E+02    0.000000E+00    0.000000E+00    0.000000E+00
    0.154062E+02    0.000000E+00    0.000000E+00    0.000000E+00
    0.154688E+02    0.000000E+00    0.000000E+00    0.000000E+00
    0.155312E+02    0.000000E+00    0.000000E+00    0.000000E+00
    0.155938E+02    0.000000E+00    0.000000E+00    0.000000E+00
    0.156562E+02    0.000000E+00    0.000000E+00    0.000000E+00
    0.157188E+02    0.000000E+00    0.000000E+00    0.000000E+00
    0.157812E+02    0.000000E+00    0.000000E+00    0.000000E+00
    0.158438E+02    0.000000E+00    0.000000E+00    0.000000E+00
    0.159062E+02    0.000000E+00    0.000000E+00    0.000000E+00
    0.159688E+02    0.000000E+00    0.000000E+00    0.000000E+00
    0.160312E+02    0.000000E+00    0.000000E+00    0.000000E+00
    0.160938E+02    0.000000E+00    0.000000E+00    0.000000E+00
    0.161562E+02    0.000000E+00    0.000000E+00    0.000000E+00
    0.162188E+02    0.000000E+00    0.000000E+00    0.000000E+00
    0.162812E+02    0.000000E+00    0.000000E+00    0.000000E+00
    0.163438E+02    0.000000E+00    0.000000E+00    0.000000E+00
    0.164062E+02    0.000000E+00    0.000000E+00    0.000000E+00
    0.164688E+02    0.000000E+00    0.000000E+00    0.000000E+00
    0.165312E+02    0.000000E+00    0.000000E+00    0.000000E+00
    0.165938E+02    0.000000E+00    0.000000E+00    0.000000E+00
    0.166562E+02    0.000000E+00    0.000000E+00    0.000000E+00
    0.167188E+02    0.000000E+00    0.000000E+00    0.000000E+00
    0.167812E+02    0.000000E+00    0.000000E+00    0.000000E+00
    0.168438E+02    0.000000E+00    0.000000E+00    0.000000E+00
    0.169062E+02    0.000000E+00    0.000000E+00    0.000000E+00
    0.169688E+02    0.000000E+00    0.000000E+00    0.000000E+00
    0.170312E+02    0.000000E+00    0.000000E+00    0.000000E+00
    0.170938E+02    0.000000E+00    0.000000E+00    0.000000E+00
    0.171562E+02    0.000000E+00    0.000000E+00    0.000000E+00
    0.172188E+02    0.000000E+00    0.000000E+00    0.000000E+00
    0.172812E+02    0.000000E+00    0.000000E+00    0.000000E+00
    0.173438E+02    0.000000E+00    0.000000E+00    0.000000E+00
    0.174062E+02    0.000000E+00    0.000000E+00    0.000000E+00
    0.174688E+02    0.000000E+00    0.000000E+00    0.000000E+00
    0.175312E+02    0.000000E+00    0.000000E+00    0.000000E+00
    0.175938E+02    0.000000E+00    0.000000E+00    0.000000E+00
    0.176562E+02    0.000000E+00    0.000000E+00    0.000000E+00
    0.177188E+02    0.000000E+00    0.000000E+00    0.000000E+00
    0.177812E+02    0.000000E+00    0.000000E+00    0.000000E+00
    0.178438E+02    0.000000E+00    0.000000E+00    0.000000E+00
    0.179062E+02    0.000000E+00    0.000000E+00    0.000000E+00
    0.179688E+02    0.000000E+00    0.000000E+00    0.000000E+00
    0.180312E+02    0.000000E+00    0.000000E+00    0.000000E+00
    0.180938E+02    0.000000E+00    0.000000E+00    0.000000E+00
    0.181562E+02    0.000000E+00    0.000000E+00    0.000000E+00
    0.182188E+02    0.000000E+00    0.000000E+00    0.000000E+00
    0.182812E+02    0.000000E+00    0.000000E+00    0.000000E+00
    0.183438E+02    0.000000E+00    0.000000E+00    0.000000E+00
    0.184062E+02    0.000000E+00    0.000000E+00    0.000000E+00
    0.184688E+02    0.000000E+00    0.000000E+00    0.000000E+00
    0.185312E+02    0.000000E+00    0.000000E+00    0.000000E+00
    0.185938E+02    0.000000E+00    0.000000E+00    0.000000E+00
    0.186562E+02    0.000000E+00    0.000000E+00    0.000000E+00
    0.187188E+02    0.000000E+00    0.000000E+00    0.000000E+00
    0.187812E+02    0.000000E+00    0.000000E+00    0.000000E+00
    0.188438E+02    0.000000E+00    0.000000E+00    0.000000E+00
    0.189062E+02    0.000000E+00    0.000000E+00    0.000000E+00
    0.189688E+02    0.000000E+00    0.000000E+00    0.000000E+00
    0.190312E+02    0.000000E+00    0.000000E+00    0.000000E+00
    0.190938E+02    0.000000E+00    0.000000E+00    0.000000E+00
    0.191562E+02    0.000000E+00    0.000000E+00    0.000000E+00
    0.192188E+02    0.000000E+00    0.000000E+00    0.000000E+00
    0.192812E+02    0.000000E+00    0.000000E+00    0.000000E+00
    0.193438E+02    0.000000E+00    0.000000E+00    0.000000E+00
    0.194062E+02    0.000000E+00    0.000000E+00    0.000000E+00
    0.194688E+02    0.000000E+00    0.000000E+00    0.000000E+00
    0.195312E+02    0.000000E+00    0.000000E+00    0.000000E+00
    0.195938E+02    0.000000E+00    0.000000E+00    0.000000E+00
    0.196562E+02    0.000000E+00    0.000000E+00    0.000000E+00
    0.197188E+02    0.000000E+00    0.000000E+00    0.000000E+00
    0.197812E+02    0.000000E+00    0.000000E+00    0.000000E+00
    0.198438E+02    0.000000E+00    0.000000E+00    0.000000E+00
    0.199062E+02    0.000000E+00    0.000000E+00    0.000000E+00
    0.199688E+02    0.000000E+00    0.000000E+00    0.000000E+00
    0.200312E+02    0.000000E+00    0.000000E+00    0.000000E+00
    0.200938E+02    0.000000E+00    0.000000E+00    0.000000E+00
    0.201562E+02    0.000000E+00    0.000000E+00    0.000000E+00
    0.202188E+02    0.000000E+00    0.000000E+00    0.000000E+00
    0.202812E+02    0.000000E+00    0.000000E+00    0.000000E+00
    0.203438E+02    0.000000E+00    0.000000E+00    0.000000E+00
    0.204062E+02    0.000000E+00    0.000000E+00    0.000000E+00
    0.204688E+02    0.000000E+00    0.000000E+00    0.000000E+00
    0.205312E+02    0.000000E+00    0.000000E+00    0.000000E+00
    0.205938E+02    0.000000E+00    0.000000E+00    0.000000E+00
    0.206562E+02    0.000000E+00    0.000000E+00    0.000000E+00
    0.207188E+02    0.000000E+00    0.000000E+00    0.000000E+00
    0.207812E+02    0.000000E+00    0.000000E+00    0.000000E+00
    0.208438E+02    0.000000E+00    0.000000E+00    0.000000E+00
    0.209062E+02    0.000000E+00    0.000000E+00    0.000000E+00
    0.209688E+02    0.000000E+00    0.000000E+00    0.000000E+00
    0.210312E+02    0.000000E+00    0.000000E+00    0.000000E+00
    0.210938E+02    0.000000E+00    0.000000E+00    0.000000E+00
    0.211562E+02    0.000000E+00    0.000000E+00    0.000000E+00
    0.212188E+02    0.000000E+00    0.000000E+00    0.000000E+00
    0.212812E+02    0.000000E+00    0.000000E+00    0.000000E+00
    0.213438E+02    0.000000E+00    0.000000E+00    0.000000E+00
    0.214062E+02    0.000000E+00    0.000000E+00    0.000000E+00
    0.214688E+02    0.000000E+00    0.000000E+00    0.000000E+00
    0.215312E+02    0.000000E+00    0.000000E+00    0.000000E+00
    0.215938E+02    0.000000E+00    0.000000E+00    0.000000E+00
    0.216562E+02    0.000000E+00    0.000000E+00    0.000000E+00
    0.217188E+02    0.000000E+00    0.000000E+00    0.000000E+00
    0.217812E+02    0.000000E+00    0.000000E+00    0.000000E+00
    0.218438E+02    0.000000E+00    0.000000E+00    0.000000E+00
    0.219062E+02    0.000000E+00    0.000000E+00    0.000000E+00
    0.219688E+02    0.000000E+00    0.000000E+00    0.000000E+00
    0.220312E+02    0.000000E+00    0.000000E+00    0.000000E+00
    0.220938E+02    0.000000E+00    0.000000E+00    0.000000E+00
    0.221562E+02    0.000000E+00    0.000000E+00    0.000000E+00
    0.222188E+02    0.000000E+00    0.000000E+00    0.000000E+00
    0.222812E+02    0.000000E+00    0.000000E+00    0.000000E+00
    0.223438E+02    0.000000E+00    0.000000E+00    0.000000E+00
    0.224062E+02    0.000000E+00    0.000000E+00    0.000000E+00
    0.224688E+02    0.000000E+00    0.000000E+00    0.000000E+00
    0.225312E+02    0.000000E+00    0.000000E+00    0.000000E+00
    0.225938E+02    0.000000E+00    0.000000E+00    0.000000E+00
    0.226562E+02    0.000000E+00    0.000000E+00    0.000000E+00
    0.227188E+02    0.000000E+00    0.000000E+00    0.000000E+00
    0.227812E+02    0.000000E+00    0.000000E+00    0.000000E+00
    0.228438E+02    0.000000E+00    0.000000E+00    0.000000E+00
    0.229062E+02    0.000000E+00    0.000000E+00    0.000000E+00
    0.229688E+02    0.000000E+00    0.000000E+00    0.000000E+00
    0.230312E+02    0.000000E+00    0.000000E+00    0.000000E+00
    0.230938E+02    0.000000E+00    0.000000E+00    0.000000E+00
    0.231562E+02    0.000000E+00    0.000000E+00    0.000000E+00
    0.232188E+02    0.000000E+00    0.000000E+00    0.000000E+00
    0.232812E+02    0.000000E+00    0.000000E+00    0.000000E+00
    0.233438E+02    0.000000E+00    0.000000E+00    0.000000E+00
    0.234062E+02    0.000000E+00    0.000000E+00    0.000000E+00
    0.234688E+02    0.000000E+00    0.000000E+00    0.000000E+00
    0.235312E+02    0.000000E+00    0.000000E+00    0.000000E+00
    0.235938E+02    0.000000E+00    0.000000E+00    0.000000E+00
    0.236562E+02    0.000000E+00    0.000000E+00    0.000000E+00
    0.237188E+02    0.000000E+00    0.000000E+00    0.000000E+00
    0.237812E+02    0.000000E+00    0.000000E+00    0.000000E+00
    0.238438E+02    0.000000E+00    0.000000E+00    0.000000E+00
    0.239062E+02    0.000000E+00    0.000000E+00    0.000000E+00
    0.239688E+02    0.000000E+00    0.000000E+00    0.000000E+00
    0.240312E+02    0.000000E+00    0.000000E+00    0.000000E+00
    0.240938E+02    0.000000E+00    0.000000E+00    0.000000E+00
    0.241562E+02    0.000000E+00    0.000000E+00    0.000000E+00
    0.242188E+02    0.000000E+00    0.000000E+00    0.000000E+00
    0.242812E+02    0.000000E+00    0.000000E+00    0.000000E+00
    0.243438E+02    0.000000E+00    0.000000E+00    0.000000E+00
    0.244062E+02    0.000000E+00    0.000000E+00    0.000000E+00
    0.244688E+02    0.000000E+00    0.000000E+00    0.000000E+00
    0.245312E+02    0.000000E+00    0.000000E+00    0.000000E+00
    0.245938E+02    0.000000E+00    0.000000E+00    0.000000E+00
    0.246562E+02    0.000000E+00    0.000000E+00    0.000000E+00
    0.247188E+02    0.000000E+00    0.000000E+00    0.000000E+00
    0.247812E+02    0.000000E+00    0.000000E+00    0.000000E+00
    0.248438E+02    0.000000E+00    0.000000E+00    0.000000E+00
    0.249062E+02    0.000000E+00    0.000000E+00    0.000000E+00
    0.249688E+02    0.000000E+00    0.000000E+00    0.000000E+00
    0.250312E+02    0.000000E+00    0.000000E+00    0.000000E+00
    0.250938E+02    0.000000E+00    0.000000E+00    0.000000E+00
    0.251562E+02    0.000000E+00    0.000000E+00    0.000000E+00
    0.252188E+02    0.000000E+00    0.000000E+00    0.000000E+00
    0.252812E+02    0.000000E+00    0.000000E+00    0.000000E+00
    0.253438E+02    0.000000E+00    0.000000E+00    0.000000E+00
    0.254062E+02    0.000000E+00    0.000000E+00    0.000000E+00
    0.254688E+02    0.000000E+00    0.000000E+00    0.000000E+00
    0.255312E+02    0.000000E+00    0.000000E+00    0.000000E+00
    0.255938E+02    0.000000E+00    0.000000E+00    0.000000E+00
    0.256562E+02    0.000000E+00    0.000000E+00    0.000000E+00
    0.257188E+02    0.000000E+00    0.000000E+00    0.000000E+00
    0.257812E+02    0.000000E+00    0.000000E+00    0.000000E+00
    0.258438E+02    0.000000E+00    0.000000E+00    0.000000E+00
    0.259062E+02    0.000000E+00    0.000000E+00    0.000000E+00
    0.259688E+02    0.000000E+00    0.000000E+00    0.000000E+00
    0.260312E+02    0.000000E+00    0.000000E+00    0.000000E+00
    0.260938E+02    0.000000E+00    0.000000E+00    0.000000E+00
    0.261562E+02    0.000000E+00    0.000000E+00    0.000000E+00
    0.262188E+02    0.000000E+00    0.000000E+00    0.000000E+00
    0.262812E+02    0.000000E+00    0.000000E+00    0.000000E+00
    0.263438E+02    0.000000E+00    0.000000E+00    0.000000E+00
    0.264062E+02    0.000000E+00    0.000000E+00    0.000000E+00
    0.264688E+02    0.000000E+00    0.000000E+00    0.000000E+00
    0.265312E+02    0.000000E+00    0.000000E+00    0.000000E+00
    0.265938E+02    0.000000E+00    0.000000E+00    0.000000E+00
    0.266562E+02    0.000000E+00    0.000000E+00    0.000000E+00
    0.267188E+02    0.000000E+00    0.000000E+00    0.000000E+00
    0.267812E+02    0.000000E+00    0.000000E+00    0.000000E+00
    0.268438E+02    0.000000E+00    0.000000E+00    0.000000E+00
    0.269062E+02    0.000000E+00    0.000000E+00    0.000000E+00
    0.269688E+02    0.000000E+00    0.000000E+00    0.000000E+00
    0.270312E+02    0.000000E+00    0.000000E+00    0.000000E+00
    0.270938E+02    0.000000E+00    0.000000E+00    0.000000E+00
    0.271562E+02    0.000000E+00    0.000000E+00    0.000000E+00
    0.272188E+02    0.000000E+00    0.000000E+00    0.000000E+00
    0.272812E+02    0.000000E+00    0.000000E+00    0.000000E+00
    0.273438E+02    0.000000E+00    0.000000E+00    0.000000E+00
    0.274062E+02    0.000000E+00    0.000000E+00    0.000000E+00
    0.274688E+02    0.000000E+00    0.000000E+00    0.000000E+00
    0.275312E+02    0.000000E+00    0.000000E+00    0.000000E+00
    0.275938E+02    0.000000E+00    0.000000E+00    0.000000E+00
    0.276562E+02    0.000000E+00    0.000000E+00    0.000000E+00
    0.277188E+02    0.000000E+00    0.000000E+00    0.000000E+00
    0.277812E+02    0.000000E+00    0.000000E+00    0.000000E+00
    0.278438E+02    0.000000E+00    0.000000E+00    0.000000E+00
    0.279062E+02    0.000000E+00    0.000000E+00    0.000000E+00
    0.279688E+02    0.000000E+00    0.000000E+00    0.000000E+00
    0.280312E+02    0.000000E+00    0.000000E+00    0.000000E+00
    0.280938E+02    0.000000E+00    0.000000E+00    0.000000E+00
    0.281562E+02    0.000000E+00    0.000000E+00    0.000000E+00
    0.282188E+02    0.000000E+00    0.000000E+00    0.000000E+00
    0.282812E+02    0.000000E+00    0.000000E+00    0.000000E+00
    0.283438E+02    0.000000E+00    0.000000E+00    0.000000E+00
    0.284062E+02    0.000000E+00    0.000000E+00    0.000000E+00
    0.284688E+02    0.000000E+00    0.000000E+00    0.000000E+00
    0.285312E+02    0.000000E+00    0.000000E+00    0.000000E+00
    0.285938E+02    0.000000E+00    0.000000E+00    0.000000E+00
    0.286562E+02    0.000000E+00    0.000000E+00    0.000000E+00
    0.287188E+02    0.000000E+00    0.000000E+00    0.000000E+00
    0.287812E+02    0.000000E+00    0.000000E+00    0.000000E+00
    0.288438E+02    0.000000E+00    0.000000E+00    0.000000E+00
    0.289062E+02    0.000000E+00    0.000000E+00    0.000000E+00
    0.289688E+02    0.000000E+00    0.000000E+00    0.000000E+00
    0.290312E+02    0.000000E+00    0.000000E+00    0.000000E+00
    0.290938E+02    0.000000E+00    0.000000E+00    0.000000E+00
    0.291562E+02    0.000000E+00    0.000000E+00    0.000000E+00
    0.292188E+02    0.000000E+00    0.000000E+00    0.000000E+00
    0.292812E+02    0.000000E+00    0.000000E+00    0.000000E+00
    0.293438E+02    0.000000E+00    0.000000E+00    0.000000E+00
    0.294062E+02    0.000000E+00    0.000000E+00    0.000000E+00
    0.294688E+02    0.000000E+00    0.000000E+00    0.000000E+00
    0.295312E+02    0.000000E+00    0.000000E+00    0.000000E+00
    0.295938E+02    0.000000E+00    0.000000E+00    0.000000E+00
    0.296562E+02    0.000000E+00    0.000000E+00    0.000000E+00
    0.297188E+02    0.000000E+00    0.000000E+00    0.000000E+00
    0.297812E+02    0.000000E+00    0.000000E+00    0.000000E+00
    0.298438E+02    0.000000E+00    0.000000E+00    0.000000E+00
    0.299062E+02    0.000000E+00    0.000000E+00    0.000000E+00
    0.299688E+02    0.000000E+00    0.000000E+00    0.000000E+00
    0.300312E+02    0.000000E+00    0.000000E+00    0.000000E+00
    0.300938E+02    0.000000E+00    0.000000E+00    0.000000E+00
    0.301562E+02    0.000000E+00    0.000000E+00    0.000000E+00
    0.302188E+02    0.000000E+00    0.000000E+00    0.000000E+00
    0.302812E+02    0.000000E+00    0.000000E+00    0.000000E+00
    0.303438E+02    0.000000E+00    0.000000E+00    0.000000E+00
    0.304062E+02    0.000000E+00    0.000000E+00    0.000000E+00
    0.304688E+02    0.000000E+00    0.000000E+00    0.000000E+00
    0.305312E+02    0.000000E+00    0.000000E+00    0.000000E+00
    0.305938E+02    0.000000E+00    0.000000E+00    0.000000E+00
    0.306562E+02    0.000000E+00    0.000000E+00    0.000000E+00
    0.307188E+02    0.000000E+00    0.000000E+00    0.000000E+00
    0.307812E+02    0.000000E+00    0.000000E+00    0.000000E+00
    0.308438E+02    0.000000E+00    0.000000E+00    0.000000E+00
    0.309062E+02    0.000000E+00    0.000000E+00    0.000000E+00
    0.309688E+02    0.000000E+00    0.000000E+00    0.000000E+00
    0.310312E+02    0.000000E+00    0.000000E+00    0.000000E+00
    0.310938E+02    0.000000E+00    0.000000E+00    0.000000E+00
    0.311562E+02    0.000000E+00    0.000000E+00    0.000000E+00
    0.312188E+02    0.000000E+00    0.000000E+00    0.000000E+00
    0.312812E+02    0.000000E+00    0.000000E+00    0.000000E+00
    0.313438E+02    0.000000E+00    0.000000E+00    0.000000E+00
    0.314062E+02    0.000000E+00    0.000000E+00    0.000000E+00
    0.314688E+02    0.000000E+00    0.000000E+00    0.000000E+00
    0.315312E+02    0.000000E+00    0.000000E+00    0.000000E+00
    0.315938E+02    0.000000E+00    0.000000E+00    0.000000E+00
    0.316562E+02    0.000000E+00    0.000000E+00    0.000000E+00
    0.317188E+02    0.000000E+00    0.000000E+00    0.000000E+00
    0.317812E+02    0.000000E+00    0.000000E+00    0.000000E+00
    0.318438E+02    0.000000E+00    0.000000E+00    0.000000E+00
    0.319062E+02    0.000000E+00    0.000000E+00    0.000000E+00
    0.319688E+02    0.000000E+00    0.000000E+00    0.000000E+00
    0.320312E+02    0.000000E+00    0.000000E+00    0.000000E+00
    0.320938E+02    0.000000E+00    0.000000E+00    0.000000E+00
    0.321562E+02    0.000000E+00    0.000000E+00    0.000000E+00
    0.322188E+02    0.000000E+00    0.000000E+00    0.000000E+00
    0.322812E+02    0.000000E+00    0.000000E+00    0.000000E+00
    0.323438E+02    0.000000E+00    0.000000E+00    0.000000E+00
    0.324062E+02    0.000000E+00    0.000000E+00    0.000000E+00
    0.324688E+02    0.000000E+00    0.000000E+00    0.000000E+00
    0.325312E+02    0.000000E+00    0.000000E+00    0.000000E+00
    0.325938E+02    0.000000E+00    0.000000E+00    0.000000E+00
    0.326562E+02    0.000000E+00    0.000000E+00    0.000000E+00
    0.327188E+02    0.000000E+00    0.000000E+00    0.000000E+00
    0.327812E+02    0.000000E+00    0.000000E+00    0.000000E+00
    0.328438E+02    0.000000E+00    0.000000E+00    0.000000E+00
    0.329062E+02    0.000000E+00    0.000000E+00    0.000000E+00
    0.329688E+02    0.000000E+00    0.000000E+00    0.000000E+00
    0.330312E+02    0.000000E+00    0.000000E+00    0.000000E+00
    0.330938E+02    0.000000E+00    0.000000E+00    0.000000E+00
    0.331562E+02    0.000000E+00    0.000000E+00    0.000000E+00
    0.332188E+02    0.000000E+00    0.000000E+00    0.000000E+00
    0.332812E+02    0.000000E+00    0.000000E+00    0.000000E+00
    0.333438E+02    0.000000E+00    0.000000E+00    0.000000E+00
    0.334062E+02    0.000000E+00    0.000000E+00    0.000000E+00
    0.334688E+02    0.000000E+00    0.000000E+00    0.000000E+00
    0.335312E+02    0.000000E+00    0.000000E+00    0.000000E+00
    0.335938E+02    0.000000E+00    0.000000E+00    0.000000E+00
    0.336562E+02    0.000000E+00    0.000000E+00    0.000000E+00
    0.337188E+02    0.000000E+00    0.000000E+00    0.000000E+00
    0.337812E+02    0.000000E+00    0.000000E+00    0.000000E+00
    0.338438E+02    0.000000E+00    0.000000E+00    0.000000E+00
    0.339062E+02    0.000000E+00    0.000000E+00    0.000000E+00
    0.339688E+02    0.000000E+00    0.000000E+00    0.000000E+00
    0.340312E+02    0.000000E+00    0.000000E+00    0.000000E+00
    0.340938E+02    0.000000E+00    0.000000E+00    0.000000E+00
    0.341562E+02    0.000000E+00    0.000000E+00    0.000000E+00
    0.342188E+02    0.000000E+00    0.000000E+00    0.000000E+00
    0.342812E+02    0.000000E+00    0.000000E+00    0.000000E+00
    0.343438E+02    0.000000E+00    0.000000E+00    0.000000E+00
    0.344062E+02    0.000000E+00    0.000000E+00    0.000000E+00
    0.344688E+02    0.000000E+00    0.000000E+00    0.000000E+00
    0.345312E+02    0.000000E+00    0.000000E+00    0.000000E+00
    0.345938E+02    0.000000E+00    0.000000E+00    0.000000E+00
    0.346562E+02    0.000000E+00    0.000000E+00    0.000000E+00
    0.347188E+02    0.000000E+00    0.000000E+00    0.000000E+00
    0.347812E+02    0.000000E+00    0.000000E+00    0.000000E+00
    0.348438E+02    0.000000E+00    0.000000E+00    0.000000E+00
    0.349062E+02    0.000000E+00    0.000000E+00    0.000000E+00
    0.349688E+02    0.000000E+00    0.000000E+00    0.000000E+00
    0.350312E+02    0.000000E+00    0.000000E+00    0.000000E+00
    0.350938E+02    0.000000E+00    0.000000E+00    0.000000E+00
    0.351562E+02    0.000000E+00    0.000000E+00    0.000000E+00
    0.352188E+02    0.000000E+00    0.000000E+00    0.000000E+00
    0.352812E+02    0.000000E+00    0.000000E+00    0.000000E+00
    0.353438E+02    0.000000E+00    0.000000E+00    0.000000E+00
    0.354062E+02    0.000000E+00    0.000000E+00    0.000000E+00
    0.354688E+02    0.000000E+00    0.000000E+00    0.000000E+00
    0.355312E+02    0.000000E+00    0.000000E+00    0.000000E+00
    0.355938E+02    0.000000E+00    0.000000E+00    0.000000E+00
    0.356562E+02    0.000000E+00    0.000000E+00    0.000000E+00
    0.357188E+02    0.000000E+00    0.000000E+00    0.000000E+00
    0.357812E+02    0.000000E+00    0.000000E+00    0.000000E+00
    0.358438E+02    0.000000E+00    0.000000E+00    0.000000E+00
    0.359062E+02    0.000000E+00    0.000000E+00    0.000000E+00
    0.359688E+02    0.000000E+00    0.000000E+00    0.000000E+00
    0.360312E+02    0.000000E+00    0.000000E+00    0.000000E+00
    0.360938E+02    0.000000E+00    0.000000E+00    0.000000E+00
    0.361562E+02    0.000000E+00    0.000000E+00    0.000000E+00
    0.362188E+02    0.000000E+00    0.000000E+00    0.000000E+00
    0.362812E+02    0.000000E+00    0.000000E+00    0.000000E+00
    0.363438E+02    0.000000E+00    0.000000E+00    0.000000E+00
    0.364062E+02    0.000000E+00    0.000000E+00    0.000000E+00
    0.364688E+02    0.000000E+00    0.000000E+00    0.000000E+00
    0.365312E+02    0.000000E+00    0.000000E+00    0.000000E+00
    0.365938E+02    0.000000E+00    0.000000E+00    0.000000E+00
    0.366562E+02    0.000000E+00    0.000000E+00    0.000000E+00
    0.367188E+02    0.000000E+00    0.000000E+00    0.000000E+00
    0.367812E+02    0.000000E+00    0.000000E+00    0.000000E+00
    0.368438E+02    0.000000E+00    0.000000E+00    0.000000E+00
    0.369062E+02    0.000000E+00    0.000000E+00    0.000000E+00
    0.369688E+02    0.000000E+00    0.000000E+00    0.000000E+00
    0.370312E+02    0.000000E+00    0.000000E+00    0.000000E+00
    0.370938E+02    0.000000E+00    0.000000E+00    0.000000E+00
    0.371562E+02    0.000000E+00    0.000000E+00    0.000000E+00
    0.372188E+02    0.000000E+00    0.000000E+00    0.000000E+00
    0.372812E+02    0.000000E+00    0.000000E+00    0.000000E+00
    0.373438E+02    0.000000E+00    0.000000E+00    0.000000E+00
    0.374062E+02    0.000000E+00    0.000000E+00    0.000000E+00
    0.374688E+02    0.000000E+00    0.000000E+00    0.000000E+00
    0.375312E+02    0.000000E+00    0.000000E+00    0.000000E+00
    0.375938E+02    0.000000E+00    0.000000E+00    0.000000E+00
    0.376562E+02    0.000000E+00    0.000000E+00    0.000000E+00
    0.377188E+02    0.000000E+00    0.000000E+00    0.000000E+00
    0.377812E+02    0.000000E+00    0.000000E+00    0.000000E+00
    0.378438E+02    0.000000E+00    0.000000E+00    0.000000E+00
    0.379062E+02    0.000000E+00    0.000000E+00    0.000000E+00
    0.379688E+02    0.000000E+00    0.000000E+00    0.000000E+00
    0.380312E+02    0.000000E+00    0.000000E+00    0.000000E+00
    0.380938E+02    0.000000E+00    0.000000E+00    0.000000E+00
    0.381562E+02    0.000000E+00    0.000000E+00    0.000000E+00
    0.382188E+02    0.000000E+00    0.000000E+00    0.000000E+00
    0.382812E+02    0.000000E+00    0.000000E+00    0.000000E+00
    0.383438E+02    0.000000E+00    0.000000E+00    0.000000E+00
    0.384062E+02    0.000000E+00    0.000000E+00    0.000000E+00
    0.384688E+02    0.000000E+00    0.000000E+00    0.000000E+00
    0.385312E+02    0.000000E+00    0.000000E+00    0.000000E+00
    0.385938E+02    0.000000E+00    0.000000E+00    0.000000E+00
    0.386562E+02    0.000000E+00    0.000000E+00    0.000000E+00
    0.387188E+02    0.000000E+00    0.000000E+00    0.000000E+00
    0.387812E+02    0.000000E+00    0.000000E+00    0.000000E+00
    0.388438E+02    0.000000E+00    0.000000E+00    0.000000E+00
    0.389062E+02    0.000000E+00    0.000000E+00    0.000000E+00
    0.389688E+02    0.000000E+00    0.000000E+00    0.000000E+00
    0.390312E+02    0.000000E+00    0.000000E+00    0.000000E+00
    0.390938E+02    0.000000E+00    0.000000E+00    0.000000E+00
    0.391562E+02    0.000000E+00    0.000000E+00    0.000000E+00
    0.392188E+02    0.000000E+00    0.000000E+00    0.000000E+00
    0.392812E+02    0.000000E+00    0.000000E+00    0.000000E+00
    0.393438E+02    0.000000E+00    0.000000E+00    0.000000E+00
    0.394062E+02    0.000000E+00    0.000000E+00    0.000000E+00
    0.394688E+02    0.000000E+00    0.000000E+00    0.000000E+00
    0.395312E+02    0.000000E+00    0.000000E+00    0.000000E+00
    0.395938E+02    0.000000E+00    0.000000E+00    0.000000E+00
    0.396562E+02    0.000000E+00    0.000000E+00    0.000000E+00
    0.397188E+02    0.000000E+00    0.000000E+00    0.000000E+00
    0.397812E+02    0.000000E+00    0.000000E+00    0.000000E+00
    0.398438E+02    0.000000E+00    0.000000E+00    0.000000E+00
    0.399062E+02    0.000000E+00    0.000000E+00    0.000000E+00
    0.399688E+02    0.000000E+00    0.000000E+00    0.000000E+00
    0.400312E+02    0.000000E+00    0.000000E+00    0.000000E+00
    0.400938E+02    0.000000E+00    0.000000E+00    0.000000E+00
    0.401562E+02    0.000000E+00    0.000000E+00    0.000000E+00
    0.402188E+02    0.000000E+00    0.000000E+00    0.000000E+00
    0.402812E+02    0.000000E+00    0.000000E+00    0.000000E+00
    0.403438E+02    0.000000E+00    0.000000E+00    0.000000E+00
    0.404062E+02    0.000000E+00    0.000000E+00    0.000000E+00
    0.404688E+02    0.000000E+00    0.000000E+00    0.000000E+00
    0.405312E+02    0.000000E+00    0.000000E+00    0.000000E+00
    0.405938E+02    0.000000E+00    0.000000E+00    0.000000E+00
    0.406562E+02    0.000000E+00    0.000000E+00    0.000000E+00
    0.407188E+02    0.000000E+00    0.000000E+00    0.000000E+00
    0.407812E+02    0.000000E+00    0.000000E+00    0.000000E+00
    0.408438E+02    0.000000E+00    0.000000E+00    0.000000E+00
    0.409062E+02    0.000000E+00    0.000000E+00    0.000000E+00
    0.409688E+02    0.000000E+00    0.000000E+00    0.000000E+00
    0.410312E+02    0.000000E+00    0.000000E+00    0.000000E+00
    0.410938E+02    0.000000E+00    0.000000E+00    0.000000E+00
    0.411562E+02    0.000000E+00    0.000000E+00    0.000000E+00
    0.412188E+02    0.000000E+00    0.000000E+00    0.000000E+00
    0.412812E+02    0.000000E+00    0.000000E+00    0.000000E+00
    0.413438E+02    0.000000E+00    0.000000E+00    0.000000E+00
    0.414062E+02    0.000000E+00    0.000000E+00    0.000000E+00
    0.414688E+02    0.000000E+00    0.000000E+00    0.000000E+00
    0.415312E+02    0.000000E+00    0.000000E+00    0.000000E+00
    0.415938E+02    0.000000E+00    0.000000E+00    0.000000E+00
    0.416562E+02    0.000000E+00    0.000000E+00    0.000000E+00
    0.417188E+02    0.000000E+00    0.000000E+00    0.000000E+00
    0.417812E+02    0.000000E+00    0.000000E+00    0.000000E+00
    0.418438E+02    0.000000E+00    0.000000E+00    0.000000E+00
    0.419062E+02    0.000000E+00    0.000000E+00    0.000000E+00
    0.419688E+02    0.000000E+00    0.000000E+00    0.000000E+00
    0.420312E+02    0.000000E+00    0.000000E+00    0.000000E+00
    0.420938E+02    0.000000E+00    0.000000E+00    0.000000E+00
    0.421562E+02    0.000000E+00    0.000000E+00    0.000000E+00
    0.422188E+02    0.000000E+00    0.000000E+00    0.000000E+00
    0.422812E+02    0.000000E+00    0.000000E+00    0.000000E+00
    0.423438E+02    0.000000E+00    0.000000E+00    0.000000E+00
    0.424062E+02    0.000000E+00    0.000000E+00    0.000000E+00
    0.424688E+02    0.000000E+00    0.000000E+00    0.000000E+00
    0.425312E+02    0.000000E+00    0.000000E+00    0.000000E+00
    0.425938E+02    0.000000E+00    0.000000E+00    0.000000E+00
    0.426562E+02    0.000000E+00    0.000000E+00    0.000000E+00
    0.427188E+02    0.000000E+00    0.000000E+00    0.000000E+00
    0.427812E+02    0.000000E+00    0.000000E+00    0.000000E+00
    0.428438E+02    0.000000E+00    0.000000E+00    0.000000E+00
    0.429062E+02    0.000000E+00    0.000000E+00    0.000000E+00
    0.429688E+02    0.000000E+00    0.000000E+00    0.000000E+00
    0.430312E+02    0.000000E+00    0.000000E+00    0.000000E+00
    0.430938E+02    0.000000E+00    0.000000E+00    0.000000E+00
    0.431562E+02    0.000000E+00    0.000000E+00    0.000000E+00
    0.432188E+02    0.000000E+00    0.000000E+00    0.000000E+00
    0.432812E+02    0.000000E+00    0.000000E+00    0.000000E+00
    0.433438E+02    0.000000E+00    0.000000E+00    0.000000E+00
    0.434062E+02    0.000000E+00    0.000000E+00    0.000000E+00
    0.434688E+02    0.000000E+00    0.000000E+00    0.000000E+00
    0.435312E+02    0.000000E+00    0.000000E+00    0.000000E+00
    0.435938E+02    0.000000E+00    0.000000E+00    0.000000E+00
    0.436562E+02    0.000000E+00    0.000000E+00    0.000000E+00
    0.437188E+02    0.000000E+00    0.000000E+00    0.000000E+00
    0.437812E+02    0.000000E+00    0.000000E+00    0.000000E+00
    0.438438E+02    0.000000E+00    0.000000E+00    0.000000E+00
    0.439062E+02    0.000000E+00    0.000000E+00    0.000000E+00
    0.439688E+02    0.000000E+00    0.000000E+00    0.000000E+00
    0.440312E+02    0.000000E+00    0.000000E+00    0.000000E+00
    0.440938E+02    0.000000E+00    0.000000E+00    0.000000E+00
    0.441562E+02    0.000000E+00    0.000000E+00    0.000000E+00
    0.442188E+02    0.000000E+00    0.000000E+00    0.000000E+00
    0.442812E+02    0.000000E+00    0.000000E+00    0.000000E+00
    0.443438E+02    0.000000E+00    0.000000E+00    0.000000E+00
    0.444062E+02    0.000000E+00    0.000000E+00    0.000000E+00
    0.444688E+02    0.000000E+00    0.000000E+00    0.000000E+00
    0.445312E+02    0.000000E+00    0.000000E+00    0.000000E+00
    0.445938E+02    0.000000E+00    0.000000E+00    0.000000E+00
    0.446562E+02    0.000000E+00    0.000000E+00    0.000000E+00
    0.447188E+02    0.000000E+00    0.000000E+00    0.000000E+00
    0.447812E+02    0.000000E+00    0.000000E+00    0.000000E+00
    0.448438E+02    0.000000E+00    0.000000E+00    0.000000E+00
    0.449062E+02    0.000000E+00    0.000000E+00    0.000000E+00
    0.449688E+02    0.000000E+00    0.000000E+00    0.000000E+00
    0.450312E+02    0.000000E+00    0.000000E+00    0.000000E+00
    0.450938E+02    0.000000E+00    0.000000E+00    0.000000E+00
    0.451562E+02    0.000000E+00    0.000000E+00    0.000000E+00
    0.452188E+02    0.000000E+00    0.000000E+00    0.000000E+00
    0.452812E+02    0.000000E+00    0.000000E+00    0.000000E+00
    0.453438E+02    0.000000E+00    0.000000E+00    0.000000E+00
    0.454062E+02    0.000000E+00    0.000000E+00    0.000000E+00
    0.454688E+02    0.000000E+00    0.000000E+00    0.000000E+00
    0.455312E+02    0.000000E+00    0.000000E+00    0.000000E+00
    0.455938E+02    0.000000E+00    0.000000E+00    0.000000E+00
    0.456562E+02    0.000000E+00    0.000000E+00    0.000000E+00
    0.457188E+02    0.000000E+00    0.000000E+00    0.000000E+00
    0.457812E+02    0.000000E+00    0.000000E+00    0.000000E+00
    0.458438E+02    0.000000E+00    0.000000E+00    0.000000E+00
    0.459062E+02    0.000000E+00    0.000000E+00    0.000000E+00
    0.459688E+02    0.000000E+00    0.000000E+00    0.000000E+00
    0.460312E+02    0.000000E+00    0.000000E+00    0.000000E+00
    0.460938E+02    0.000000E+00    0.000000E+00    0.000000E+00
    0.461562E+02    0.000000E+00    0.000000E+00    0.000000E+00
    0.462188E+02    0.000000E+00    0.000000E+00    0.000000E+00
    0.462812E+02    0.000000E+00    0.000000E+00    0.000000E+00
    0.463438E+02    0.000000E+00    0.000000E+00    0.000000E+00
    0.464062E+02    0.000000E+00    0.000000E+00    0.000000E+00
    0.464688E+02    0.000000E+00    0.000000E+00    0.000000E+00
    0.465312E+02    0.000000E+00    0.000000E+00    0.000000E+00
    0.465938E+02    0.000000E+00    0.000000E+00    0.000000E+00
    0.466562E+02    0.000000E+00    0.000000E+00    0.000000E+00
    0.467188E+02    0.000000E+00    0.000000E+00    0.000000E+00
    0.467812E+02    0.000000E+00    0.000000E+00    0.000000E+00
    0.468438E+02    0.000000E+00    0.000000E+00    0.000000E+00
    0.469062E+02    0.000000E+00    0.000000E+00    0.000000E+00
    0.469688E+02    0.000000E+00    0.000000E+00    0.000000E+00
    0.470312E+02    0.000000E+00    0.000000E+00    0.000000E+00
    0.470938E+02    0.000000E+00    0.000000E+00    0.000000E+00
    0.471562E+02    0.000000E+00    0.000000E+00    0.000000E+00
    0.472188E+02    0.000000E+00    0.000000E+00    0.000000E+00
    0.472812E+02    0.000000E+00    0.000000E+00    0.000000E+00
    0.473438E+02    0.000000E+00    0.000000E+00    0.000000E+00
    0.474062E+02    0.000000E+00    0.000000E+00    0.000000E+00
    0.474688E+02    0.000000E+00    0.000000E+00    0.000000E+00
    0.475312E+02    0.000000E+00    0.000000E+00    0.000000E+00
    0.475938E+02    0.000000E+00    0.000000E+00    0.000000E+00
    0.476562E+02    0.000000E+00    0.000000E+00    0.000000E+00
    0.477188E+02    0.000000E+00    0.000000E+00    0.000000E+00
    0.477812E+02    0.000000E+00    0.000000E+00    0.000000E+00
    0.478438E+02    0.000000E+00    0.000000E+00    0.000000E+00
    0.479062E+02    0.000000E+00    0.000000E+00    0.000000E+00
    0.479688E+02    0.000000E+00    0.000000E+00    0.000000E+00
    0.480312E+02    0.000000E+00    0.000000E+00    0.000000E+00
    0.480938E+02    0.000000E+00    0.000000E+00    0.000000E+00
    0.481562E+02    0.000000E+00    0.000000E+00    0.000000E+00
    0.482188E+02    0.000000E+00    0.000000E+00    0.000000E+00
    0.482812E+02    0.000000E+00    0.000000E+00    0.000000E+00
    0.483438E+02    0.000000E+00    0.000000E+00    0.000000E+00
    0.484062E+02    0.000000E+00    0.000000E+00    0.000000E+00
    0.484688E+02    0.000000E+00    0.000000E+00    0.000000E+00
    0.485312E+02    0.000000E+00    0.000000E+00    0.000000E+00
    0.485938E+02    0.000000E+00    0.000000E+00    0.000000E+00
    0.486562E+02    0.000000E+00    0.000000E+00    0.000000E+00
    0.487188E+02    0.000000E+00    0.000000E+00    0.000000E+00
    0.487812E+02    0.000000E+00    0.000000E+00    0.000000E+00
    0.488438E+02    0.000000E+00    0.000000E+00    0.000000E+00
    0.489062E+02    0.000000E+00    0.000000E+00    0.000000E+00
    0.489688E+02    0.000000E+00    0.000000E+00    0.000000E+00
    0.490312E+02    0.000000E+00    0.000000E+00    0.000000E+00
    0.490938E+02    0.000000E+00    0.000000E+00    0.000000E+00
    0.491562E+02    0.000000E+00    0.000000E+00    0.000000E+00
    0.492188E+02    0.000000E+00    0.000000E+00    0.000000E+00
    0.492812E+02    0.000000E+00    0.000000E+00    0.000000E+00
    0.493438E+02    0.000000E+00    0.000000E+00    0.000000E+00
    0.494062E+02    0.000000E+00    0.000000E+00    0.000000E+00
    0.494688E+02    0.000000E+00    0.000000E+00    0.000000E+00
    0.495312E+02    0.000000E+00    0.000000E+00    0.000000E+00
    0.495938E+02    0.000000E+00    0.000000E+00    0.000000E+00
    0.496562E+02    0.000000E+00    0.000000E+00    0.000000E+00
    0.497188E+02    0.000000E+00    0.000000E+00    0.000000E+00
    0.497812E+02    0.000000E+00    0.000000E+00    0.000000E+00
    0.498438E+02    0.000000E+00    0.000000E+00    0.000000E+00
    0.499062E+02    0.000000E+00    0.000000E+00    0.000000E+00
    0.499688E+02    0.000000E+00    0.000000E+00    0.000000E+00
    0.500312E+02    0.000000E+00    0.000000E+00    0.000000E+00
    0.500938E+02    0.000000E+00    0.000000E+00    0.000000E+00
    0.501562E+02    0.000000E+00    0.000000E+00    0.000000E+00
    0.502188E+02    0.000000E+00    0.000000E+00    0.000000E+00
    0.502812E+02    0.000000E+00    0.000000E+00    0.000000E+00
    0.503438E+02    0.000000E+00    0.000000E+00    0.000000E+00
    0.504062E+02    0.000000E+00    0.000000E+00    0.000000E+00
    0.504688E+02    0.000000E+00    0.000000E+00    0.000000E+00
    0.505312E+02    0.000000E+00    0.000000E+00    0.000000E+00
    0.505938E+02    0.000000E+00    0.000000E+00    0.000000E+00
    0.506562E+02    0.000000E+00    0.000000E+00    0.000000E+00
    0.507188E+02    0.000000E+00    0.000000E+00    0.000000E+00
    0.507812E+02    0.000000E+00    0.000000E+00    0.000000E+00
    0.508438E+02    0.000000E+00    0.000000E+00    0.000000E+00
    0.509062E+02    0.000000E+00    0.000000E+00    0.000000E+00
    0.509688E+02    0.000000E+00    0.000000E+00    0.000000E+00
    0.510312E+02    0.000000E+00    0.000000E+00    0.000000E+00
    0.510938E+02    0.000000E+00    0.000000E+00    0.000000E+00
    0.511562E+02    0.000000E+00    0.000000E+00    0.000000E+00
    0.512188E+02    0.000000E+00    0.000000E+00    0.000000E+00
    0.512812E+02    0.000000E+00    0.000000E+00    0.000000E+00
    0.513438E+02    0.000000E+00    0.000000E+00    0.000000E+00
    0.514062E+02    0.000000E+00    0.000000E+00    0.000000E+00
    0.514688E+02    0.000000E+00    0.000000E+00    0.000000E+00
    0.515312E+02    0.000000E+00    0.000000E+00    0.000000E+00
    0.515938E+02    0.000000E+00    0.000000E+00    0.000000E+00
    0.516562E+02    0.000000E+00    0.000000E+00    0.000000E+00
    0.517188E+02    0.000000E+00    0.000000E+00    0.000000E+00
    0.517812E+02    0.000000E+00    0.000000E+00    0.000000E+00
    0.518438E+02    0.000000E+00    0.000000E+00    0.000000E+00
    0.519062E+02    0.000000E+00    0.000000E+00    0.000000E+00
    0.519688E+02    0.000000E+00    0.000000E+00    0.000000E+00
    0.520312E+02    0.000000E+00    0.000000E+00    0.000000E+00
    0.520938E+02    0.000000E+00    0.000000E+00    0.000000E+00
    0.521562E+02    0.000000E+00    0.000000E+00    0.000000E+00
    0.522188E+02    0.000000E+00    0.000000E+00    0.000000E+00
    0.522812E+02    0.000000E+00    0.000000E+00    0.000000E+00
    0.523438E+02    0.000000E+00    0.000000E+00    0.000000E+00
    0.524062E+02    0.000000E+00    0.000000E+00    0.000000E+00
    0.524688E+02    0.000000E+00    0.000000E+00    0.000000E+00
    0.525312E+02    0.000000E+00    0.000000E+00    0.000000E+00
    0.525938E+02    0.000000E+00    0.000000E+00    0.000000E+00
    0.526562E+02    0.000000E+00    0.000000E+00    0.000000E+00
    0.527188E+02    0.000000E+00    0.000000E+00    0.000000E+00
    0.527812E+02    0.000000E+00    0.000000E+00    0.000000E+00
    0.528438E+02    0.000000E+00    0.000000E+00    0.000000E+00
    0.529062E+02    0.000000E+00    0.000000E+00    0.000000E+00
    0.529688E+02    0.000000E+00    0.000000E+00    0.000000E+00
    0.530312E+02    0.000000E+00    0.000000E+00    0.000000E+00
    0.530938E+02    0.000000E+00    0.000000E+00    0.000000E+00
    0.531562E+02    0.000000E+00    0.000000E+00    0.000000E+00
    0.532188E+02    0.000000E+00    0.000000E+00    0.000000E+00
    0.532812E+02    0.000000E+00    0.000000E+00    0.000000E+00
    0.533438E+02    0.000000E+00    0.000000E+00    0.000000E+00
    0.534062E+02    0.000000E+00    0.000000E+00    0.000000E+00
    0.534688E+02    0.000000E+00    0.000000E+00    0.000000E+00
    0.535312E+02    0.000000E+00    0.000000E+00    0.000000E+00
    0.535938E+02    0.000000E+00    0.000000E+00    0.000000E+00
    0.536562E+02    0.000000E+00    0.000000E+00    0.000000E+00
    0.537188E+02    0.000000E+00    0.000000E+00    0.000000E+00
    0.537812E+02    0.000000E+00    0.000000E+00    0.000000E+00
    0.538438E+02    0.000000E+00    0.000000E+00    0.000000E+00
    0.539062E+02    0.000000E+00    0.000000E+00    0.000000E+00
    0.539688E+02    0.000000E+00    0.000000E+00    0.000000E+00
    0.540312E+02    0.000000E+00    0.000000E+00    0.000000E+00
    0.540938E+02    0.000000E+00    0.000000E+00    0.000000E+00
    0.541562E+02    0.000000E+00    0.000000E+00    0.000000E+00
    0.542188E+02    0.000000E+00    0.000000E+00    0.000000E+00
    0.542812E+02    0.000000E+00    0.000000E+00    0.000000E+00
    0.543438E+02    0.000000E+00    0.000000E+00    0.000000E+00
    0.544062E+02    0.000000E+00    0.000000E+00    0.000000E+00
    0.544688E+02    0.000000E+00    0.000000E+00    0.000000E+00
    0.545312E+02    0.000000E+00    0.000000E+00    0.000000E+00
    0.545938E+02    0.000000E+00    0.000000E+00    0.000000E+00
    0.546562E+02    0.000000E+00    0.000000E+00    0.000000E+00
    0.547188E+02    0.000000E+00    0.000000E+00    0.000000E+00
    0.547812E+02    0.000000E+00    0.000000E+00    0.000000E+00
    0.548438E+02    0.000000E+00    0.000000E+00    0.000000E+00
    0.549062E+02    0.000000E+00    0.000000E+00    0.000000E+00
    0.549688E+02    0.000000E+00    0.000000E+00    0.000000E+00
    0.550312E+02    0.000000E+00    0.000000E+00    0.000000E+00
    0.550938E+02    0.000000E+00    0.000000E+00    0.000000E+00
    0.551562E+02    0.000000E+00    0.000000E+00    0.000000E+00
    0.552188E+02    0.000000E+00    0.000000E+00    0.000000E+00
    0.552812E+02    0.000000E+00    0.000000E+00    0.000000E+00
    0.553438E+02    0.000000E+00    0.000000E+00    0.000000E+00
    0.554062E+02    0.000000E+00    0.000000E+00    0.000000E+00
    0.554688E+02    0.000000E+00    0.000000E+00    0.000000E+00
    0.555312E+02    0.000000E+00    0.000000E+00    0.000000E+00
    0.555938E+02    0.000000E+00    0.000000E+00    0.000000E+00
    0.556562E+02    0.000000E+00    0.000000E+00    0.000000E+00
    0.557188E+02    0.000000E+00    0.000000E+00    0.000000E+00
    0.557812E+02    0.000000E+00    0.000000E+00    0.000000E+00
    0.558438E+02    0.000000E+00    0.000000E+00    0.000000E+00
    0.559062E+02    0.000000E+00    0.000000E+00    0.000000E+00
    0.559688E+02    0.000000E+00    0.000000E+00    0.000000E+00
    0.560312E+02    0.000000E+00    0.000000E+00    0.000000E+00
    0.560938E+02    0.000000E+00    0.000000E+00    0.000000E+00
    0.561562E+02    0.000000E+00    0.000000E+00    0.000000E+00
    0.562188E+02    0.000000E+00    0.000000E+00    0.000000E+00
    0.562812E+02    0.000000E+00    0.000000E+00    0.000000E+00
    0.563438E+02    0.000000E+00    0.000000E+00    0.000000E+00
    0.564062E+02    0.000000E+00    0.000000E+00    0.000000E+00
    0.564688E+02    0.000000E+00    0.000000E+00    0.000000E+00
    0.565312E+02    0.000000E+00    0.000000E+00    0.000000E+00
    0.565938E+02    0.000000E+00    0.000000E+00    0.000000E+00
    0.566562E+02    0.000000E+00    0.000000E+00    0.000000E+00
    0.567188E+02    0.000000E+00    0.000000E+00    0.000000E+00
    0.567812E+02    0.000000E+00    0.000000E+00    0.000000E+00
    0.568438E+02    0.000000E+00    0.000000E+00    0.000000E+00
    0.569062E+02    0.000000E+00    0.000000E+00    0.000000E+00
    0.569688E+02    0.000000E+00    0.000000E+00    0.000000E+00
    0.570312E+02    0.000000E+00    0.000000E+00    0.000000E+00
    0.570938E+02    0.000000E+00    0.000000E+00    0.000000E+00
    0.571562E+02    0.000000E+00    0.000000E+00    0.000000E+00
    0.572188E+02    0.000000E+00    0.000000E+00    0.000000E+00
    0.572812E+02    0.000000E+00    0.000000E+00    0.000000E+00
    0.573438E+02    0.000000E+00    0.000000E+00    0.000000E+00
    0.574062E+02    0.000000E+00    0.000000E+00    0.000000E+00
    0.574688E+02    0.000000E+00    0.000000E+00    0.000000E+00
    0.575312E+02    0.000000E+00    0.000000E+00    0.000000E+00
    0.575938E+02    0.000000E+00    0.000000E+00    0.000000E+00
    0.576562E+02    0.000000E+00    0.000000E+00    0.000000E+00
    0.577188E+02    0.000000E+00    0.000000E+00    0.000000E+00
    0.577812E+02    0.000000E+00    0.000000E+00    0.000000E+00
    0.578438E+02    0.000000E+00    0.000000E+00    0.000000E+00
    0.579062E+02    0.000000E+00    0.000000E+00    0.000000E+00
    0.579688E+02    0.000000E+00    0.000000E+00    0.000000E+00
    0.580312E+02    0.000000E+00    0.000000E+00    0.000000E+00
    0.580938E+02    0.000000E+00    0.000000E+00    0.000000E+00
    0.581562E+02    0.000000E+00    0.000000E+00    0.000000E+00
    0.582188E+02    0.000000E+00    0.000000E+00    0.000000E+00
    0.582812E+02    0.000000E+00    0.000000E+00    0.000000E+00
    0.583438E+02    0.000000E+00    0.000000E+00    0.000000E+00
    0.584062E+02    0.000000E+00    0.000000E+00    0.000000E+00
    0.584688E+02    0.000000E+00    0.000000E+00    0.000000E+00
    0.585312E+02    0.000000E+00    0.000000E+00    0.000000E+00
    0.585938E+02    0.000000E+00    0.000000E+00    0.000000E+00
    0.586562E+02    0.000000E+00    0.000000E+00    0.000000E+00
    0.587188E+02    0.000000E+00    0.000000E+00    0.000000E+00
    0.587812E+02    0.000000E+00    0.000000E+00    0.000000E+00
    0.588438E+02    0.000000E+00    0.000000E+00    0.000000E+00
    0.589062E+02    0.000000E+00    0.000000E+00    0.000000E+00
    0.589688E+02    0.000000E+00    0.000000E+00    0.000000E+00
    0.590312E+02    0.000000E+00    0.000000E+00    0.000000E+00
    0.590938E+02    0.000000E+00    0.000000E+00    0.000000E+00
    0.591562E+02    0.000000E+00    0.000000E+00    0.000000E+00
    0.592188E+02    0.000000E+00    0.000000E+00    0.000000E+00
    0.592812E+02    0.000000E+00    0.000000E+00    0.000000E+00
    0.593438E+02    0.000000E+00    0.000000E+00    0.000000E+00
    0.594062E+02    0.000000E+00    0.000000E+00    0.000000E+00
    0.594688E+02    0.000000E+00    0.000000E+00    0.000000E+00
    0.595312E+02    0.000000E+00    0.000000E+00    0.000000E+00
    0.595938E+02    0.000000E+00    0.000000E+00    0.000000E+00
    0.596562E+02    0.000000E+00    0.000000E+00    0.000000E+00
    0.597188E+02    0.000000E+00    0.000000E+00    0.000000E+00
    0.597812E+02    0.000000E+00    0.000000E+00    0.000000E+00
    0.598438E+02    0.000000E+00    0.000000E+00    0.000000E+00
    0.599062E+02    0.000000E+00    0.000000E+00    0.000000E+00
    0.599688E+02    0.000000E+00    0.000000E+00    0.000000E+00
    0.600312E+02    0.000000E+00    0.000000E+00    0.000000E+00
    0.600938E+02    0.000000E+00    0.000000E+00    0.000000E+00
    0.601562E+02    0.000000E+00    0.000000E+00    0.000000E+00
    0.602188E+02    0.000000E+00    0.000000E+00    0.000000E+00
    0.602812E+02    0.000000E+00    0.000000E+00    0.000000E+00
    0.603438E+02    0.000000E+00    0.000000E+00    0.000000E+00
    0.604062E+02    0.000000E+00    0.000000E+00    0.000000E+00
    0.604688E+02    0.000000E+00    0.000000E+00    0.000000E+00
    0.605312E+02    0.000000E+00    0.000000E+00    0.000000E+00
    0.605938E+02    0.000000E+00    0.000000E+00    0.000000E+00
    0.606562E+02    0.000000E+00    0.000000E+00    0.000000E+00
    0.607188E+02    0.000000E+00    0.000000E+00    0.000000E+00
    0.607812E+02    0.000000E+00    0.000000E+00    0.000000E+00
    0.608438E+02    0.000000E+00    0.000000E+00    0.000000E+00
    0.609062E+02    0.000000E+00    0.000000E+00    0.000000E+00
    0.609688E+02    0.000000E+00    0.000000E+00    0.000000E+00
    0.610312E+02    0.000000E+00    0.000000E+00    0.000000E+00
    0.610938E+02    0.000000E+00    0.000000E+00    0.000000E+00
    0.611562E+02    0.000000E+00    0.000000E+00    0.000000E+00
    0.612188E+02    0.000000E+00    0.000000E+00    0.000000E+00
    0.612812E+02    0.000000E+00    0.000000E+00    0.000000E+00
    0.613438E+02    0.000000E+00    0.000000E+00    0.000000E+00
    0.614062E+02    0.000000E+00    0.000000E+00    0.000000E+00
    0.614688E+02    0.000000E+00    0.000000E+00    0.000000E+00
    0.615312E+02    0.000000E+00    0.000000E+00    0.000000E+00
    0.615938E+02    0.000000E+00    0.000000E+00    0.000000E+00
    0.616562E+02    0.000000E+00    0.000000E+00    0.000000E+00
    0.617188E+02    0.000000E+00    0.000000E+00    0.000000E+00
    0.617812E+02    0.000000E+00    0.000000E+00    0.000000E+00
    0.618438E+02    0.000000E+00    0.000000E+00    0.000000E+00
    0.619062E+02    0.000000E+00    0.000000E+00    0.000000E+00
    0.619688E+02    0.000000E+00    0.000000E+00    0.000000E+00
    0.620312E+02    0.000000E+00    0.000000E+00    0.000000E+00
    0.620938E+02    0.000000E+00    0.000000E+00    0.000000E+00
    0.621562E+02    0.000000E+00    0.000000E+00    0.000000E+00
    0.622188E+02    0.000000E+00    0.000000E+00    0.000000E+00
    0.622812E+02    0.000000E+00    0.000000E+00    0.000000E+00
    0.623438E+02    0.000000E+00    0.000000E+00    0.000000E+00
    0.624062E+02    0.000000E+00    0.000000E+00    0.000000E+00
    0.624688E+02    0.000000E+00    0.000000E+00    0.000000E+00
    0.625312E+02    0.000000E+00    0.000000E+00    0.000000E+00
    0.625938E+02    0.000000E+00    0.000000E+00    0.000000E+00
    0.626562E+02    0.000000E+00    0.000000E+00    0.000000E+00
    0.627188E+02    0.000000E+00    0.000000E+00    0.000000E+00
    0.627812E+02    0.000000E+00    0.000000E+00    0.000000E+00
    0.628438E+02    0.000000E+00    0.000000E+00    0.000000E+00
    0.629062E+02    0.000000E+00    0.000000E+00    0.000000E+00
    0.629688E+02    0.000000E+00    0.000000E+00    0.000000E+00
    0.630312E+02    0.000000E+00    0.000000E+00    0.000000E+00
    0.630938E+02    0.000000E+00    0.000000E+00    0.000000E+00
    0.631562E+02    0.000000E+00    0.000000E+00    0.000000E+00
    0.632188E+02    0.000000E+00    0.000000E+00    0.000000E+00
    0.632812E+02    0.000000E+00    0.000000E+00    0.000000E+00
    0.633438E+02    0.000000E+00    0.000000E+00    0.000000E+00
    0.634062E+02    0.000000E+00    0.000000E+00    0.000000E+00
    0.634688E+02    0.000000E+00    0.000000E+00    0.000000E+00
    0.635312E+02    0.000000E+00    0.000000E+00    0.000000E+00
    0.635938E+02    0.000000E+00    0.000000E+00    0.000000E+00
    0.636562E+02    0.000000E+00    0.000000E+00    0.000000E+00
    0.637188E+02    0.000000E+00    0.000000E+00    0.000000E+00
    0.637812E+02    0.000000E+00    0.000000E+00    0.000000E+00
    0.638438E+02    0.000000E+00    0.000000E+00    0.000000E+00
    0.639062E+02    0.000000E+00    0.000000E+00    0.000000E+00
    0.639688E+02    0.000000E+00    0.000000E+00    0.000000E+00
    0.640312E+02    0.000000E+00    0.000000E+00    0.000000E+00
    0.640938E+02    0.000000E+00    0.000000E+00    0.000000E+00
    0.641562E+02    0.000000E+00    0.000000E+00    0.000000E+00
    0.642188E+02    0.000000E+00    0.000000E+00    0.000000E+00
    0.642812E+02    0.000000E+00    0.000000E+00    0.000000E+00
    0.643438E+02    0.000000E+00    0.000000E+00    0.000000E+00
    0.644062E+02    0.000000E+00    0.000000E+00    0.000000E+00
    0.644688E+02    0.000000E+00    0.000000E+00    0.000000E+00
    0.645312E+02    0.000000E+00    0.000000E+00    0.000000E+00
    0.645938E+02    0.000000E+00    0.000000E+00    0.000000E+00
    0.646562E+02    0.000000E+00    0.000000E+00    0.000000E+00
    0.647188E+02    0.000000E+00    0.000000E+00    0.000000E+00
    0.647812E+02    0.000000E+00    0.000000E+00    0.000000E+00
    0.648438E+02    0.000000E+00    0.000000E+00    0.000000E+00
    0.649062E+02    0.000000E+00    0.000000E+00    0.000000E+00
    0.649688E+02    0.000000E+00    0.000000E+00    0.000000E+00
    0.650312E+02    0.000000E+00    0.000000E+00    0.000000E+00
    0.650938E+02    0.000000E+00    0.000000E+00    0.000000E+00
    0.651562E+02    0.000000E+00    0.000000E+00    0.000000E+00
    0.652188E+02    0.000000E+00    0.000000E+00    0.000000E+00
    0.652812E+02    0.000000E+00    0.000000E+00    0.000000E+00
    0.653438E+02    0.000000E+00    0.000000E+00    0.000000E+00
    0.654062E+02    0.000000E+00    0.000000E+00    0.000000E+00
    0.654688E+02    0.000000E+00    0.000000E+00    0.000000E+00
    0.655312E+02    0.000000E+00    0.000000E+00    0.000000E+00
    0.655938E+02    0.000000E+00    0.000000E+00    0.000000E+00
    0.656562E+02    0.000000E+00    0.000000E+00    0.000000E+00
    0.657188E+02    0.000000E+00    0.000000E+00    0.000000E+00
    0.657812E+02    0.000000E+00    0.000000E+00    0.000000E+00
    0.658438E+02    0.000000E+00    0.000000E+00    0.000000E+00
    0.659062E+02    0.000000E+00    0.000000E+00    0.000000E+00
    0.659688E+02    0.000000E+00    0.000000E+00    0.000000E+00
    0.660312E+02    0.000000E+00    0.000000E+00    0.000000E+00
    0.660938E+02    0.000000E+00    0.000000E+00    0.000000E+00
    0.661562E+02    0.000000E+00    0.000000E+00    0.000000E+00
    0.662188E+02    0.000000E+00    0.000000E+00    0.000000E+00
    0.662812E+02    0.000000E+00    0.000000E+00    0.000000E+00
    0.663438E+02    0.000000E+00    0.000000E+00    0.000000E+00
    0.664062E+02    0.000000E+00    0.000000E+00    0.000000E+00
    0.664688E+02    0.000000E+00    0.000000E+00    0.000000E+00
    0.665312E+02    0.000000E+00    0.000000E+00    0.000000E+00
    0.665938E+02    0.000000E+00    0.000000E+00    0.000000E+00
    0.666562E+02    0.000000E+00    0.000000E+00    0.000000E+00
    0.667188E+02    0.000000E+00    0.000000E+00    0.000000E+00
    0.667812E+02    0.000000E+00    0.000000E+00    0.000000E+00
    0.668438E+02    0.000000E+00    0.000000E+00    0.000000E+00
    0.669062E+02    0.000000E+00    0.000000E+00    0.000000E+00
    0.669688E+02    0.000000E+00    0.000000E+00    0.000000E+00
    0.670312E+02    0.000000E+00    0.000000E+00    0.000000E+00
    0.670938E+02    0.000000E+00    0.000000E+00    0.000000E+00
    0.671562E+02    0.000000E+00    0.000000E+00    0.000000E+00
    0.672188E+02    0.000000E+00    0.000000E+00    0.000000E+00
    0.672812E+02    0.000000E+00    0.000000E+00    0.000000E+00
    0.673438E+02    0.000000E+00    0.000000E+00    0.000000E+00
    0.674062E+02    0.000000E+00    0.000000E+00    0.000000E+00
    0.674688E+02    0.000000E+00    0.000000E+00    0.000000E+00
    0.675312E+02    0.000000E+00    0.000000E+00    0.000000E+00
    0.675938E+02    0.000000E+00    0.000000E+00    0.000000E+00
    0.676562E+02    0.000000E+00    0.000000E+00    0.000000E+00
    0.677188E+02    0.000000E+00    0.000000E+00    0.000000E+00
    0.677812E+02    0.000000E+00    0.000000E+00    0.000000E+00
    0.678438E+02    0.000000E+00    0.000000E+00    0.000000E+00
    0.679062E+02    0.000000E+00    0.000000E+00    0.000000E+00
    0.679688E+02    0.000000E+00    0.000000E+00    0.000000E+00
    0.680312E+02    0.000000E+00    0.000000E+00    0.000000E+00
    0.680938E+02    0.000000E+00    0.000000E+00    0.000000E+00
    0.681562E+02    0.000000E+00    0.000000E+00    0.000000E+00
    0.682188E+02    0.000000E+00    0.000000E+00    0.000000E+00
    0.682812E+02    0.000000E+00    0.000000E+00    0.000000E+00
    0.683438E+02    0.000000E+00    0.000000E+00    0.000000E+00
    0.684062E+02    0.000000E+00    0.000000E+00    0.000000E+00
    0.684688E+02    0.000000E+00    0.000000E+00    0.000000E+00
    0.685312E+02    0.000000E+00    0.000000E+00    0.000000E+00
    0.685938E+02    0.000000E+00    0.000000E+00    0.000000E+00
    0.686562E+02    0.000000E+00    0.000000E+00    0.000000E+00
    0.687188E+02    0.000000E+00    0.000000E+00    0.000000E+00
    0.687812E+02    0.000000E+00    0.000000E+00    0.000000E+00
    0.688438E+02    0.000000E+00    0.000000E+00    0.000000E+00
    0.689062E+02    0.000000E+00    0.000000E+00    0.000000E+00
    0.689688E+02    0.000000E+00    0.000000E+00    0.000000E+00
    0.690312E+02    0.000000E+00    0.000000E+00    0.000000E+00
    0.690938E+02    0.000000E+00    0.000000E+00    0.000000E+00
    0.691562E+02    0.000000E+00    0.000000E+00    0.000000E+00
    0.692188E+02    0.000000E+00    0.000000E+00    0.000000E+00
    0.692812E+02    0.000000E+00    0.000000E+00    0.000000E+00
    0.693438E+02    0.000000E+00    0.000000E+00    0.000000E+00
    0.694062E+02    0.000000E+00    0.000000E+00    0.000000E+00
    0.694688E+02    0.000000E+00    0.000000E+00    0.000000E+00
    0.695312E+02    0.000000E+00    0.000000E+00    0.000000E+00
    0.695938E+02    0.000000E+00    0.000000E+00    0.000000E+00
    0.696562E+02    0.000000E+00    0.000000E+00    0.000000E+00
    0.697188E+02    0.000000E+00    0.000000E+00    0.000000E+00
    0.697812E+02    0.000000E+00    0.000000E+00    0.000000E+00
    0.698438E+02    0.000000E+00    0.000000E+00    0.000000E+00
    0.699062E+02    0.000000E+00    0.000000E+00    0.000000E+00
    0.699688E+02    0.000000E+00    0.000000E+00    0.000000E+00
    0.700312E+02    0.000000E+00    0.000000E+00    0.000000E+00
    0.700938E+02    0.000000E+00    0.000000E+00    0.000000E+00
    0.701562E+02    0.000000E+00    0.000000E+00    0.000000E+00
    0.702188E+02    0.000000E+00    0.000000E+00    0.000000E+00
    0.702812E+02    0.000000E+00    0.000000E+00    0.000000E+00
    0.703438E+02    0.000000E+00    0.000000E+00    0.000000E+00
    0.704062E+02    0.000000E+00    0.000000E+00    0.000000E+00
    0.704688E+02    0.000000E+00    0.000000E+00    0.000000E+00
    0.705312E+02    0.000000E+00    0.000000E+00    0.000000E+00
    0.705938E+02    0.000000E+00    0.000000E+00    0.000000E+00
    0.706562E+02    0.000000E+00    0.000000E+00    0.000000E+00
    0.707188E+02    0.000000E+00    0.000000E+00    0.000000E+00
    0.707812E+02    0.000000E+00    0.000000E+00    0.000000E+00
    0.708438E+02    0.000000E+00    0.000000E+00    0.000000E+00
    0.709062E+02    0.000000E+00    0.000000E+00    0.000000E+00
    0.709688E+02    0.000000E+00    0.000000E+00    0.000000E+00
    0.710312E+02    0.000000E+00    0.000000E+00    0.000000E+00
    0.710938E+02    0.000000E+00    0.000000E+00    0.000000E+00
    0.711562E+02    0.000000E+00    0.000000E+00    0.000000E+00
    0.712188E+02    0.000000E+00    0.000000E+00    0.000000E+00
    0.712812E+02    0.000000E+00    0.000000E+00    0.000000E+00
    0.713438E+02    0.000000E+00    0.000000E+00    0.000000E+00
    0.714062E+02    0.000000E+00    0.000000E+00    0.000000E+00
    0.714688E+02    0.000000E+00    0.000000E+00    0.000000E+00
    0.715312E+02    0.000000E+00    0.000000E+00    0.000000E+00
    0.715938E+02    0.000000E+00    0.000000E+00    0.000000E+00
    0.716562E+02    0.000000E+00    0.000000E+00    0.000000E+00
    0.717188E+02    0.000000E+00    0.000000E+00    0.000000E+00
    0.717812E+02    0.000000E+00    0.000000E+00    0.000000E+00
    0.718438E+02    0.000000E+00    0.000000E+00    0.000000E+00
    0.719062E+02    0.000000E+00    0.000000E+00    0.000000E+00
    0.719688E+02    0.000000E+00    0.000000E+00    0.000000E+00
    0.720312E+02    0.000000E+00    0.000000E+00    0.000000E+00
    0.720938E+02    0.000000E+00    0.000000E+00    0.000000E+00
    0.721562E+02    0.000000E+00    0.000000E+00    0.000000E+00
    0.722188E+02    0.000000E+00    0.000000E+00    0.000000E+00
    0.722812E+02    0.000000E+00    0.000000E+00    0.000000E+00
    0.723438E+02    0.000000E+00    0.000000E+00    0.000000E+00
    0.724062E+02    0.000000E+00    0.000000E+00    0.000000E+00
    0.724688E+02    0.000000E+00    0.000000E+00    0.000000E+00
    0.725312E+02    0.000000E+00    0.000000E+00    0.000000E+00
    0.725938E+02    0.000000E+00    0.000000E+00    0.000000E+00
    0.726562E+02    0.000000E+00    0.000000E+00    0.000000E+00
    0.727188E+02    0.000000E+00    0.000000E+00    0.000000E+00
    0.727812E+02    0.000000E+00    0.000000E+00    0.000000E+00
    0.728438E+02    0.000000E+00    0.000000E+00    0.000000E+00
    0.729062E+02    0.000000E+00    0.000000E+00    0.000000E+00
    0.729688E+02    0.000000E+00    0.000000E+00    0.000000E+00
    0.730312E+02    0.000000E+00    0.000000E+00    0.000000E+00
    0.730938E+02    0.000000E+00    0.000000E+00    0.000000E+00
    0.731562E+02    0.000000E+00    0.000000E+00    0.000000E+00
    0.732188E+02    0.000000E+00    0.000000E+00    0.000000E+00
    0.732812E+02    0.000000E+00    0.000000E+00    0.000000E+00
    0.733438E+02    0.000000E+00    0.000000E+00    0.000000E+00
    0.734062E+02    0.000000E+00    0.000000E+00    0.000000E+00
    0.734688E+02    0.000000E+00    0.000000E+00    0.000000E+00
    0.735312E+02    0.000000E+00    0.000000E+00    0.000000E+00
    0.735938E+02    0.000000E+00    0.000000E+00    0.000000E+00
    0.736562E+02    0.000000E+00    0.000000E+00    0.000000E+00
    0.737188E+02    0.000000E+00    0.000000E+00    0.000000E+00
    0.737812E+02    0.000000E+00    0.000000E+00    0.000000E+00
    0.738438E+02    0.000000E+00    0.000000E+00    0.000000E+00
    0.739062E+02    0.000000E+00    0.000000E+00    0.000000E+00
    0.739688E+02    0.000000E+00    0.000000E+00    0.000000E+00
    0.740312E+02    0.000000E+00    0.000000E+00    0.000000E+00
    0.740938E+02    0.000000E+00    0.000000E+00    0.000000E+00
    0.741562E+02    0.000000E+00    0.000000E+00    0.000000E+00
    0.742188E+02    0.000000E+00    0.000000E+00    0.000000E+00
    0.742812E+02    0.000000E+00    0.000000E+00    0.000000E+00
    0.743438E+02    0.000000E+00    0.000000E+00    0.000000E+00
    0.744062E+02    0.000000E+00    0.000000E+00    0.000000E+00
    0.744688E+02    0.000000E+00    0.000000E+00    0.000000E+00
    0.745312E+02    0.000000E+00    0.000000E+00    0.000000E+00
    0.745938E+02    0.000000E+00    0.000000E+00    0.000000E+00
    0.746562E+02    0.000000E+00    0.000000E+00    0.000000E+00
    0.747188E+02    0.000000E+00    0.000000E+00    0.000000E+00
    0.747812E+02    0.000000E+00    0.000000E+00    0.000000E+00
    0.748438E+02    0.000000E+00    0.000000E+00    0.000000E+00
    0.749062E+02    0.000000E+00    0.000000E+00    0.000000E+00
    0.749688E+02    0.000000E+00    0.000000E+00    0.000000E+00
    0.750312E+02    0.000000E+00    0.000000E+00    0.000000E+00
    0.750938E+02    0.000000E+00    0.000000E+00    0.000000E+00
    0.751562E+02    0.000000E+00    0.000000E+00    0.000000E+00
    0.752188E+02    0.000000E+00    0.000000E+00    0.000000E+00
    0.752812E+02    0.000000E+00    0.000000E+00    0.000000E+00
    0.753438E+02    0.000000E+00    0.000000E+00    0.000000E+00
    0.754062E+02    0.000000E+00    0.000000E+00    0.000000E+00
    0.754688E+02    0.000000E+00    0.000000E+00    0.000000E+00
    0.755312E+02    0.000000E+00    0.000000E+00    0.000000E+00
    0.755938E+02    0.000000E+00    0.000000E+00    0.000000E+00
    0.756562E+02    0.000000E+00    0.000000E+00    0.000000E+00
    0.757188E+02    0.000000E+00    0.000000E+00    0.000000E+00
    0.757812E+02    0.000000E+00    0.000000E+00    0.000000E+00
    0.758438E+02    0.000000E+00    0.000000E+00    0.000000E+00
    0.759062E+02    0.000000E+00    0.000000E+00    0.000000E+00
    0.759688E+02    0.000000E+00    0.000000E+00    0.000000E+00
    0.760312E+02    0.000000E+00    0.000000E+00    0.000000E+00
    0.760938E+02    0.000000E+00    0.000000E+00    0.000000E+00
    0.761562E+02    0.000000E+00    0.000000E+00    0.000000E+00
    0.762188E+02    0.000000E+00    0.000000E+00    0.000000E+00
    0.762812E+02    0.000000E+00    0.000000E+00    0.000000E+00
    0.763438E+02    0.000000E+00    0.000000E+00    0.000000E+00
    0.764062E+02    0.000000E+00    0.000000E+00    0.000000E+00
    0.764688E+02    0.000000E+00    0.000000E+00    0.000000E+00
    0.765312E+02    0.000000E+00    0.000000E+00    0.000000E+00
    0.765938E+02    0.000000E+00    0.000000E+00    0.000000E+00
    0.766562E+02    0.000000E+00    0.000000E+00    0.000000E+00
    0.767188E+02    0.000000E+00    0.000000E+00    0.000000E+00
    0.767812E+02    0.000000E+00    0.000000E+00    0.000000E+00
    0.768438E+02    0.000000E+00    0.000000E+00    0.000000E+00
    0.769062E+02    0.000000E+00    0.000000E+00    0.000000E+00
    0.769688E+02    0.000000E+00    0.000000E+00    0.000000E+00
    0.770312E+02    0.000000E+00    0.000000E+00    0.000000E+00
    0.770938E+02    0.000000E+00    0.000000E+00    0.000000E+00
    0.771562E+02    0.000000E+00    0.000000E+00    0.000000E+00
    0.772188E+02    0.000000E+00    0.000000E+00    0.000000E+00
    0.772812E+02    0.000000E+00    0.000000E+00    0.000000E+00
    0.773438E+02    0.000000E+00    0.000000E+00    0.000000E+00
    0.774062E+02    0.000000E+00    0.000000E+00    0.000000E+00
    0.774688E+02    0.000000E+00    0.000000E+00    0.000000E+00
    0.775312E+02    0.000000E+00    0.000000E+00    0.000000E+00
    0.775938E+02    0.000000E+00    0.000000E+00    0.000000E+00
    0.776562E+02    0.000000E+00    0.000000E+00    0.000000E+00
    0.777188E+02    0.000000E+00    0.000000E+00    0.000000E+00
    0.777812E+02    0.000000E+00    0.000000E+00    0.000000E+00
    0.778438E+02    0.000000E+00    0.000000E+00    0.000000E+00
    0.779062E+02    0.000000E+00    0.000000E+00    0.000000E+00
    0.779688E+02    0.000000E+00    0.000000E+00    0.000000E+00
    0.780312E+02    0.000000E+00    0.000000E+00    0.000000E+00
    0.780938E+02    0.000000E+00    0.000000E+00    0.000000E+00
    0.781562E+02    0.000000E+00    0.000000E+00    0.000000E+00
    0.782188E+02    0.000000E+00    0.000000E+00    0.000000E+00
    0.782812E+02    0.000000E+00    0.000000E+00    0.000000E+00
    0.783438E+02    0.000000E+00    0.000000E+00    0.000000E+00
    0.784062E+02    0.000000E+00    0.000000E+00    0.000000E+00
    0.784688E+02    0.000000E+00    0.000000E+00    0.000000E+00
    0.785312E+02    0.000000E+00    0.000000E+00    0.000000E+00
    0.785938E+02    0.000000E+00    0.000000E+00    0.000000E+00
    0.786562E+02    0.000000E+00    0.000000E+00    0.000000E+00
    0.787188E+02    0.000000E+00    0.000000E+00    0.000000E+00
    0.787812E+02    0.000000E+00    0.000000E+00    0.000000E+00
    0.788438E+02    0.000000E+00    0.000000E+00    0.000000E+00
    0.789062E+02    0.000000E+00    0.000000E+00    0.000000E+00
    0.789688E+02    0.000000E+00    0.000000E+00    0.000000E+00
    0.790312E+02    0.000000E+00    0.000000E+00    0.000000E+00
    0.790938E+02    0.000000E+00    0.000000E+00    0.000000E+00
    0.791562E+02    0.000000E+00    0.000000E+00    0.000000E+00
    0.792188E+02    0.000000E+00    0.000000E+00    0.000000E+00
    0.792812E+02    0.000000E+00    0.000000E+00    0.000000E+00
    0.793438E+02    0.000000E+00    0.000000E+00    0.000000E+00
    0.794062E+02    0.000000E+00    0.000000E+00    0.000000E+00
    0.794688E+02    0.000000E+00    0.000000E+00    0.000000E+00
    0.795312E+02    0.000000E+00    0.000000E+00    0.000000E+00
    0.795938E+02    0.000000E+00    0.000000E+00    0.000000E+00
    0.796562E+02    0.000000E+00    0.000000E+00    0.000000E+00
    0.797188E+02    0.000000E+00    0.000000E+00    0.000000E+00
    0.797812E+02    0.000000E+00    0.000000E+00    0.000000E+00
    0.798438E+02    0.000000E+00    0.000000E+00    0.000000E+00
    0.799062E+02    0.000000E+00    0.000000E+00    0.000000E+00
    0.799688E+02    0.000000E+00    0.000000E+00    0.000000E+00
    0.800312E+02    0.000000E+00    0.000000E+00    0.000000E+00
    0.800938E+02    0.000000E+00    0.000000E+00    0.000000E+00
    0.801562E+02    0.000000E+00    0.000000E+00    0.000000E+00
    0.802188E+02    0.000000E+00    0.000000E+00    0.000000E+00
    0.802812E+02    0.000000E+00    0.000000E+00    0.000000E+00
    0.803438E+02    0.000000E+00    0.000000E+00    0.000000E+00
    0.804062E+02    0.000000E+00    0.000000E+00    0.000000E+00
    0.804688E+02    0.000000E+00    0.000000E+00    0.000000E+00
    0.805312E+02    0.000000E+00    0.000000E+00    0.000000E+00
    0.805938E+02    0.000000E+00    0.000000E+00    0.000000E+00
    0.806562E+02    0.000000E+00    0.000000E+00    0.000000E+00
    0.807188E+02    0.000000E+00    0.000000E+00    0.000000E+00
    0.807812E+02    0.000000E+00    0.000000E+00    0.000000E+00
    0.808438E+02    0.000000E+00    0.000000E+00    0.000000E+00
    0.809062E+02    0.000000E+00    0.000000E+00    0.000000E+00
    0.809688E+02    0.000000E+00    0.000000E+00    0.000000E+00
    0.810312E+02    0.000000E+00    0.000000E+00    0.000000E+00
    0.810938E+02    0.000000E+00    0.000000E+00    0.000000E+00
    0.811562E+02    0.000000E+00    0.000000E+00    0.000000E+00
    0.812188E+02    0.000000E+00    0.000000E+00    0.000000E+00
    0.812812E+02    0.000000E+00    0.000000E+00    0.000000E+00
    0.813438E+02    0.000000E+00    0.000000E+00    0.000000E+00
    0.814062E+02    0.000000E+00    0.000000E+00    0.000000E+00
    0.814688E+02    0.000000E+00    0.000000E+00    0.000000E+00
    0.815312E+02    0.000000E+00    0.000000E+00    0.000000E+00
    0.815938E+02    0.000000E+00    0.000000E+00    0.000000E+00
    0.816562E+02    0.000000E+00    0.000000E+00    0.000000E+00
    0.817188E+02    0.000000E+00    0.000000E+00    0.000000E+00
    0.817812E+02    0.000000E+00    0.000000E+00    0.000000E+00
    0.818438E+02    0.000000E+00    0.000000E+00    0.000000E+00
    0.819062E+02    0.000000E+00    0.000000E+00    0.000000E+00
    0.819688E+02    0.000000E+00    0.000000E+00    0.000000E+00
