  -10.500000000000000        0.0000000000000000     
  -10.375000000000000       2.82478142473819444E-003
  -10.250000000000000       5.49751702623180009E-003
  -10.125000000000000       8.22236655327694341E-003
  -10.000000000000000       1.09767554645075274E-002
  -9.8750000000000000       1.37573131813163614E-002
  -9.7500000000000000       1.65147684528588919E-002
  -9.6250000000000000       1.92809654823321644E-002
  -9.5000000000000000       2.19724075199122584E-002
  -9.3750000000000000       2.47456538183798182E-002
  -9.2500000000000000       2.73900712358386526E-002
  -9.1250000000000000       3.00232405477529156E-002
  -9.0000000000000000       3.27946837671208580E-002
  -8.8750000000000000       3.54838685216080085E-002
  -8.7500000000000000       3.80188513891463534E-002
  -8.6250000000000000       4.06096967954069216E-002
  -8.5000000000000000       4.30294095819808847E-002
  -8.3750000000000000       4.54690858936017822E-002
  -8.2500000000000000       4.79212638243166761E-002
  -8.1250000000000000       5.04099482648946093E-002
  -8.0000000000000000       5.29629880803005326E-002
  -7.8750000000000000       5.52772185270850383E-002
  -7.7500000000000000       5.74641128816231264E-002
  -7.6250000000000000       5.97981909986352173E-002
  -7.5000000000000000       6.21195459004436415E-002
  -7.3750000000000000       6.44109473802056964E-002
  -7.2500000000000000       6.66488958785805413E-002
  -7.1250000000000000       6.88885951538494995E-002
  -7.0000000000000000       7.07615403783949937E-002
  -6.8750000000000000       7.24961338082660278E-002
  -6.7500000000000000       7.43775395450223531E-002
  -6.6250000000000000       7.61537803364217558E-002
  -6.5000000000000000       7.80259912831788860E-002
  -6.3750000000000000       7.97026324546455250E-002
  -6.2500000000000000       8.12174024341250633E-002
  -6.1250000000000000       8.26276863849828153E-002
  -6.0000000000000000       8.41509941744320172E-002
  -5.8750000000000000       8.57349842737862439E-002
  -5.7500000000000000       8.72845426983097222E-002
  -5.6250000000000000       8.85938521065610801E-002
  -5.5000000000000000       8.95383960866022732E-002
  -5.3750000000000000       9.03078084000613623E-002
  -5.2500000000000000       9.12494590447609361E-002
  -5.1250000000000000       9.19678864726428680E-002
  -5.0000000000000000       9.26239543618422728E-002
  -4.8750000000000000       9.31608289730537498E-002
  -4.7500000000000000       9.34575018135238300E-002
  -4.6250000000000000       9.39337479189321090E-002
  -4.5000000000000000       9.43900672858655476E-002
  -4.3750000000000000       9.48053733984957209E-002
  -4.2500000000000000       9.49315077402568541E-002
  -4.1250000000000000       9.48970048519117704E-002
  -4.0000000000000000       9.46144735841566442E-002
  -3.8750000000000000       9.42213588343857739E-002
  -3.7500000000000000       9.40797557335672080E-002
  -3.6250000000000000       9.37057587327629060E-002
  -3.5000000000000000       9.35789513050662713E-002
  -3.3750000000000000       9.34887096537015405E-002
  -3.2500000000000000       9.31223973995718712E-002
  -3.1250000000000000       9.25290181872577278E-002
  -3.0000000000000000       9.18563650449000652E-002
  -2.8750000000000000       9.08672225910030912E-002
  -2.7500000000000000       8.97445349654539537E-002
  -2.6250000000000000       8.85444321970341730E-002
  -2.5000000000000000       8.74100107243333813E-002
  -2.3750000000000000       8.64621607067573988E-002
  -2.2500000000000000       8.53972559869369680E-002
  -2.1250000000000000       8.41517884680476475E-002
  -2.0000000000000000       8.28473363367224769E-002
  -1.8750000000000000       8.11832225875700336E-002
  -1.7500000000000000       7.91118114517556925E-002
  -1.6250000000000000       7.73028683663143645E-002
  -1.5000000000000000       7.53848092321628971E-002
  -1.3750000000000000       7.33431165143896002E-002
  -1.2500000000000000       7.12317907825822522E-002
  -1.1250000000000000       6.91589792661577718E-002
  -1.0000000000000000       6.70722332542526972E-002
 -0.87500000000000000       6.44787483561257285E-002
 -0.75000000000000000       6.19882158476050132E-002
 -0.62500000000000000       5.95168873469626922E-002
 -0.50000000000000000       5.69564947263268909E-002
 -0.37500000000000000       5.41182483726022207E-002
 -0.25000000000000000       5.12191364835863638E-002
 -0.12500000000000000       4.85748840511250890E-002
   0.0000000000000000       4.60690346095325859E-002
  0.12500000000000000       4.34164411214605014E-002
  0.25000000000000000       4.07358530208017863E-002
  0.37500000000000000       3.81579216744289268E-002
  0.50000000000000000       3.54517622371517266E-002
  0.62500000000000000       3.25642418434300349E-002
  0.75000000000000000       2.96384539256592111E-002
  0.87500000000000000       2.73481969599458224E-002
   1.0000000000000000       2.52968655563930687E-002
   1.1250000000000000       2.33061543421669987E-002
   1.2500000000000000       2.12726840222037146E-002
   1.3750000000000000       1.91543874006818646E-002
   1.5000000000000000       1.70001409412775598E-002
   1.6250000000000000       1.50207234847113489E-002
   1.7500000000000000       1.29859801289922226E-002
   1.8750000000000000       1.12007373438465351E-002
   2.0000000000000000       9.97192598192836455E-003
   2.1250000000000000       8.93856354979759640E-003
   2.2500000000000000       8.00193170169670280E-003
   2.3750000000000000       6.92880548573434046E-003
   2.5000000000000000       5.87818900928595549E-003
   2.6250000000000000       4.79590009817540842E-003
   2.7500000000000000       3.64830654788305103E-003
   2.8750000000000000       2.64357264079167174E-003
   3.0000000000000000       2.06808284476853350E-003
   3.1250000000000000       1.59598755199762544E-003
   3.2500000000000000       1.31122088626741589E-003
   3.3750000000000000       1.02562212432806771E-003
   3.5000000000000000       8.64570754416223879E-004
   3.6250000000000000       7.02525688254211828E-004
   3.7500000000000000       5.58670179742468782E-004
   3.8750000000000000       4.84013384122238726E-004
   4.0000000000000000       2.95392693921598250E-004
   4.1250000000000000       1.45175443754406801E-004
   4.2500000000000000       1.09407141816828928E-004
   4.3750000000000000       3.16628761470767522E-004
   4.5000000000000000       5.02354370157248923E-004
   4.6250000000000000       6.02882590718442266E-004
   4.7500000000000000       5.34685258767089049E-004
   4.8750000000000000       4.38066697940022538E-004
   5.0000000000000000       4.52804273995793837E-004
   5.1250000000000000       5.35169430850995559E-004
   5.2500000000000000       7.21899624540026921E-004
   5.3750000000000000       1.09432681885428739E-003
   5.5000000000000000       1.45877802309381894E-003
   5.6250000000000000       1.98069761417774210E-003
   5.7500000000000000       2.61585431277137860E-003
   5.8750000000000000       3.39320004141541653E-003
   6.0000000000000000       4.08948459529051046E-003
   6.1250000000000000       4.81721742850075522E-003
   6.2500000000000000       5.35530489048225648E-003
   6.3750000000000000       5.87215392135276119E-003
   6.5000000000000000       6.51812618910260939E-003
   6.6250000000000000       7.18677210893201544E-003
   6.7500000000000000       7.94258129308231080E-003
   6.8750000000000000       8.82770061566286353E-003
   7.0000000000000000       9.74673252730362191E-003
   7.1250000000000000       1.06675716071060241E-002
   7.2500000000000000       1.17966783374083579E-002
   7.3750000000000000       1.28933133085095009E-002
   7.5000000000000000       1.40406968718829444E-002
   7.6250000000000000       1.51918407706603080E-002
   7.7500000000000000       1.63295506739104916E-002
   7.8750000000000000       1.73600797527424001E-002
   8.0000000000000000       1.84797318078529574E-002
   8.1250000000000000       1.94665077136500046E-002
   8.2500000000000000       2.06082095922935742E-002
   8.3750000000000000       2.17820119952063622E-002
   8.5000000000000000       2.29667353562847190E-002
   8.6250000000000000       2.41711541484138301E-002
   8.7500000000000000       2.54647397675927638E-002
   8.8750000000000000       2.67342487499096886E-002
   9.0000000000000000       2.81265915612053698E-002
   9.1250000000000000       2.94410512525481761E-002
   9.2500000000000000       3.07276124450605106E-002
   9.3750000000000000       3.21031778362668649E-002
   9.5000000000000000       3.35000197145257500E-002
   9.6250000000000000       3.47822730096263438E-002
   9.7500000000000000       3.61124653958220382E-002
   9.8750000000000000       3.74312661282996395E-002
   10.000000000000000       3.88034548685228659E-002
   10.125000000000000       4.01448657897460412E-002
   10.250000000000000       4.14360309341888639E-002
   10.375000000000000       4.27776525165731794E-002
   10.500000000000000       4.41989322692387110E-002
   10.625000000000000       4.56485397788466557E-002
   10.750000000000000       4.69282996600490637E-002
   10.875000000000000       4.82606570513042996E-002
   11.000000000000000       4.96074921350249526E-002
   11.125000000000000       5.10111267031565715E-002
   11.250000000000000       5.23596501044103144E-002
   11.375000000000000       5.37269408175107890E-002
   11.500000000000000       5.51790764724328156E-002
   11.625000000000000       5.66273220145146680E-002
   11.750000000000000       5.79124889332846907E-002
   11.875000000000000       5.92024679099096840E-002
   12.000000000000000       6.05677351085937773E-002
   12.125000000000000       6.19414947388943343E-002
   12.250000000000000       6.32737872671524926E-002
   12.375000000000000       6.44722333034184331E-002
   12.500000000000000       6.57728766688891603E-002
   12.625000000000000       6.69155260050326162E-002
   12.750000000000000       6.79847913542077770E-002
   12.875000000000000       6.92249974387177114E-002
   13.000000000000000       7.05363165525187408E-002
   13.125000000000000       7.18944701505566941E-002
   13.250000000000000       7.30960132206535940E-002
   13.375000000000000       7.43274417595459896E-002
   13.500000000000000       7.55719652753608084E-002
   13.625000000000000       7.66980371006313610E-002
   13.750000000000000       7.79107265246776620E-002
   13.875000000000000       7.90887656785749515E-002
   14.000000000000000       8.01515532186702351E-002
   14.125000000000000       8.10137010534310725E-002
   14.250000000000000       8.17796670745644383E-002
   14.375000000000000       8.26427694511246702E-002
   14.500000000000000       8.35399937456201835E-002
   14.625000000000000       8.45588223770924047E-002
   14.750000000000000       8.55350973791855484E-002
   14.875000000000000       8.64335150959378573E-002
   15.000000000000000       8.73606899647909885E-002
   15.125000000000000       8.82482990405253770E-002
   15.250000000000000       8.92489696873424582E-002
   15.375000000000000       9.01510843224630071E-002
   15.500000000000000       9.07359179668888877E-002
   15.625000000000000       9.11691162104841663E-002
   15.750000000000000       9.15224837761908633E-002
   15.875000000000000       9.19130435769704712E-002
   16.000000000000000       9.23764143722665132E-002
   16.125000000000000       9.28279698473624681E-002
   16.250000000000000       9.31780637715160648E-002
   16.375000000000000       9.35604112121791870E-002
   16.500000000000000       9.41787841810708820E-002
   16.625000000000000       9.47184704776070502E-002
   16.750000000000000       9.50171751098597694E-002
   16.875000000000000       9.51621257500147033E-002
   17.000000000000000       9.50039044904291280E-002
   17.125000000000000       9.47745108291302707E-002
   17.250000000000000       9.46024353841840443E-002
   17.375000000000000       9.42143176633965934E-002
   17.500000000000000       9.38693564441772654E-002
   17.625000000000000       9.37527913597066553E-002
   17.750000000000000       9.35873651316325023E-002
   17.875000000000000       9.34043376245824036E-002
   18.000000000000000       9.31250646398735643E-002
   18.125000000000000       9.24795902147188126E-002
   18.250000000000000       9.16185977898621301E-002
   18.375000000000000       9.06183782823711814E-002
   18.500000000000000       8.94508401768140254E-002
   18.625000000000000       8.83644020758363041E-002
   18.750000000000000       8.73328345217577878E-002
   18.875000000000000       8.62351018049223594E-002
   19.000000000000000       8.52327773632266944E-002
   19.125000000000000       8.40977395410548306E-002
   19.250000000000000       8.24957380329818801E-002
   19.375000000000000       8.06986403946319958E-002
   19.500000000000000       7.89241802479373894E-002
   19.625000000000000       7.70228750774888948E-002
   19.750000000000000       7.50056508749741141E-002
   19.875000000000000       7.29935398942893332E-002
   20.000000000000000       7.10002388505420051E-002
   20.125000000000000       6.89294990315711675E-002
   20.250000000000000       6.66014248654496627E-002
   20.375000000000000       6.40907494493069135E-002
   20.500000000000000       6.16873510040098424E-002
   20.625000000000000       5.92748784571471982E-002
   20.750000000000000       5.65235908739139536E-002
   20.875000000000000       5.36168113116693434E-002
   21.000000000000000       5.09317164566976469E-002
   21.125000000000000       4.83727160893486149E-002
   21.250000000000000       4.57061261705952460E-002
   21.375000000000000       4.30533041157929453E-002
   21.500000000000000       4.05454958050568692E-002
   21.625000000000000       3.79538854405369538E-002
   21.750000000000000       3.50639802055854807E-002
   21.875000000000000       3.20979672327346283E-002
   22.000000000000000       2.94551840810374638E-002
   22.125000000000000       2.72253110544688516E-002
   22.250000000000000       2.51823017090536429E-002
   22.375000000000000       2.31335406274503982E-002
   22.500000000000000       2.10658947202933301E-002
   22.625000000000000       1.89944982543924397E-002
   22.750000000000000       1.68780615543600368E-002
   22.875000000000000       1.47442695049588464E-002
   23.000000000000000       1.27725906931999492E-002
   23.125000000000000       1.11611785720925928E-002
   23.250000000000000       9.93980031228046054E-003
   23.375000000000000       8.94742497283341348E-003
   23.500000000000000       7.97303104263573023E-003
   23.625000000000000       6.90088097521223635E-003
   23.750000000000000       5.74670355789591060E-003
   23.875000000000000       4.60176475103150039E-003
   24.000000000000000       3.56369600663088235E-003
   24.125000000000000       2.69974545929519728E-003
   24.250000000000000       2.03799359775103019E-003
   24.375000000000000       1.56952500258850818E-003
   24.500000000000000       1.25605930991225028E-003
   24.625000000000000       1.04406982947624475E-003
   24.750000000000000       8.82477566627720656E-004
   24.875000000000000       7.36560728756006098E-004
   25.000000000000000       5.92414831106327405E-004
   25.125000000000000       4.52205074208810441E-004
   25.250000000000000       3.25149822655495483E-004
   25.375000000000000       2.19667415230247778E-004
   25.500000000000000       1.39462244615750643E-004
   25.625000000000000       8.33307775273988191E-005
   25.750000000000000       4.69568334296161216E-005
   25.875000000000000       2.50085991224081807E-005
   26.000000000000000       1.26157790560795218E-005
   26.125000000000000       6.04031519881197835E-006
   26.250000000000000       2.75011206402233612E-006
   26.375000000000000       1.19274322506620814E-006
   26.500000000000000       4.93569658101946843E-007
   26.625000000000000       1.95162693080281740E-007
   26.750000000000000       7.38382305227368705E-008
   26.875000000000000       2.67635099335868895E-008
   27.000000000000000       9.30421177899901565E-009
   27.125000000000000       3.10562155189208048E-009
   27.250000000000000       9.96257451413701551E-010
   27.375000000000000       3.07423997621369866E-010
   27.500000000000000       9.13285336368382717E-011
   27.625000000000000       2.61402800474763380E-011
   27.750000000000000       7.21368261387629072E-012
   27.875000000000000       1.92058065756772503E-012
   28.000000000000000       4.93630595917757483E-013
   28.125000000000000       1.22549673444430193E-013
   28.250000000000000       2.94030376918197572E-014
   28.375000000000000       6.82112093376575663E-015
   28.500000000000000       1.53074105363995204E-015
   28.625000000000000       3.32441717532973321E-016
   28.750000000000000       6.98988288352761111E-017
   28.875000000000000       1.42339664109431891E-017
   29.000000000000000       2.80823687978159883E-018
   29.125000000000000       5.36949144024816226E-019
   29.250000000000000       9.95300904672022621E-020
   29.375000000000000       1.78903407577398936E-020
   29.500000000000000       3.11916514136326836E-021
   29.625000000000000       5.27616206782420848E-022
   29.750000000000000       8.66073294681420285E-023
   29.875000000000000       1.37986740753249121E-023
   30.000000000000000       2.13426668966183136E-024
   30.125000000000000       3.20526816834558135E-025
   30.250000000000000       4.67469972068407212E-026
   30.375000000000000       6.62185794281001107E-027
   30.500000000000000       9.11171140611903399E-028
   30.625000000000000       1.21805080520673545E-028
   30.750000000000000       1.58205654511073580E-029
   30.875000000000000       1.99668755390607224E-030
   31.000000000000000       2.44886465849516052E-031
   31.125000000000000       2.91887761256832782E-032
   31.250000000000000       3.38133496840295868E-033
   31.375000000000000       3.80716319593109518E-034
   31.500000000000000       4.16649273526680280E-035
   31.625000000000000       4.43205949243982208E-036
   31.750000000000000       4.58259526996748577E-037
   31.875000000000000       4.60562683615024148E-038
   32.000000000000000       4.49917504746615866E-039
   32.125000000000000       4.27203432997212218E-040
   32.250000000000000       3.94257803071159396E-041
   32.375000000000000       3.53631382745209043E-042
   32.500000000000000       3.08263867698912768E-043
   32.625000000000000       2.61136316854199111E-044
   32.750000000000000       2.14956865901011652E-045
   32.875000000000000       1.71923927754852196E-046
   33.000000000000000       1.33591477000198943E-047
   33.125000000000000       1.00839313320669432E-048
   33.250000000000000       7.39325493971017948E-050
   33.375000000000000       5.26425235517027761E-051
   33.500000000000000       3.63971935688770973E-052
   33.625000000000000       2.44319709960092110E-053
   33.750000000000000       1.59195881485030586E-054
   33.875000000000000       1.00671158297525710E-055
   34.000000000000000       6.17716323888654063E-057
   34.125000000000000       3.67695362861938013E-058
   34.250000000000000       2.12275433456961662E-059
   34.375000000000000       1.18826729846982301E-060
   34.500000000000000       6.44783992918384139E-062
   34.625000000000000       3.39058870957539098E-063
   34.750000000000000       1.72728350552351376E-064
   34.875000000000000       8.52193225610085432E-066
   35.000000000000000       4.07049938393686594E-067
   35.125000000000000       1.88162092824539873E-068
   35.250000000000000       8.41435720062048791E-070
   35.375000000000000       3.63858845103759088E-071
   35.500000000000000       1.52081199212749117E-072
   35.625000000000000       6.14106933029525334E-074
   35.750000000000000       2.39453220811601086E-075
   35.875000000000000       9.01102210765427701E-077
   36.000000000000000       3.27082830506214329E-078
   36.125000000000000       1.14448323117726996E-079
   36.250000000000000       3.85788787086225650E-081
   36.375000000000000       1.25193036319518833E-082
   36.500000000000000       3.90825574818351970E-084
   36.625000000000000       1.17278395072259883E-085
   36.750000000000000       3.38003762798462463E-087
   36.875000000000000       9.34768003160125261E-089
   37.000000000000000       2.47825962097153904E-090
   37.125000000000000       6.29217889745170194E-092
   37.250000000000000       1.52820919315534214E-093
   37.375000000000000       3.54625604608310581E-095
   37.500000000000000       7.85233060445803692E-097
   37.625000000000000       1.65674873471099685E-098
   37.750000000000000       3.32567397908552095E-100
   37.875000000000000       6.34078922528729888E-102
   38.000000000000000       1.14618747148287891E-103
   38.125000000000000       1.96041410656446091E-105
   38.250000000000000       3.16564922414209524E-107
   38.375000000000000       4.81439734664225491E-109
   38.500000000000000       6.87715100300999270E-111
   38.625000000000000       9.19915182088390373E-113
   38.750000000000000       1.14836893548907415E-114
   38.875000000000000       1.33271259059338330E-116
   39.000000000000000       1.43154453169770780E-118
   39.125000000000000       1.41609065231039939E-120
   39.250000000000000       1.28245836935808521E-122
   39.375000000000000       1.05599124237879252E-124
   39.500000000000000       7.84084629447874419E-127
   39.625000000000000       5.19769602399953271E-129
   39.750000000000000       3.03831840548753298E-131
   39.875000000000000       1.54175224703547582E-133
   40.000000000000000       6.65309114249344578E-136
   40.125000000000000       2.37382487023547543E-138
   40.250000000000000       6.72332821951187706E-141
   40.375000000000000       1.41717745536855134E-143
   40.500000000000000       1.97623318594240934E-146
   40.625000000000000       1.36744355385119849E-149
   40.750000000000000        0.0000000000000000     
   40.875000000000000        0.0000000000000000     
   41.000000000000000        0.0000000000000000     
   41.125000000000000        0.0000000000000000     
   41.250000000000000        0.0000000000000000     
   41.375000000000000        0.0000000000000000     
   41.500000000000000        0.0000000000000000     
   41.625000000000000        0.0000000000000000     
   41.750000000000000        0.0000000000000000     
   41.875000000000000        0.0000000000000000     
   42.000000000000000        0.0000000000000000     
   42.125000000000000        0.0000000000000000     
   42.250000000000000        0.0000000000000000     
   42.375000000000000        0.0000000000000000     
   42.500000000000000        0.0000000000000000     
   42.625000000000000        0.0000000000000000     
   42.750000000000000        0.0000000000000000     
   42.875000000000000        0.0000000000000000     
   43.000000000000000        0.0000000000000000     
   43.125000000000000        0.0000000000000000     
   43.250000000000000        0.0000000000000000     
   43.375000000000000        0.0000000000000000     
   43.500000000000000        0.0000000000000000     
   43.625000000000000        0.0000000000000000     
   43.750000000000000        0.0000000000000000     
   43.875000000000000        0.0000000000000000     
   44.000000000000000        0.0000000000000000     
   44.125000000000000        0.0000000000000000     
   44.250000000000000        0.0000000000000000     
   44.375000000000000        0.0000000000000000     
   44.500000000000000        0.0000000000000000     
   44.625000000000000        0.0000000000000000     
   44.750000000000000        0.0000000000000000     
   44.875000000000000        0.0000000000000000     
   45.000000000000000        0.0000000000000000     
   45.125000000000000        0.0000000000000000     
   45.250000000000000        0.0000000000000000     
   45.375000000000000        0.0000000000000000     
   45.500000000000000        0.0000000000000000     
   45.625000000000000        0.0000000000000000     
   45.750000000000000        0.0000000000000000     
   45.875000000000000        0.0000000000000000     
   46.000000000000000        0.0000000000000000     
   46.125000000000000        0.0000000000000000     
   46.250000000000000        0.0000000000000000     
   46.375000000000000        0.0000000000000000     
   46.500000000000000        0.0000000000000000     
   46.625000000000000        0.0000000000000000     
   46.750000000000000        0.0000000000000000     
   46.875000000000000        0.0000000000000000     
   47.000000000000000        0.0000000000000000     
   47.125000000000000        0.0000000000000000     
   47.250000000000000        0.0000000000000000     
   47.375000000000000        0.0000000000000000     
   47.500000000000000        0.0000000000000000     
   47.625000000000000        0.0000000000000000     
   47.750000000000000        0.0000000000000000     
   47.875000000000000        0.0000000000000000     
   48.000000000000000        0.0000000000000000     
   48.125000000000000        0.0000000000000000     
   48.250000000000000        0.0000000000000000     
   48.375000000000000        0.0000000000000000     
   48.500000000000000        0.0000000000000000     
   48.625000000000000        0.0000000000000000     
   48.750000000000000        0.0000000000000000     
   48.875000000000000        0.0000000000000000     
   49.000000000000000        0.0000000000000000     
   49.125000000000000        0.0000000000000000     
   49.250000000000000        0.0000000000000000     
   49.375000000000000        0.0000000000000000     
   49.500000000000000        0.0000000000000000     
   49.625000000000000        0.0000000000000000     
   49.750000000000000        0.0000000000000000     
   49.875000000000000        0.0000000000000000     
   50.000000000000000        0.0000000000000000     
   50.125000000000000        0.0000000000000000     
   50.250000000000000        0.0000000000000000     
   50.375000000000000        0.0000000000000000     
   50.500000000000000        0.0000000000000000     
   50.625000000000000        0.0000000000000000     
   50.750000000000000        0.0000000000000000     
   50.875000000000000        0.0000000000000000     
   51.000000000000000        0.0000000000000000     
   51.125000000000000        0.0000000000000000     
   51.250000000000000        0.0000000000000000     
   51.375000000000000        0.0000000000000000     
   51.500000000000000        0.0000000000000000     
   51.625000000000000        0.0000000000000000     
   51.750000000000000        0.0000000000000000     
   51.875000000000000        0.0000000000000000     
   52.000000000000000        0.0000000000000000     
   52.125000000000000        0.0000000000000000     
   52.250000000000000        0.0000000000000000     
   52.375000000000000        0.0000000000000000     
   52.500000000000000        0.0000000000000000     
   52.625000000000000        0.0000000000000000     
   52.750000000000000        0.0000000000000000     
   52.875000000000000        0.0000000000000000     
   53.000000000000000        0.0000000000000000     
   53.125000000000000        0.0000000000000000     
   53.250000000000000        0.0000000000000000     
   53.375000000000000        0.0000000000000000     
   53.500000000000000        0.0000000000000000     
   53.625000000000000        0.0000000000000000     
   53.750000000000000        0.0000000000000000     
   53.875000000000000        0.0000000000000000     
   54.000000000000000        0.0000000000000000     
   54.125000000000000        0.0000000000000000     
   54.250000000000000        0.0000000000000000     
   54.375000000000000        0.0000000000000000     
   54.500000000000000        0.0000000000000000     
   54.625000000000000        0.0000000000000000     
   54.750000000000000        0.0000000000000000     
   54.875000000000000        0.0000000000000000     
   55.000000000000000        0.0000000000000000     
   55.125000000000000        0.0000000000000000     
   55.250000000000000        0.0000000000000000     
   55.375000000000000        0.0000000000000000     
   55.500000000000000        0.0000000000000000     
   55.625000000000000        0.0000000000000000     
   55.750000000000000        0.0000000000000000     
   55.875000000000000        0.0000000000000000     
   56.000000000000000        0.0000000000000000     
   56.125000000000000        0.0000000000000000     
   56.250000000000000        0.0000000000000000     
   56.375000000000000        0.0000000000000000     
   56.500000000000000        0.0000000000000000     
   56.625000000000000        0.0000000000000000     
   56.750000000000000        0.0000000000000000     
   56.875000000000000        0.0000000000000000     
   57.000000000000000        0.0000000000000000     
   57.125000000000000        0.0000000000000000     
   57.250000000000000        0.0000000000000000     
   57.375000000000000        0.0000000000000000     
   57.500000000000000        0.0000000000000000     
   57.625000000000000        0.0000000000000000     
   57.750000000000000        0.0000000000000000     
   57.875000000000000        0.0000000000000000     
   58.000000000000000        0.0000000000000000     
   58.125000000000000        0.0000000000000000     
   58.250000000000000        0.0000000000000000     
   58.375000000000000        0.0000000000000000     
   58.500000000000000        0.0000000000000000     
   58.625000000000000        0.0000000000000000     
   58.750000000000000        0.0000000000000000     
   58.875000000000000        0.0000000000000000     
   59.000000000000000        0.0000000000000000     
   59.125000000000000        0.0000000000000000     
   59.250000000000000        0.0000000000000000     
   59.375000000000000        0.0000000000000000     
   59.500000000000000        0.0000000000000000     
   59.625000000000000        0.0000000000000000     
   59.750000000000000        0.0000000000000000     
   59.875000000000000        0.0000000000000000     
   60.000000000000000        0.0000000000000000     
   60.125000000000000        0.0000000000000000     
   60.250000000000000        0.0000000000000000     
   60.375000000000000        0.0000000000000000     
   60.500000000000000        0.0000000000000000     
   60.625000000000000        0.0000000000000000     
   60.750000000000000        0.0000000000000000     
   60.875000000000000        0.0000000000000000     
   61.000000000000000        0.0000000000000000     
   61.125000000000000        0.0000000000000000     
   61.250000000000000        0.0000000000000000     
   61.375000000000000        0.0000000000000000     
   61.500000000000000        0.0000000000000000     
   61.625000000000000        0.0000000000000000     
   61.750000000000000        0.0000000000000000     
   61.875000000000000        0.0000000000000000     
   62.000000000000000        0.0000000000000000     
   62.125000000000000        0.0000000000000000     
   62.250000000000000        0.0000000000000000     
   62.375000000000000        0.0000000000000000     
   62.500000000000000        0.0000000000000000     
   62.625000000000000        0.0000000000000000     
   62.750000000000000        0.0000000000000000     
   62.875000000000000        0.0000000000000000     
   63.000000000000000        0.0000000000000000     
   63.125000000000000        0.0000000000000000     
   63.250000000000000        0.0000000000000000     
   63.375000000000000        0.0000000000000000     
   63.500000000000000        0.0000000000000000     
   63.625000000000000        0.0000000000000000     
   63.750000000000000        0.0000000000000000     
   63.875000000000000        0.0000000000000000     
   64.000000000000000        0.0000000000000000     
   64.125000000000000        0.0000000000000000     
   64.250000000000000        0.0000000000000000     
   64.375000000000000        0.0000000000000000     
   64.500000000000000        0.0000000000000000     
   64.625000000000000        0.0000000000000000     
   64.750000000000000        0.0000000000000000     
   64.875000000000000        0.0000000000000000     
   65.000000000000000        0.0000000000000000     
   65.125000000000000        0.0000000000000000     
   65.250000000000000        0.0000000000000000     
   65.375000000000000        0.0000000000000000     
   65.500000000000000        0.0000000000000000     
   65.625000000000000        0.0000000000000000     
   65.750000000000000        0.0000000000000000     
   65.875000000000000        0.0000000000000000     
   66.000000000000000        0.0000000000000000     
   66.125000000000000        0.0000000000000000     
   66.250000000000000        0.0000000000000000     
   66.375000000000000        0.0000000000000000     
   66.500000000000000        0.0000000000000000     
   66.625000000000000        0.0000000000000000     
   66.750000000000000        0.0000000000000000     
   66.875000000000000        0.0000000000000000     
   67.000000000000000        0.0000000000000000     
   67.125000000000000        0.0000000000000000     
   67.250000000000000        0.0000000000000000     
   67.375000000000000        0.0000000000000000     
   67.500000000000000        0.0000000000000000     
   67.625000000000000        0.0000000000000000     
   67.750000000000000        0.0000000000000000     
   67.875000000000000        0.0000000000000000     
   68.000000000000000        0.0000000000000000     
   68.125000000000000        0.0000000000000000     
   68.250000000000000        0.0000000000000000     
   68.375000000000000        0.0000000000000000     
   68.500000000000000        0.0000000000000000     
   68.625000000000000        0.0000000000000000     
   68.750000000000000        0.0000000000000000     
   68.875000000000000        0.0000000000000000     
   69.000000000000000        0.0000000000000000     
   69.125000000000000        0.0000000000000000     
   69.250000000000000        0.0000000000000000     
   69.375000000000000        0.0000000000000000     
   69.500000000000000        0.0000000000000000     
   69.625000000000000        0.0000000000000000     
   69.750000000000000        0.0000000000000000     
   69.875000000000000        0.0000000000000000     
   70.000000000000000        0.0000000000000000     
   70.125000000000000        0.0000000000000000     
   70.250000000000000        0.0000000000000000     
   70.375000000000000        0.0000000000000000     
   70.500000000000000        0.0000000000000000     
   70.625000000000000        0.0000000000000000     
   70.750000000000000        0.0000000000000000     
   70.875000000000000        0.0000000000000000     
   71.000000000000000        0.0000000000000000     
   71.125000000000000        0.0000000000000000     
   71.250000000000000        0.0000000000000000     
   71.375000000000000        0.0000000000000000     
   71.500000000000000        0.0000000000000000     
   71.625000000000000        0.0000000000000000     
   71.750000000000000        0.0000000000000000     
   71.875000000000000        0.0000000000000000     
   72.000000000000000        0.0000000000000000     
   72.125000000000000        0.0000000000000000     
   72.250000000000000        0.0000000000000000     
   72.375000000000000        0.0000000000000000     
   72.500000000000000        0.0000000000000000     
   72.625000000000000        0.0000000000000000     
   72.750000000000000        0.0000000000000000     
   72.875000000000000        0.0000000000000000     
   73.000000000000000        0.0000000000000000     
   73.125000000000000        0.0000000000000000     
   73.250000000000000        0.0000000000000000     
   73.375000000000000        0.0000000000000000     
   73.500000000000000        0.0000000000000000     
   73.625000000000000        0.0000000000000000     
   73.750000000000000        0.0000000000000000     
   73.875000000000000        0.0000000000000000     
   74.000000000000000        0.0000000000000000     
   74.125000000000000        0.0000000000000000     
   74.250000000000000        0.0000000000000000     
   74.375000000000000        0.0000000000000000     
   74.500000000000000        0.0000000000000000     
   74.625000000000000        0.0000000000000000     
   74.750000000000000        0.0000000000000000     
   74.875000000000000        0.0000000000000000     
   75.000000000000000        0.0000000000000000     
   75.125000000000000        0.0000000000000000     
   75.250000000000000        0.0000000000000000     
   75.375000000000000        0.0000000000000000     
   75.500000000000000        0.0000000000000000     
   75.625000000000000        0.0000000000000000     
   75.750000000000000        0.0000000000000000     
   75.875000000000000        0.0000000000000000     
   76.000000000000000        0.0000000000000000     
   76.125000000000000        0.0000000000000000     
   76.250000000000000        0.0000000000000000     
   76.375000000000000        0.0000000000000000     
   76.500000000000000        0.0000000000000000     
   76.625000000000000        0.0000000000000000     
   76.750000000000000        0.0000000000000000     
   76.875000000000000        0.0000000000000000     
   77.000000000000000        0.0000000000000000     
   77.125000000000000        0.0000000000000000     
   77.250000000000000        0.0000000000000000     
   77.375000000000000        0.0000000000000000     
   77.500000000000000        0.0000000000000000     
   77.625000000000000        0.0000000000000000     
   77.750000000000000        0.0000000000000000     
   77.875000000000000        0.0000000000000000     
   78.000000000000000        0.0000000000000000     
   78.125000000000000        0.0000000000000000     
   78.250000000000000        0.0000000000000000     
   78.375000000000000        0.0000000000000000     
   78.500000000000000        0.0000000000000000     
   78.625000000000000        0.0000000000000000     
   78.750000000000000        0.0000000000000000     
   78.875000000000000        0.0000000000000000     
   79.000000000000000        0.0000000000000000     
   79.125000000000000        0.0000000000000000     
   79.250000000000000        0.0000000000000000     
   79.375000000000000        0.0000000000000000     
   79.500000000000000        0.0000000000000000     
   79.625000000000000        0.0000000000000000     
   79.750000000000000        0.0000000000000000     
   79.875000000000000        0.0000000000000000     
   80.000000000000000        0.0000000000000000     
   80.125000000000000        0.0000000000000000     
   80.250000000000000        0.0000000000000000     
   80.375000000000000        0.0000000000000000     
   80.500000000000000        0.0000000000000000     
   80.625000000000000        0.0000000000000000     
   80.750000000000000        0.0000000000000000     
   80.875000000000000        0.0000000000000000     
   81.000000000000000        0.0000000000000000     
   81.125000000000000        0.0000000000000000     
   81.250000000000000        0.0000000000000000     
   81.375000000000000        0.0000000000000000     
   81.500000000000000        0.0000000000000000     
   81.625000000000000        0.0000000000000000     
   81.750000000000000        0.0000000000000000     
   81.875000000000000        0.0000000000000000     
   82.000000000000000        0.0000000000000000     
   82.125000000000000        0.0000000000000000     
   82.250000000000000        0.0000000000000000     
   82.375000000000000        0.0000000000000000     
   82.500000000000000        0.0000000000000000     
   82.625000000000000        0.0000000000000000     
   82.750000000000000        0.0000000000000000     
   82.875000000000000        0.0000000000000000     
   83.000000000000000        0.0000000000000000     
   83.125000000000000        0.0000000000000000     
   83.250000000000000        0.0000000000000000     
   83.375000000000000        0.0000000000000000     
   83.500000000000000        0.0000000000000000     
   83.625000000000000        0.0000000000000000     
   83.750000000000000        0.0000000000000000     
   83.875000000000000        0.0000000000000000     
   84.000000000000000        0.0000000000000000     
   84.125000000000000        0.0000000000000000     
   84.250000000000000        0.0000000000000000     
   84.375000000000000        0.0000000000000000     
   84.500000000000000        0.0000000000000000     
   84.625000000000000        0.0000000000000000     
   84.750000000000000        0.0000000000000000     
   84.875000000000000        0.0000000000000000     
   85.000000000000000        0.0000000000000000     
   85.125000000000000        0.0000000000000000     
   85.250000000000000        0.0000000000000000     
   85.375000000000000        0.0000000000000000     
   85.500000000000000        0.0000000000000000     
   85.625000000000000        0.0000000000000000     
   85.750000000000000        0.0000000000000000     
   85.875000000000000        0.0000000000000000     
   86.000000000000000        0.0000000000000000     
   86.125000000000000        0.0000000000000000     
   86.250000000000000        0.0000000000000000     
   86.375000000000000        0.0000000000000000     
   86.500000000000000        0.0000000000000000     
   86.625000000000000        0.0000000000000000     
   86.750000000000000        0.0000000000000000     
   86.875000000000000        0.0000000000000000     
   87.000000000000000        0.0000000000000000     
   87.125000000000000        0.0000000000000000     
   87.250000000000000        0.0000000000000000     
   87.375000000000000        0.0000000000000000     
   87.500000000000000        0.0000000000000000     
   87.625000000000000        0.0000000000000000     
   87.750000000000000        0.0000000000000000     
   87.875000000000000        0.0000000000000000     
   88.000000000000000        0.0000000000000000     
   88.125000000000000        0.0000000000000000     
   88.250000000000000        0.0000000000000000     
   88.375000000000000        0.0000000000000000     
   88.500000000000000        0.0000000000000000     
   88.625000000000000        0.0000000000000000     
   88.750000000000000        0.0000000000000000     
   88.875000000000000        0.0000000000000000     
   89.000000000000000        0.0000000000000000     
   89.125000000000000        0.0000000000000000     
   89.250000000000000        0.0000000000000000     
   89.375000000000000        0.0000000000000000     
   89.500000000000000        0.0000000000000000     
