  -10.500000000000000        0.0000000000000000     
  -10.375000000000000       7.89714582438884050E-005
  -10.250000000000000      -2.54117949080635208E-005
  -10.125000000000000      -3.70938824668860901E-005
  -10.000000000000000       7.02906074223428112E-008
  -9.8750000000000000       3.63539384342517912E-005
  -9.7500000000000000      -2.90831439456588450E-005
  -9.6250000000000000       3.99812804789713021E-005
  -9.5000000000000000      -1.97528092397790316E-005
  -9.3750000000000000      -1.83763822566546793E-005
  -9.2500000000000000      -4.23536750861233885E-005
  -9.1250000000000000       5.86178593752737810E-005
  -9.0000000000000000       4.92243775101795718E-005
  -8.8750000000000000      -6.61625579368989872E-007
  -8.7500000000000000      -9.63594257510022871E-005
  -8.6250000000000000      -4.63644467494643659E-005
  -8.5000000000000000       8.54335538580261266E-005
  -8.3750000000000000       4.97913176703672976E-005
  -8.2500000000000000       2.56592246985833951E-006
  -8.1250000000000000      -2.71675212914008801E-005
  -8.0000000000000000      -5.87125151402917683E-005
  -7.8750000000000000      -2.16945383934091053E-005
  -7.7500000000000000       1.20039847738257421E-004
  -7.6250000000000000       3.91515499464312270E-005
  -7.5000000000000000      -1.41061270004678172E-004
  -7.3750000000000000      -1.35612311213275923E-004
  -7.2500000000000000      -8.84689968273882731E-005
  -7.1250000000000000      -2.04356457375823867E-005
  -7.0000000000000000       2.79009207643803232E-004
  -6.8750000000000000       4.14065206520876491E-004
  -6.7500000000000000       4.27316919423022267E-004
  -6.6250000000000000       4.05769871841603900E-004
  -6.5000000000000000       4.10954431850488742E-004
  -6.3750000000000000       3.58248465733799430E-004
  -6.2500000000000000       4.65664744890307875E-004
  -6.1250000000000000       5.03813527188310783E-004
  -6.0000000000000000       6.84005662207246403E-004
  -5.8750000000000000       9.18714104717966340E-004
  -5.7500000000000000       1.37077946856559336E-003
  -5.6250000000000000       1.88357391713716172E-003
  -5.5000000000000000       2.55495515468799877E-003
  -5.3750000000000000       3.20926641464418976E-003
  -5.2500000000000000       3.78839962920857025E-003
  -5.1250000000000000       4.35334130036601607E-003
  -5.0000000000000000       4.86678151953890033E-003
  -4.8750000000000000       5.46744329208260441E-003
  -4.7500000000000000       5.92219110495613345E-003
  -4.6250000000000000       6.65614799058029082E-003
  -4.5000000000000000       7.21947737756359863E-003
  -4.3750000000000000       7.91560094128150420E-003
  -4.2500000000000000       8.75846703966182659E-003
  -4.1250000000000000       9.49975322868798835E-003
  -4.0000000000000000       1.03902796871729770E-002
  -3.8750000000000000       1.13560915918936370E-002
  -3.7500000000000000       1.23064391014695747E-002
  -3.6250000000000000       1.33798815146604928E-002
  -3.5000000000000000       1.43520951631218342E-002
  -3.3750000000000000       1.52475201410842229E-002
  -3.2500000000000000       1.62673643472650009E-002
  -3.1250000000000000       1.71689895465615659E-002
  -3.0000000000000000       1.81559706864283105E-002
  -2.8750000000000000       1.91224726244857111E-002
  -2.7500000000000000       2.00064954543722091E-002
  -2.6250000000000000       2.10438650142370405E-002
  -2.5000000000000000       2.20881553245001611E-002
  -2.3750000000000000       2.31488890005467143E-002
  -2.2500000000000000       2.42365250061717594E-002
  -2.1250000000000000       2.52594823680395743E-002
  -2.0000000000000000       2.64185688865067082E-002
  -1.8750000000000000       2.76027271912225487E-002
  -1.7500000000000000       2.87379285319412682E-002
  -1.6250000000000000       2.98863048373217907E-002
  -1.5000000000000000       3.09463940743060807E-002
  -1.3750000000000000       3.21604229487990959E-002
  -1.2500000000000000       3.33801384209045163E-002
  -1.1250000000000000       3.44937089388160853E-002
  -1.0000000000000000       3.56192974672832965E-002
 -0.87500000000000000       3.67037379589683840E-002
 -0.75000000000000000       3.79060834761820106E-002
 -0.62500000000000000       3.90905039645664462E-002
 -0.50000000000000000       4.01557993662644830E-002
 -0.37500000000000000       4.13312904998785965E-002
 -0.25000000000000000       4.25736412454823729E-002
 -0.12500000000000000       4.37751695014714989E-002
   0.0000000000000000       4.49183842980810932E-002
  0.12500000000000000       4.59955743743826612E-002
  0.25000000000000000       4.72294083538759846E-002
  0.37500000000000000       4.83285976972910869E-002
  0.50000000000000000       4.95171222201068531E-002
  0.62500000000000000       5.06930245615462918E-002
  0.75000000000000000       5.18994035440369997E-002
  0.87500000000000000       5.31587383538650801E-002
   1.0000000000000000       5.43227361885461821E-002
   1.1250000000000000       5.54564450815880697E-002
   1.2500000000000000       5.65528278077310903E-002
   1.3750000000000000       5.78277018134522175E-002
   1.5000000000000000       5.89558875893429965E-002
   1.6250000000000000       6.01264854748382038E-002
   1.7500000000000000       6.14089347649192860E-002
   1.8750000000000000       6.25024687347635749E-002
   2.0000000000000000       6.34692901803254189E-002
   2.1250000000000000       6.46449192306749187E-002
   2.2500000000000000       6.55108547219379195E-002
   2.3750000000000000       6.66035171430608280E-002
   2.5000000000000000       6.77556191869408964E-002
   2.6250000000000000       6.88464493723829618E-002
   2.7500000000000000       6.99406673916985189E-002
   2.8750000000000000       7.10389223940960934E-002
   3.0000000000000000       7.20228972326347472E-002
   3.1250000000000000       7.30709912614877638E-002
   3.2500000000000000       7.42442646847502330E-002
   3.3750000000000000       7.53748533400386972E-002
   3.5000000000000000       7.65571718037858229E-002
   3.6250000000000000       7.75604661396317591E-002
   3.7500000000000000       7.84540649788943445E-002
   3.8750000000000000       7.92121896005012482E-002
   4.0000000000000000       8.01213444147053228E-002
   4.1250000000000000       8.09921530602219358E-002
   4.2500000000000000       8.19112569918072075E-002
   4.3750000000000000       8.26755678281702461E-002
   4.5000000000000000       8.33499999764365507E-002
   4.6250000000000000       8.41010911703421044E-002
   4.7500000000000000       8.50878768855991702E-002
   4.8750000000000000       8.60994050199539590E-002
   5.0000000000000000       8.69651737579436035E-002
   5.1250000000000000       8.77984514552257872E-002
   5.2500000000000000       8.86611883559256103E-002
   5.3750000000000000       8.93498431463490839E-002
   5.5000000000000000       9.00439043546223949E-002
   5.6250000000000000       9.06591220117803770E-002
   5.7500000000000000       9.10316398796326282E-002
   5.8750000000000000       9.13723991334775693E-002
   6.0000000000000000       9.16788332776736076E-002
   6.1250000000000000       9.21667596345008000E-002
   6.2500000000000000       9.26631025025528438E-002
   6.3750000000000000       9.30455087632005018E-002
   6.5000000000000000       9.35628268460925588E-002
   6.6250000000000000       9.43341586820482109E-002
   6.7500000000000000       9.47271545986010655E-002
   6.8750000000000000       9.48284536477538159E-002
   7.0000000000000000       9.50737894416171236E-002
   7.1250000000000000       9.50288377998541323E-002
   7.2500000000000000       9.46040037629860830E-002
   7.3750000000000000       9.42682970762838829E-002
   7.5000000000000000       9.42737949194958902E-002
   7.6250000000000000       9.41481565446929403E-002
   7.7500000000000000       9.41016310943718487E-002
   7.8750000000000000       9.41305105730133457E-002
   8.0000000000000000       9.40182413105250664E-002
   8.1250000000000000       9.32519901218708536E-002
   8.2500000000000000       9.22236538626548391E-002
   8.3750000000000000       9.13105279239780354E-002
   8.5000000000000000       9.04118444911712477E-002
   8.6250000000000000       8.93567847872046017E-002
   8.7500000000000000       8.85016306516498708E-002
   8.8750000000000000       8.74473755423955529E-002
   9.0000000000000000       8.58740403626638976E-002
   9.1250000000000000       8.41464082970771465E-002
   9.2500000000000000       8.25334774280049588E-002
   9.3750000000000000       8.02964042424935270E-002
   9.5000000000000000       7.77417982976982003E-002
   9.6250000000000000       7.54205305725445252E-002
   9.7500000000000000       7.31446543008579392E-002
   9.8750000000000000       7.03821863797668701E-002
   10.000000000000000       6.70912620962948181E-002
   10.125000000000000       6.32559637712537121E-002
   10.250000000000000       5.94098063704386961E-002
   10.375000000000000       5.58671409728872387E-002
   10.500000000000000       5.23833897653888242E-002
   10.625000000000000       4.85099902947200637E-002
   10.750000000000000       4.41318247937215608E-002
   10.875000000000000       3.96385922686549388E-002
   11.000000000000000       3.55837489520309386E-002
   11.125000000000000       3.20758677321047181E-002
   11.250000000000000       2.89991860972366663E-002
   11.375000000000000       2.59663413067108412E-002
   11.500000000000000       2.27119390842012436E-002
   11.625000000000000       1.94726189254001668E-002
   11.750000000000000       1.65364828922012416E-002
   11.875000000000000       1.41063710314875117E-002
   12.000000000000000       1.22933297965823578E-002
   12.125000000000000       1.09146283893008407E-002
   12.250000000000000       9.41467031628041330E-003
   12.375000000000000       7.92169983197464449E-003
   12.500000000000000       6.49086739565201201E-003
   12.625000000000000       5.16851880124192045E-003
   12.750000000000000       4.04328537761688804E-003
   12.875000000000000       3.07681615817478014E-003
   13.000000000000000       2.25333698820025328E-003
   13.125000000000000       1.72749810000326874E-003
   13.250000000000000       1.49983846006544112E-003
   13.375000000000000       1.23327465228642531E-003
   13.500000000000000       1.01973349969935469E-003
   13.625000000000000       7.48810787955347056E-004
   13.750000000000000       4.08724301205748940E-004
   13.875000000000000       2.36846848640506150E-004
   14.000000000000000       2.19371594935741186E-004
   14.125000000000000       3.05186269171161477E-004
   14.250000000000000       4.23512840354098069E-004
   14.375000000000000       4.78270231072957738E-004
   14.500000000000000       4.31349781703606447E-004
   14.625000000000000       4.20411565650346045E-004
   14.750000000000000       4.09525591243171440E-004
   14.875000000000000       3.87234938534444632E-004
   15.000000000000000       4.34497677936526738E-004
   15.125000000000000       4.97805205994332521E-004
   15.250000000000000       6.46204114439341733E-004
   15.375000000000000       9.34481020954140034E-004
   15.500000000000000       1.41838188779501765E-003
   15.625000000000000       2.00821208072647335E-003
   15.750000000000000       2.60229840848288799E-003
   15.875000000000000       3.26203707493178232E-003
   16.000000000000000       3.81690986580284029E-003
   16.125000000000000       4.33641981788184406E-003
   16.250000000000000       4.93162562155060463E-003
   16.375000000000000       5.43924016706692597E-003
   16.500000000000000       6.00581039058025075E-003
   16.625000000000000       6.63390319602516400E-003
   16.750000000000000       7.26699285201351779E-003
   16.875000000000000       8.01841359109920979E-003
   17.000000000000000       8.74684888926277083E-003
   17.125000000000000       9.54005275798833034E-003
   17.250000000000000       1.04851025399623383E-002
   17.375000000000000       1.14369388918915994E-002
   17.500000000000000       1.24537020472685663E-002
   17.625000000000000       1.34380386308523541E-002
   17.750000000000000       1.43602056219341145E-002
   17.875000000000000       1.53564067837319781E-002
   18.000000000000000       1.63293933810986502E-002
   18.125000000000000       1.72778227692282106E-002
   18.250000000000000       1.82047485188043777E-002
   18.375000000000000       1.91105538328874003E-002
   18.500000000000000       2.01269700748133024E-002
   18.625000000000000       2.11685691941619902E-002
   18.750000000000000       2.21834507003014943E-002
   18.875000000000000       2.32157422164855805E-002
   19.000000000000000       2.42564761699456816E-002
   19.125000000000000       2.54136700758840865E-002
   19.250000000000000       2.66043156037364843E-002
   19.375000000000000       2.76890031489257331E-002
   19.500000000000000       2.87867078579081108E-002
   19.625000000000000       2.99410795855386234E-002
   19.750000000000000       3.11449733488257871E-002
   19.875000000000000       3.23461047591471276E-002
   20.000000000000000       3.34317354248571605E-002
   20.125000000000000       3.45445611096691294E-002
   20.250000000000000       3.57603358879482539E-002
   20.375000000000000       3.69045537797018097E-002
   20.500000000000000       3.79827807829220890E-002
   20.625000000000000       3.91175342065320994E-002
   20.750000000000000       4.03291163963906338E-002
   20.875000000000000       4.15493545732569872E-002
   21.000000000000000       4.27034967421626235E-002
   21.125000000000000       4.38568647929887673E-002
   21.250000000000000       4.50399393165291442E-002
   21.375000000000000       4.61772668321295959E-002
   21.500000000000000       4.73132563758972488E-002
   21.625000000000000       4.84685078245080184E-002
   21.750000000000000       4.96311472428528563E-002
   21.875000000000000       5.08919989869929118E-002
   22.000000000000000       5.21400771360096549E-002
   22.125000000000000       5.32484970797813678E-002
   22.250000000000000       5.44138874851781418E-002
   22.375000000000000       5.56306555699431354E-002
   22.500000000000000       5.67270266044629240E-002
   22.625000000000000       5.79041115811053386E-002
   22.750000000000000       5.92087336040072812E-002
   22.875000000000000       6.03746434141874608E-002
   23.000000000000000       6.14946523162908654E-002
   23.125000000000000       6.26574400679516669E-002
   23.250000000000000       6.36504572009756464E-002
   23.375000000000000       6.46066893127355407E-002
   23.500000000000000       6.57249583126848086E-002
   23.625000000000000       6.68214300593581306E-002
   23.750000000000000       6.79006194659725337E-002
   23.875000000000000       6.90620739416872714E-002
   24.000000000000000       7.01111966959791499E-002
   24.125000000000000       7.10773017315382283E-002
   24.250000000000000       7.21654857576653347E-002
   24.375000000000000       7.32952567689841433E-002
   24.500000000000000       7.44514045859616530E-002
   24.625000000000000       7.56752276530330420E-002
   24.750000000000000       7.67433250468279732E-002
   24.875000000000000       7.76137688188042879E-002
   25.000000000000000       7.84916282862163639E-002
   25.125000000000000       7.93864588207712635E-002
   25.250000000000000       8.02945261089821199E-002
   25.375000000000000       8.12323441821833636E-002
   25.500000000000000       8.20074307865481661E-002
   25.625000000000000       8.26353103663806238E-002
   25.750000000000000       8.34214430558787162E-002
   25.875000000000000       8.43810974165203342E-002
   26.000000000000000       8.53217771105336947E-002
   26.125000000000000       8.62289888523356252E-002
   26.250000000000000       8.71200903441531338E-002
   26.375000000000000       8.79665126352576487E-002
   26.500000000000000       8.87769887020776888E-002
   26.625000000000000       8.95241613929717156E-002
   26.750000000000000       9.01761973441328191E-002
   26.875000000000000       9.06996441814301585E-002
   27.000000000000000       9.10361636250135442E-002
   27.125000000000000       9.13375725429661084E-002
   27.250000000000000       9.18188339834452860E-002
   27.375000000000000       9.23020484505520794E-002
   27.500000000000000       9.26292526577268821E-002
   27.625000000000000       9.31331302980708542E-002
   27.750000000000000       9.38953756250267141E-002
   27.875000000000000       9.44298712331658879E-002
   28.000000000000000       9.46597089877824344E-002
   28.125000000000000       9.49529510684158917E-002
   28.250000000000000       9.51254814196758336E-002
   28.375000000000000       9.48240576861607842E-002
   28.500000000000000       9.44312474179788280E-002
   28.625000000000000       9.43403234052742207E-002
   28.750000000000000       9.42685537938664081E-002
   28.875000000000000       9.41093967299401757E-002
   29.000000000000000       9.41807930314089575E-002
   29.125000000000000       9.42734082287036285E-002
   29.250000000000000       9.38313175645073688E-002
   29.375000000000000       9.29643594430972359E-002
   29.500000000000000       9.20877556133194303E-002
   29.625000000000000       9.11629171730902049E-002
   29.750000000000000       9.01527504246140282E-002
   29.875000000000000       8.92858934764255291E-002
   30.000000000000000       8.84128172422053299E-002
   30.125000000000000       8.71287074269092437E-002
   30.250000000000000       8.55479905298614229E-002
   30.375000000000000       8.39720862227727183E-002
   30.500000000000000       8.21634739111634371E-002
   30.625000000000000       7.98441079660608538E-002
   30.750000000000000       7.73558592340507362E-002
   30.875000000000000       7.50888727983020088E-002
   31.000000000000000       7.27917363068464746E-002
   31.125000000000000       6.99556091442430222E-002
   31.250000000000000       6.64782565454406227E-002
   31.375000000000000       6.26794221532410434E-002
   31.500000000000000       5.89459612425492427E-002
   31.625000000000000       5.54384554254451836E-002
   31.750000000000000       5.19353809199948474E-002
   31.875000000000000       4.80188192538331948E-002
   32.000000000000000       4.35924945681266246E-002
   32.125000000000000       3.91116874007583978E-002
   32.250000000000000       3.51510484801328474E-002
   32.375000000000000       3.18398956008785622E-002
   32.500000000000000       2.88186245162938837E-002
   32.625000000000000       2.56773284023159437E-002
   32.750000000000000       2.23524022707838124E-002
   32.875000000000000       1.91208439021555397E-002
   33.000000000000000       1.63100029627957221E-002
   33.125000000000000       1.40563349221388672E-002
   33.250000000000000       1.22713749784838354E-002
   33.375000000000000       1.07508751641525267E-002
   33.500000000000000       9.30797837175731217E-003
   33.625000000000000       7.85551244095411029E-003
   33.750000000000000       6.41512653081562339E-003
   33.875000000000000       5.07161290405417232E-003
   34.000000000000000       3.91231993123379151E-003
   34.125000000000000       2.98587240263792309E-003
   34.250000000000000       2.29162131155129928E-003
   34.375000000000000       1.79189466168000510E-003
   34.500000000000000       1.43290515555417148E-003
   34.625000000000000       1.16332240420693751E-003
   34.750000000000000       9.45247499996013964E-004
   34.875000000000000       7.57052695956029814E-004
   35.000000000000000       5.90399102389970116E-004
   35.125000000000000       4.44744678392862511E-004
   35.250000000000000       3.22156264372812525E-004
   35.375000000000000       2.23941004564996211E-004
   35.500000000000000       1.49313913744943626E-004
   35.625000000000000       9.55290362314923882E-005
   35.750000000000000       5.86957738106934525E-005
   35.875000000000000       3.46716787544389395E-005
   36.000000000000000       1.97121029762763880E-005
   36.125000000000000       1.07988219662348197E-005
   36.250000000000000       5.70671956441887575E-006
   36.375000000000000       2.91221590380188908E-006
   36.500000000000000       1.43655879988993419E-006
   36.625000000000000       6.85641182130120397E-007
   36.750000000000000       3.16905755069158020E-007
   36.875000000000000       1.41966314173068250E-007
   37.000000000000000       6.16881758461598307E-008
   37.125000000000000       2.60194480169558792E-008
   37.250000000000000       1.06603588328891720E-008
   37.375000000000000       4.24524319873731614E-009
   37.500000000000000       1.64419164542432222E-009
   37.625000000000000       6.19680006538506718E-010
   37.750000000000000       2.27393980875662314E-010
   37.875000000000000       8.12838794368722605E-011
   38.000000000000000       2.83170974698990109E-011
   38.125000000000000       9.61844938163608768E-012
   38.250000000000000       3.18680672365823626E-012
   38.375000000000000       1.03032203743280507E-012
   38.500000000000000       3.25176989590501656E-013
   38.625000000000000       1.00219092916789923E-013
   38.750000000000000       3.01724940360634876E-014
   38.875000000000000       8.87647973785070456E-015
   39.000000000000000       2.55253006269150355E-015
   39.125000000000000       7.17673145758878186E-016
   39.250000000000000       1.97345541355080987E-016
   39.375000000000000       5.30867398925334343E-017
   39.500000000000000       1.39736814399920416E-017
   39.625000000000000       3.60001682922663270E-018
   39.750000000000000       9.07956885604223974E-019
   39.875000000000000       2.24226283412882840E-019
   40.000000000000000       5.42322660928647997E-020
   40.125000000000000       1.28488498355412713E-020
   40.250000000000000       2.98254871786494022E-021
   40.375000000000000       6.78430782543737002E-022
   40.500000000000000       1.51249079172824188E-022
   40.625000000000000       3.30537213962119700E-023
   40.750000000000000       7.08201017990085160E-024
   40.875000000000000       1.48787508342245314E-024
   41.000000000000000       3.06557886486446821E-025
   41.125000000000000       6.19518496588895502E-026
   41.250000000000000       1.22814292179747593E-026
   41.375000000000000       2.38864168618054857E-027
   41.500000000000000       4.55840407791921920E-028
   41.625000000000000       8.53658809034201758E-029
   41.750000000000000       1.56896522382257942E-029
   41.875000000000000       2.83038481259912409E-030
   42.000000000000000       5.01215502773327020E-031
   42.125000000000000       8.71348848602760288E-032
   42.250000000000000       1.48726381717565415E-032
   42.375000000000000       2.49258716249961042E-033
   42.500000000000000       4.10218582964950674E-034
   42.625000000000000       6.63006027874796777E-035
   42.750000000000000       1.05242141100933777E-035
   42.875000000000000       1.64082852694417147E-036
   43.000000000000000       2.51285690108438356E-037
   43.125000000000000       3.78034596766047342E-038
   43.250000000000000       5.58703356420734176E-039
   43.375000000000000       8.11226687211279812E-040
   43.500000000000000       1.15727949749576976E-040
   43.625000000000000       1.62215317373614837E-041
   43.750000000000000       2.23421097265052302E-042
   43.875000000000000       3.02381383567993133E-043
   44.000000000000000       4.02163832668366471E-044
   44.125000000000000       5.25636290581686491E-045
   44.250000000000000       6.75177681439024056E-046
   44.375000000000000       8.52346210696552235E-047
   44.500000000000000       1.05753031775208768E-047
   44.625000000000000       1.28961740376637960E-048
   44.750000000000000       1.54572231137175755E-049
   44.875000000000000       1.82101998150734162E-050
   45.000000000000000       2.10872316057758729E-051
   45.125000000000000       2.40023573347429497E-052
   45.250000000000000       2.68549553753941992E-053
   45.375000000000000       2.95349890966487378E-054
   45.500000000000000       3.19297540887422296E-055
   45.625000000000000       3.39315861297588488E-056
   45.750000000000000       3.54458132463563832E-057
   45.875000000000000       3.63981421494000946E-058
   46.000000000000000       3.67406805051149862E-059
   46.125000000000000       3.64559175218531127E-060
   46.250000000000000       3.55582035080839903E-061
   46.375000000000000       3.40925548230912053E-062
   46.500000000000000       3.21309223759753505E-063
   46.625000000000000       2.97663531989711436E-064
   46.750000000000000       2.71057029340371356E-065
   46.875000000000000       2.42616908577826542E-066
   47.000000000000000       2.13451133275925282E-067
   47.125000000000000       1.84579496077424336E-068
   47.250000000000000       1.56879259046009829E-069
   47.375000000000000       1.31048809663353619E-070
   47.500000000000000       1.07590369566953400E-071
   47.625000000000000       8.68105806386072592E-073
   47.750000000000000       6.88360459077355934E-074
   47.875000000000000       5.36397907715369659E-075
   48.000000000000000       4.10741799721485298E-076
   48.125000000000000       3.09060136579738363E-077
   48.250000000000000       2.28501872553476924E-078
   48.375000000000000       1.65992488289509074E-079
   48.500000000000000       1.18472352516507000E-080
   48.625000000000000       8.30715407132189852E-082
   48.750000000000000       5.72228796850746969E-083
   48.875000000000000       3.87207341448350178E-084
   49.000000000000000       2.57363422339817681E-085
   49.125000000000000       1.68016154733330813E-086
   49.250000000000000       1.07727478716798055E-087
   49.375000000000000       6.78331623232962687E-089
   49.500000000000000       4.19435525939052130E-090
   49.625000000000000       2.54660720186874486E-091
   49.750000000000000       1.51808770111730565E-092
   49.875000000000000       8.88449896931982666E-094
   50.000000000000000       5.10424700893655385E-095
   50.125000000000000       2.87841213644109480E-096
   50.250000000000000       1.59314417763167050E-097
   50.375000000000000       8.65355527269426391E-099
   50.500000000000000       4.61239298990311409E-100
   50.625000000000000       2.41214466988508951E-101
   50.750000000000000       1.23759048866909743E-102
   50.875000000000000       6.22868689867502962E-104
   51.000000000000000       3.07474696428080423E-105
   51.125000000000000       1.48854173717898049E-106
   51.250000000000000       7.06634345779090974E-108
   51.375000000000000       3.28890821183247739E-109
   51.500000000000000       1.50062101670253183E-110
   51.625000000000000       6.71103086391403888E-112
   51.750000000000000       2.94130924331365254E-113
   51.875000000000000       1.26315664666035582E-114
   52.000000000000000       5.31456935262963108E-116
   52.125000000000000       2.19028132176337337E-117
   52.250000000000000       8.84049370030130253E-119
   52.375000000000000       3.49396784891429853E-120
   52.500000000000000       1.35190142782065803E-121
   52.625000000000000       5.11999733323751697E-123
   52.750000000000000       1.89759977465708695E-124
   52.875000000000000       6.88110007898675631E-126
   53.000000000000000       2.44081091183955448E-127
   53.125000000000000       8.46709298678884832E-129
   53.250000000000000       2.87180857452226519E-130
   53.375000000000000       9.52117552144016087E-132
   53.500000000000000       3.08480890383212921E-133
   53.625000000000000       9.76456207555941920E-135
   53.750000000000000       3.01886416104229749E-136
   53.875000000000000       9.11329010021723673E-138
   54.000000000000000       2.68544923057463186E-139
   54.125000000000000       7.72205027967330493E-141
   54.250000000000000       2.16610858085930462E-142
   54.375000000000000       5.92531704647692651E-144
   54.500000000000000       1.58005461122687839E-145
   54.625000000000000       4.10582299060730609E-147
   54.750000000000000       1.03926705783894464E-148
   54.875000000000000       2.56139388462635637E-150
   55.000000000000000       6.14416774829687497E-152
   55.125000000000000       1.43381693890581728E-153
   55.250000000000000       3.25360935212083086E-155
   55.375000000000000       7.17571694827548683E-157
   55.500000000000000       1.53733968786939974E-158
   55.625000000000000       3.19774661768176846E-160
   55.750000000000000       6.45417407496977937E-162
   55.875000000000000       1.26327897954391529E-163
   56.000000000000000       2.39632198004507962E-165
   56.125000000000000       4.40238860204951529E-167
   56.250000000000000       7.82748575078020812E-169
   56.375000000000000       1.34592952839516059E-170
   56.500000000000000       2.23637362931522190E-172
   56.625000000000000       3.58775692961441646E-174
   56.750000000000000       5.55225801133031926E-176
   56.875000000000000       8.28075966356622630E-178
   57.000000000000000       1.18900215680023302E-179
   57.125000000000000       1.64185302776233119E-181
   57.250000000000000       2.17780181271530458E-183
   57.375000000000000       2.77134413699197442E-185
   57.500000000000000       3.37881362281504413E-187
   57.625000000000000       3.94100035851158756E-189
   57.750000000000000       4.39067574936298975E-191
   57.875000000000000       4.66437874080007860E-193
   58.000000000000000       4.71608365697103853E-195
   58.125000000000000       4.52903400176893920E-197
   58.250000000000000       4.12182379272622691E-199
   58.375000000000000       3.54613390024264105E-201
   58.500000000000000       2.87612084092714817E-203
   58.625000000000000       2.19236053060346521E-205
   58.750000000000000       1.56521239724275215E-207
   58.875000000000000       1.04255781160168311E-209
   59.000000000000000       6.45010659183284015E-212
   59.125000000000000       3.68774423674902563E-214
   59.250000000000000       1.93692628474150526E-216
   59.375000000000000       9.28123840508887605E-219
   59.500000000000000       4.02386772637838645E-221
   59.625000000000000       1.56267994756214415E-223
   59.750000000000000       5.36906059418749157E-226
   59.875000000000000       1.60656159018559616E-228
   60.000000000000000       4.10129171731175561E-231
   60.125000000000000       8.68444096240908082E-234
   60.250000000000000       1.46433464914631319E-236
   60.375000000000000       1.84329733060672996E-239
   60.500000000000000       1.53979352043287051E-242
   60.625000000000000       6.40192815244142374E-246
   60.750000000000000        0.0000000000000000     
   60.875000000000000        0.0000000000000000     
   61.000000000000000        0.0000000000000000     
   61.125000000000000        0.0000000000000000     
   61.250000000000000        0.0000000000000000     
   61.375000000000000        0.0000000000000000     
   61.500000000000000        0.0000000000000000     
   61.625000000000000        0.0000000000000000     
   61.750000000000000        0.0000000000000000     
   61.875000000000000        0.0000000000000000     
   62.000000000000000        0.0000000000000000     
   62.125000000000000        0.0000000000000000     
   62.250000000000000        0.0000000000000000     
   62.375000000000000        0.0000000000000000     
   62.500000000000000        0.0000000000000000     
   62.625000000000000        0.0000000000000000     
   62.750000000000000        0.0000000000000000     
   62.875000000000000        0.0000000000000000     
   63.000000000000000        0.0000000000000000     
   63.125000000000000        0.0000000000000000     
   63.250000000000000        0.0000000000000000     
   63.375000000000000        0.0000000000000000     
   63.500000000000000        0.0000000000000000     
   63.625000000000000        0.0000000000000000     
   63.750000000000000        0.0000000000000000     
   63.875000000000000        0.0000000000000000     
   64.000000000000000        0.0000000000000000     
   64.125000000000000        0.0000000000000000     
   64.250000000000000        0.0000000000000000     
   64.375000000000000        0.0000000000000000     
   64.500000000000000        0.0000000000000000     
   64.625000000000000        0.0000000000000000     
   64.750000000000000        0.0000000000000000     
   64.875000000000000        0.0000000000000000     
   65.000000000000000        0.0000000000000000     
   65.125000000000000        0.0000000000000000     
   65.250000000000000        0.0000000000000000     
   65.375000000000000        0.0000000000000000     
   65.500000000000000        0.0000000000000000     
   65.625000000000000        0.0000000000000000     
   65.750000000000000        0.0000000000000000     
   65.875000000000000        0.0000000000000000     
   66.000000000000000        0.0000000000000000     
   66.125000000000000        0.0000000000000000     
   66.250000000000000        0.0000000000000000     
   66.375000000000000        0.0000000000000000     
   66.500000000000000        0.0000000000000000     
   66.625000000000000        0.0000000000000000     
   66.750000000000000        0.0000000000000000     
   66.875000000000000        0.0000000000000000     
   67.000000000000000        0.0000000000000000     
   67.125000000000000        0.0000000000000000     
   67.250000000000000        0.0000000000000000     
   67.375000000000000        0.0000000000000000     
   67.500000000000000        0.0000000000000000     
   67.625000000000000        0.0000000000000000     
   67.750000000000000        0.0000000000000000     
   67.875000000000000        0.0000000000000000     
   68.000000000000000        0.0000000000000000     
   68.125000000000000        0.0000000000000000     
   68.250000000000000        0.0000000000000000     
   68.375000000000000        0.0000000000000000     
   68.500000000000000        0.0000000000000000     
   68.625000000000000        0.0000000000000000     
   68.750000000000000        0.0000000000000000     
   68.875000000000000        0.0000000000000000     
   69.000000000000000        0.0000000000000000     
   69.125000000000000        0.0000000000000000     
   69.250000000000000        0.0000000000000000     
   69.375000000000000        0.0000000000000000     
   69.500000000000000        0.0000000000000000     
   69.625000000000000        0.0000000000000000     
   69.750000000000000        0.0000000000000000     
   69.875000000000000        0.0000000000000000     
   70.000000000000000        0.0000000000000000     
   70.125000000000000        0.0000000000000000     
   70.250000000000000        0.0000000000000000     
   70.375000000000000        0.0000000000000000     
   70.500000000000000        0.0000000000000000     
   70.625000000000000        0.0000000000000000     
   70.750000000000000        0.0000000000000000     
   70.875000000000000        0.0000000000000000     
   71.000000000000000        0.0000000000000000     
   71.125000000000000        0.0000000000000000     
   71.250000000000000        0.0000000000000000     
   71.375000000000000        0.0000000000000000     
   71.500000000000000        0.0000000000000000     
   71.625000000000000        0.0000000000000000     
   71.750000000000000        0.0000000000000000     
   71.875000000000000        0.0000000000000000     
   72.000000000000000        0.0000000000000000     
   72.125000000000000        0.0000000000000000     
   72.250000000000000        0.0000000000000000     
   72.375000000000000        0.0000000000000000     
   72.500000000000000        0.0000000000000000     
   72.625000000000000        0.0000000000000000     
   72.750000000000000        0.0000000000000000     
   72.875000000000000        0.0000000000000000     
   73.000000000000000        0.0000000000000000     
   73.125000000000000        0.0000000000000000     
   73.250000000000000        0.0000000000000000     
   73.375000000000000        0.0000000000000000     
   73.500000000000000        0.0000000000000000     
   73.625000000000000        0.0000000000000000     
   73.750000000000000        0.0000000000000000     
   73.875000000000000        0.0000000000000000     
   74.000000000000000        0.0000000000000000     
   74.125000000000000        0.0000000000000000     
   74.250000000000000        0.0000000000000000     
   74.375000000000000        0.0000000000000000     
   74.500000000000000        0.0000000000000000     
   74.625000000000000        0.0000000000000000     
   74.750000000000000        0.0000000000000000     
   74.875000000000000        0.0000000000000000     
   75.000000000000000        0.0000000000000000     
   75.125000000000000        0.0000000000000000     
   75.250000000000000        0.0000000000000000     
   75.375000000000000        0.0000000000000000     
   75.500000000000000        0.0000000000000000     
   75.625000000000000        0.0000000000000000     
   75.750000000000000        0.0000000000000000     
   75.875000000000000        0.0000000000000000     
   76.000000000000000        0.0000000000000000     
   76.125000000000000        0.0000000000000000     
   76.250000000000000        0.0000000000000000     
   76.375000000000000        0.0000000000000000     
   76.500000000000000        0.0000000000000000     
   76.625000000000000        0.0000000000000000     
   76.750000000000000        0.0000000000000000     
   76.875000000000000        0.0000000000000000     
   77.000000000000000        0.0000000000000000     
   77.125000000000000        0.0000000000000000     
   77.250000000000000        0.0000000000000000     
   77.375000000000000        0.0000000000000000     
   77.500000000000000        0.0000000000000000     
   77.625000000000000        0.0000000000000000     
   77.750000000000000        0.0000000000000000     
   77.875000000000000        0.0000000000000000     
   78.000000000000000        0.0000000000000000     
   78.125000000000000        0.0000000000000000     
   78.250000000000000        0.0000000000000000     
   78.375000000000000        0.0000000000000000     
   78.500000000000000        0.0000000000000000     
   78.625000000000000        0.0000000000000000     
   78.750000000000000        0.0000000000000000     
   78.875000000000000        0.0000000000000000     
   79.000000000000000        0.0000000000000000     
   79.125000000000000        0.0000000000000000     
   79.250000000000000        0.0000000000000000     
   79.375000000000000        0.0000000000000000     
   79.500000000000000        0.0000000000000000     
   79.625000000000000        0.0000000000000000     
   79.750000000000000        0.0000000000000000     
   79.875000000000000        0.0000000000000000     
   80.000000000000000        0.0000000000000000     
   80.125000000000000        0.0000000000000000     
   80.250000000000000        0.0000000000000000     
   80.375000000000000        0.0000000000000000     
   80.500000000000000        0.0000000000000000     
   80.625000000000000        0.0000000000000000     
   80.750000000000000        0.0000000000000000     
   80.875000000000000        0.0000000000000000     
   81.000000000000000        0.0000000000000000     
   81.125000000000000        0.0000000000000000     
   81.250000000000000        0.0000000000000000     
   81.375000000000000        0.0000000000000000     
   81.500000000000000        0.0000000000000000     
   81.625000000000000        0.0000000000000000     
   81.750000000000000        0.0000000000000000     
   81.875000000000000        0.0000000000000000     
   82.000000000000000        0.0000000000000000     
   82.125000000000000        0.0000000000000000     
   82.250000000000000        0.0000000000000000     
   82.375000000000000        0.0000000000000000     
   82.500000000000000        0.0000000000000000     
   82.625000000000000        0.0000000000000000     
   82.750000000000000        0.0000000000000000     
   82.875000000000000        0.0000000000000000     
   83.000000000000000        0.0000000000000000     
   83.125000000000000        0.0000000000000000     
   83.250000000000000        0.0000000000000000     
   83.375000000000000        0.0000000000000000     
   83.500000000000000        0.0000000000000000     
   83.625000000000000        0.0000000000000000     
   83.750000000000000        0.0000000000000000     
   83.875000000000000        0.0000000000000000     
   84.000000000000000        0.0000000000000000     
   84.125000000000000        0.0000000000000000     
   84.250000000000000        0.0000000000000000     
   84.375000000000000        0.0000000000000000     
   84.500000000000000        0.0000000000000000     
   84.625000000000000        0.0000000000000000     
   84.750000000000000        0.0000000000000000     
   84.875000000000000        0.0000000000000000     
   85.000000000000000        0.0000000000000000     
   85.125000000000000        0.0000000000000000     
   85.250000000000000        0.0000000000000000     
   85.375000000000000        0.0000000000000000     
   85.500000000000000        0.0000000000000000     
   85.625000000000000        0.0000000000000000     
   85.750000000000000        0.0000000000000000     
   85.875000000000000        0.0000000000000000     
   86.000000000000000        0.0000000000000000     
   86.125000000000000        0.0000000000000000     
   86.250000000000000        0.0000000000000000     
   86.375000000000000        0.0000000000000000     
   86.500000000000000        0.0000000000000000     
   86.625000000000000        0.0000000000000000     
   86.750000000000000        0.0000000000000000     
   86.875000000000000        0.0000000000000000     
   87.000000000000000        0.0000000000000000     
   87.125000000000000        0.0000000000000000     
   87.250000000000000        0.0000000000000000     
   87.375000000000000        0.0000000000000000     
   87.500000000000000        0.0000000000000000     
   87.625000000000000        0.0000000000000000     
   87.750000000000000        0.0000000000000000     
   87.875000000000000        0.0000000000000000     
   88.000000000000000        0.0000000000000000     
   88.125000000000000        0.0000000000000000     
   88.250000000000000        0.0000000000000000     
   88.375000000000000        0.0000000000000000     
   88.500000000000000        0.0000000000000000     
   88.625000000000000        0.0000000000000000     
   88.750000000000000        0.0000000000000000     
   88.875000000000000        0.0000000000000000     
   89.000000000000000        0.0000000000000000     
   89.125000000000000        0.0000000000000000     
   89.250000000000000        0.0000000000000000     
   89.375000000000000        0.0000000000000000     
   89.500000000000000        0.0000000000000000     
