  -10.500000000000000        0.0000000000000000     
  -10.375000000000000      -1.08106318008078615E-005
  -10.250000000000000       1.63974356224845424E-005
  -10.125000000000000      -1.40623696327067111E-005
  -10.000000000000000       5.07073559904865322E-006
  -9.8750000000000000       5.75333518677986746E-006
  -9.7500000000000000      -1.21955807380248223E-005
  -9.6250000000000000       9.83860406519592798E-006
  -9.5000000000000000       1.33459258909676844E-006
  -9.3750000000000000      -1.62452836000849760E-005
  -9.2500000000000000       2.68136801243916595E-005
  -9.1250000000000000      -2.59485775968835262E-005
  -9.0000000000000000       1.17147472689606503E-005
  -8.8750000000000000       1.09443706640176768E-005
  -8.7500000000000000      -3.20069670544385535E-005
  -8.6250000000000000       4.14233435571127238E-005
  -8.5000000000000000      -3.44902944138083590E-005
  -8.3750000000000000       1.47385204028587352E-005
  -8.2500000000000000       7.98575082934841439E-006
  -8.1250000000000000      -2.30167322009089376E-005
  -8.0000000000000000       2.51439813488908074E-005
  -7.8750000000000000      -1.73184199755149353E-005
  -7.7500000000000000       8.39954955589060187E-006
  -7.6250000000000000      -6.84428503839143679E-006
  -7.5000000000000000       1.50223578466312633E-005
  -7.3750000000000000      -2.75622268269134173E-005
  -7.2500000000000000       3.55103364292086329E-005
  -7.1250000000000000      -3.28351120801031803E-005
  -7.0000000000000000       2.11546658188813873E-005
  -6.8750000000000000      -8.49282357061458421E-006
  -6.7500000000000000       3.46231765668429247E-006
  -6.6250000000000000      -8.48458715611916106E-006
  -6.5000000000000000       1.79003162442752074E-005
  -6.3750000000000000      -2.18690498198556589E-005
  -6.2500000000000000       1.39825280025762154E-005
  -6.1250000000000000       3.92202125579027879E-006
  -6.0000000000000000      -2.26767124768091426E-005
  -5.8750000000000000       3.25372666932408457E-005
  -5.7500000000000000      -2.97516439246975464E-005
  -5.6250000000000000       1.88324641443255860E-005
  -5.5000000000000000      -8.22229407521144805E-006
  -5.3750000000000000       4.04290611209143214E-006
  -5.2500000000000000      -6.06632150153034322E-006
  -5.1250000000000000       9.68131878449938555E-006
  -5.0000000000000000      -1.05563807934307149E-005
  -4.8750000000000000       8.59695399898696048E-006
  -4.7500000000000000      -6.92960447174455755E-006
  -4.6250000000000000       8.41875327583551986E-006
  -4.5000000000000000      -1.23461277858158542E-005
  -4.3750000000000000       1.54506755444057436E-005
  -4.2500000000000000      -1.49421380410132432E-005
  -4.1250000000000000       1.13003898400288193E-005
  -4.0000000000000000      -6.93257961738110086E-006
  -3.8750000000000000       3.48841291987377324E-006
  -3.7500000000000000       3.62995425965806642E-008
  -3.6250000000000000      -4.92206646088066836E-006
  -3.5000000000000000       9.95729966668555268E-006
  -3.3750000000000000      -1.09318447526143350E-005
  -3.2500000000000000       5.29643252212988556E-006
  -3.1250000000000000       3.85285118629754971E-006
  -3.0000000000000000      -8.47558464443882108E-006
  -2.8750000000000000       3.24458784825974286E-006
  -2.7500000000000000       8.50434034346042886E-006
  -2.6250000000000000      -1.65229702643565489E-005
  -2.5000000000000000       1.43074400415944463E-005
  -2.3750000000000000      -6.32496403984354158E-006
  -2.2500000000000000       4.04923800261031743E-006
  -2.1250000000000000      -1.21890009231050284E-005
  -2.0000000000000000       2.20657812515252100E-005
  -1.8750000000000000      -2.01081818698371339E-005
  -1.7500000000000000       4.67440982125456858E-006
  -1.6250000000000000       1.06869094446166121E-005
  -1.5000000000000000      -1.21468795469987643E-005
  -1.3750000000000000       3.14094412774721557E-006
  -1.2500000000000000       7.22556414912084384E-008
  -1.1250000000000000       1.01518953463301862E-005
  -1.0000000000000000      -2.05230928963308592E-005
 -0.87500000000000000       1.40625119582250321E-005
 -0.75000000000000000       5.28483935895059844E-006
 -0.62500000000000000      -1.39313379027696171E-005
 -0.50000000000000000      -3.78259221051317101E-008
 -0.37500000000000000       1.86133145961202348E-005
 -0.25000000000000000      -1.59575829385837125E-005
 -0.12500000000000000      -4.35721871566031363E-006
   0.0000000000000000       1.21188273031531837E-005
  0.12500000000000000       7.73039035862997111E-006
  0.25000000000000000      -3.08521952952135899E-005
  0.37500000000000000       2.67666612808885215E-005
  0.50000000000000000      -2.19425724063932544E-006
  0.62500000000000000      -9.07135154080997108E-006
  0.75000000000000000      -1.71195292142990446E-006
  0.87500000000000000       6.32538906788194751E-006
   1.0000000000000000       1.31029795903457745E-005
   1.1250000000000000      -3.17287845376047268E-005
   1.2500000000000000       2.30749618858716628E-005
   1.3750000000000000      -6.53812959460710379E-006
   1.5000000000000000       1.77918947323197141E-005
   1.6250000000000000      -4.19237284023812564E-005
   1.7500000000000000       2.88974481932753411E-005
   1.8750000000000000       2.09311134765099574E-005
   2.0000000000000000      -4.12626528616330602E-005
   2.1250000000000000       1.74220014790744146E-007
   2.2500000000000000       4.10097160094789748E-005
   2.3750000000000000      -1.75131057799329593E-005
   2.5000000000000000      -3.27967099481372548E-005
   2.6250000000000000       2.69675772990082135E-005
   2.7500000000000000       2.95632136249946077E-005
   2.8750000000000000      -5.13417577156189358E-005
   3.0000000000000000       1.15152162391862393E-005
   3.1250000000000000       2.45449152153867164E-005
   3.2500000000000000      -1.71323632120986129E-005
   3.3750000000000000       9.06429957882011142E-006
   3.5000000000000000      -2.64881430147447962E-005
   3.6250000000000000       2.39585104366535600E-005
   3.7500000000000000       1.70393810394257512E-005
   3.8750000000000000      -2.67316745836656798E-005
   4.0000000000000000      -3.50172408860192482E-005
   4.1250000000000000       8.82745485082695412E-005
   4.2500000000000000      -5.27322626005067788E-005
   4.3750000000000000      -1.48663386360064801E-005
   4.5000000000000000       1.51125647814748704E-005
   4.6250000000000000       2.97869546445545175E-005
   4.7500000000000000      -2.70056037949325598E-005
   4.8750000000000000      -1.93381059871892638E-005
   5.0000000000000000       2.92696057491223239E-005
   5.1250000000000000       2.70352628571607486E-006
   5.2500000000000000      -1.23162172051170705E-005
   5.3750000000000000      -4.77871553354701134E-006
   5.5000000000000000       6.46210541585743979E-006
   5.6250000000000000      -7.80743586673613460E-006
   5.7500000000000000       3.98152925254812728E-005
   5.8750000000000000      -5.64560918440091939E-005
   6.0000000000000000       1.74076228212038830E-005
   6.1250000000000000       2.36938703329932815E-005
   6.2500000000000000      -2.21058219684128822E-005
   6.3750000000000000       1.27502541160916487E-005
   6.5000000000000000      -6.53011486977702313E-006
   6.6250000000000000      -1.60943181875571387E-005
   6.7500000000000000       1.83616413223508794E-005
   6.8750000000000000       1.09636824600940995E-005
   7.0000000000000000      -4.61225211252358898E-006
   7.1250000000000000      -1.73017207416287657E-005
   7.2500000000000000      -1.65789719158707684E-005
   7.3750000000000000       3.09029424427069945E-005
   7.5000000000000000       2.02762679148927791E-005
   7.6250000000000000      -8.17621562893981789E-006
   7.7500000000000000      -3.77213609191837473E-005
   7.8750000000000000      -3.02128743740260315E-005
   8.0000000000000000       6.65301093804499303E-005
   8.1250000000000000       4.03170328976262129E-005
   8.2500000000000000      -4.82669319729568514E-005
   8.3750000000000000      -4.02139660131567038E-005
   8.5000000000000000      -1.51806535853656115E-005
   8.6250000000000000       4.80958567633917380E-005
   8.7500000000000000       5.36356180027249197E-005
   8.8750000000000000      -1.91359103716182177E-005
   9.0000000000000000      -4.81673434988498083E-005
   9.1250000000000000      -4.21237233528043615E-005
   9.2500000000000000       5.87543887071621747E-006
   9.3750000000000000       9.65174375577716292E-005
   9.5000000000000000       6.70442971633245740E-006
   9.6250000000000000      -1.37536540611491221E-005
   9.7500000000000000      -9.18686770493490075E-005
   9.8750000000000000      -1.01040995649598705E-005
   10.000000000000000       4.09789463319847050E-005
   10.125000000000000       6.27609048043829631E-005
   10.250000000000000       3.29777615535039060E-005
   10.375000000000000      -5.48395765099339973E-005
   10.500000000000000      -8.05520116163806112E-005
   10.625000000000000      -1.75891095058660894E-005
   10.750000000000000       7.68731577398114275E-005
   10.875000000000000       6.16636600183392673E-005
   11.000000000000000       4.14085634970226305E-005
   11.125000000000000      -6.99055480619270749E-005
   11.250000000000000      -1.19260854708668932E-004
   11.375000000000000      -4.34176812051278432E-005
   11.500000000000000       2.91370370963215546E-005
   11.625000000000000       1.17007921941783034E-004
   11.750000000000000       1.61688723824233760E-004
   11.875000000000000       2.22486427110880630E-005
   12.000000000000000      -4.19078011209689510E-005
   12.125000000000000      -1.25288784594043662E-004
   12.250000000000000      -1.72418456949278873E-004
   12.375000000000000      -1.22055988425627082E-004
   12.500000000000000      -8.52325797590250351E-005
   12.625000000000000      -4.43660960096892211E-005
   12.750000000000000       8.36430756687603729E-005
   12.875000000000000       2.36587943960049277E-004
   13.000000000000000       3.01004932389568501E-004
   13.125000000000000       3.84160589653031515E-004
   13.250000000000000       3.88057814638723261E-004
   13.375000000000000       2.82834569820012989E-004
   13.500000000000000       2.13748724085976251E-004
   13.625000000000000       2.44183671895212132E-004
   13.750000000000000       2.31999485260441678E-004
   13.875000000000000       3.25851442072940640E-004
   14.000000000000000       6.35356216827465277E-004
   14.125000000000000       1.02127855221097186E-003
   14.250000000000000       1.38208323268011637E-003
   14.375000000000000       1.88156454983133613E-003
   14.500000000000000       2.41529469807645787E-003
   14.625000000000000       2.78500895629695509E-003
   14.750000000000000       3.25836016609325164E-003
   14.875000000000000       3.81016833031043271E-003
   15.000000000000000       4.32894410945292886E-003
   15.125000000000000       4.76181184349270138E-003
   15.250000000000000       5.22429357889646773E-003
   15.375000000000000       5.70742244191089002E-003
   15.500000000000000       6.20606375150127305E-003
   15.625000000000000       6.79614219623366107E-003
   15.750000000000000       7.39564812333768674E-003
   15.875000000000000       8.01519568146075514E-003
   16.000000000000000       8.59350085214191997E-003
   16.125000000000000       9.29790396373461787E-003
   16.250000000000000       1.01239339072914866E-002
   16.375000000000000       1.09242494676449128E-002
   16.500000000000000       1.16527891342916093E-002
   16.625000000000000       1.23760584720137238E-002
   16.750000000000000       1.32036543971336354E-002
   16.875000000000000       1.39867609253316993E-002
   17.000000000000000       1.47674135121163078E-002
   17.125000000000000       1.55615382452911691E-002
   17.250000000000000       1.63019822330534234E-002
   17.375000000000000       1.70277603892005913E-002
   17.500000000000000       1.78341142174586395E-002
   17.625000000000000       1.86530865711461817E-002
   17.750000000000000       1.93703964323417369E-002
   17.875000000000000       2.01712868430402627E-002
   18.000000000000000       2.10225296376512182E-002
   18.125000000000000       2.18337106237074599E-002
   18.250000000000000       2.26635733425109426E-002
   18.375000000000000       2.35385768467382614E-002
   18.500000000000000       2.44170035064797189E-002
   18.625000000000000       2.52361700779402433E-002
   18.750000000000000       2.61122023758854800E-002
   18.875000000000000       2.70491528421761274E-002
   19.000000000000000       2.79306996918386521E-002
   19.125000000000000       2.87884992902794172E-002
   19.250000000000000       2.97404524625230759E-002
   19.375000000000000       3.06649462405074215E-002
   19.500000000000000       3.15035956817279680E-002
   19.625000000000000       3.24628577919361949E-002
   19.750000000000000       3.33694107897183345E-002
   19.875000000000000       3.41682545268280763E-002
   20.000000000000000       3.50978553828399861E-002
   20.125000000000000       3.60173197387279112E-002
   20.250000000000000       3.68488317060346876E-002
   20.375000000000000       3.77743606426916984E-002
   20.500000000000000       3.87421436433842900E-002
   20.625000000000000       3.96608647939091993E-002
   20.750000000000000       4.05874095225796302E-002
   20.875000000000000       4.14495226830120037E-002
   21.000000000000000       4.23587687125304979E-002
   21.125000000000000       4.33280943681803102E-002
   21.250000000000000       4.41453782757200500E-002
   21.375000000000000       4.49916439525469489E-002
   21.500000000000000       4.59033547864085914E-002
   21.625000000000000       4.69194374774135614E-002
   21.750000000000000       4.79546133717119322E-002
   21.875000000000000       4.86675077039209827E-002
   22.000000000000000       4.95659524349228789E-002
   22.125000000000000       5.07497878941631439E-002
   22.250000000000000       5.15847122417013096E-002
   22.375000000000000       5.22513121873749362E-002
   22.500000000000000       5.31828816079438632E-002
   22.625000000000000       5.42826823692401234E-002
   22.750000000000000       5.51883959658622802E-002
   22.875000000000000       5.60201060209571250E-002
   23.000000000000000       5.70837600906002537E-002
   23.125000000000000       5.81719170891457638E-002
   23.250000000000000       5.90138671779892390E-002
   23.375000000000000       5.96578478176563176E-002
   23.500000000000000       6.05037837794799582E-002
   23.625000000000000       6.15223404765720475E-002
   23.750000000000000       6.24211180456656148E-002
   23.875000000000000       6.33366342128356685E-002
   24.000000000000000       6.42089408261369704E-002
   24.125000000000000       6.50368177728065933E-002
   24.250000000000000       6.58088227255090030E-002
   24.375000000000000       6.65220114511968080E-002
   24.500000000000000       6.74675414552616676E-002
   24.625000000000000       6.83915737445436461E-002
   24.750000000000000       6.92011799823806367E-002
   24.875000000000000       7.00998801198980531E-002
   25.000000000000000       7.09602203485297234E-002
   25.125000000000000       7.18565049778320114E-002
   25.250000000000000       7.27382896635594134E-002
   25.375000000000000       7.35886755609763410E-002
   25.500000000000000       7.45103951381143742E-002
   25.625000000000000       7.53903340838509156E-002
   25.750000000000000       7.62598549125258623E-002
   25.875000000000000       7.70207040989223796E-002
   26.000000000000000       7.77168973743994490E-002
   26.125000000000000       7.85693954298216785E-002
   26.250000000000000       7.93470030785916464E-002
   26.375000000000000       7.99099709839598410E-002
   26.500000000000000       8.04928865978110919E-002
   26.625000000000000       8.12641098671526840E-002
   26.750000000000000       8.20578267260407140E-002
   26.875000000000000       8.27126703955255727E-002
   27.000000000000000       8.33087072968666797E-002
   27.125000000000000       8.39122926882675396E-002
   27.250000000000000       8.48044348030264766E-002
   27.375000000000000       8.59558822123836358E-002
   27.500000000000000       8.66823890596800650E-002
   27.625000000000000       8.69262149726402894E-002
   27.750000000000000       8.75273957548425852E-002
   27.875000000000000       8.88297095653042823E-002
   28.000000000000000       8.97806894836376962E-002
   28.125000000000000       8.95963714976004827E-002
   28.250000000000000       8.94674026314084547E-002
   28.375000000000000       9.04060683244044261E-002
   28.500000000000000       9.13221725791356492E-002
   28.625000000000000       9.10904513819451173E-002
   28.750000000000000       9.07613400758676692E-002
   28.875000000000000       9.18554832222502893E-002
   29.000000000000000       9.35947705754844594E-002
   29.125000000000000       9.42189282562641284E-002
   29.250000000000000       9.38101870379320496E-002
   29.375000000000000       9.37269550005381674E-002
   29.500000000000000       9.43132111910457011E-002
   29.625000000000000       9.45898063836017183E-002
   29.750000000000000       9.42574602572683468E-002
   29.875000000000000       9.42375019670718822E-002
   30.000000000000000       9.48031936311749396E-002
   30.125000000000000       9.51804511927726027E-002
   30.250000000000000       9.49364191685998504E-002
   30.375000000000000       9.45973174698624270E-002
   30.500000000000000       9.44892635181729945E-002
   30.625000000000000       9.39660123282639037E-002
   30.750000000000000       9.32342678558682331E-002
   30.875000000000000       9.36310127701477785E-002
   31.000000000000000       9.42969785202367877E-002
   31.125000000000000       9.20693468551224276E-002
   31.250000000000000       8.71149921395734106E-002
   31.375000000000000       8.51871357148439867E-002
   31.500000000000000       9.02874313748235902E-002
   31.625000000000000       9.57315514155834824E-002
   31.750000000000000       8.88855055934183735E-002
   31.875000000000000       6.87772642293493913E-002
   32.000000000000000       4.68008182070448336E-002
   32.125000000000000       3.07565665247383248E-002
   32.250000000000000       2.07158993285831254E-002
   32.375000000000000       1.44135369839973031E-002
   32.500000000000000       1.02979324673730960E-002
   32.625000000000000       7.55820517349803378E-003
   32.750000000000000       5.67270282449088784E-003
   32.875000000000000       4.30800724225596787E-003
   33.000000000000000       3.25834442135447240E-003
   33.125000000000000       2.41624658578944943E-003
   33.250000000000000       1.77438581660234592E-003
   33.375000000000000       1.30527939003773205E-003
   33.500000000000000       9.35039038555937878E-004
   33.625000000000000       6.58690493729490638E-004
   33.750000000000000       4.97946235726102354E-004
   33.875000000000000       4.24952577224132566E-004
   34.000000000000000       4.28615818469287870E-004
   34.125000000000000       4.83988966372095059E-004
   34.250000000000000       4.99145212906567911E-004
   34.375000000000000       4.55786413907696491E-004
   34.500000000000000       4.15864819739176497E-004
   34.625000000000000       3.46312871059502509E-004
   34.750000000000000       2.17322266691758050E-004
   34.875000000000000       1.54276272164598595E-004
   35.000000000000000       2.31856387903283778E-004
   35.125000000000000       3.85699818499373077E-004
   35.250000000000000       6.45990537358689379E-004
   35.375000000000000       1.07248742963852008E-003
   35.500000000000000       1.51931323162335244E-003
   35.625000000000000       1.87714744645398556E-003
   35.750000000000000       2.30415012543631675E-003
   35.875000000000000       2.87556356518071411E-003
   36.000000000000000       3.40634246240291341E-003
   36.125000000000000       3.83042023883682853E-003
   36.250000000000000       4.28219346102692508E-003
   36.375000000000000       4.77029577157444661E-003
   36.500000000000000       5.22803177809006391E-003
   36.625000000000000       5.73358484437510446E-003
   36.750000000000000       6.31429663434102378E-003
   36.875000000000000       6.83786108284399185E-003
   37.000000000000000       7.32484425203390379E-003
   37.125000000000000       7.96547057991374083E-003
   37.250000000000000       8.74331460501603930E-003
   37.375000000000000       9.46999825142053400E-003
   37.500000000000000       1.01464350029760921E-002
   37.625000000000000       1.08998544435780862E-002
   37.750000000000000       1.17075481547019283E-002
   37.875000000000000       1.24885635883358534E-002
   38.000000000000000       1.32673388304459135E-002
   38.125000000000000       1.40590807622578140E-002
   38.250000000000000       1.48183014179003505E-002
   38.375000000000000       1.55668812418739023E-002
   38.500000000000000       1.63562487416392746E-002
   38.625000000000000       1.71427362056900297E-002
   38.750000000000000       1.78838212673627511E-002
   38.875000000000000       1.86408208842377791E-002
   39.000000000000000       1.94527086591445471E-002
   39.125000000000000       2.02673526032011164E-002
   39.250000000000000       2.10701556646609826E-002
   39.375000000000000       2.19068672276485112E-002
   39.500000000000000       2.27657594717298670E-002
   39.625000000000000       2.36030201155864837E-002
   39.750000000000000       2.44468667358819607E-002
   39.875000000000000       2.53354935744120290E-002
   40.000000000000000       2.62308709214981728E-002
   40.125000000000000       2.71026964685932362E-002
   40.250000000000000       2.79917689709710711E-002
   40.375000000000000       2.89164886502843027E-002
   40.500000000000000       2.98343548224436275E-002
   40.625000000000000       3.07325247410642349E-002
   40.750000000000000       3.16377886186217927E-002
   40.875000000000000       3.25379039535562756E-002
   41.000000000000000       3.34071645390623811E-002
   41.125000000000000       3.42761047201919217E-002
   41.250000000000000       3.51748374704080186E-002
   41.375000000000000       3.60742056485844620E-002
   41.500000000000000       3.69667275690584371E-002
   41.625000000000000       3.79012469084218304E-002
   41.750000000000000       3.88659097946502663E-002
   41.875000000000000       3.97771328971478419E-002
   42.000000000000000       4.06436032205387404E-002
   42.125000000000000       4.15622674416333479E-002
   42.250000000000000       4.25077816519442223E-002
   42.375000000000000       4.33567529868592733E-002
   42.500000000000000       4.41604027776808933E-002
   42.625000000000000       4.51050750583179283E-002
   42.750000000000000       4.61554183044400046E-002
   42.875000000000000       4.70786504327642130E-002
   43.000000000000000       4.78808035817131911E-002
   43.125000000000000       4.88162390991989867E-002
   43.250000000000000       4.98865222283089507E-002
   43.375000000000000       5.07923777566402779E-002
   43.500000000000000       5.14965852830056720E-002
   43.625000000000000       5.23318276724002024E-002
   43.750000000000000       5.34066047384968018E-002
   43.875000000000000       5.44309609472618874E-002
   44.000000000000000       5.52896772689829286E-002
   44.125000000000000       5.62347443157197383E-002
   44.250000000000000       5.73256483903998373E-002
   44.375000000000000       5.82522217858720409E-002
   44.500000000000000       5.89263034118950660E-002
   44.625000000000000       5.96900428236798453E-002
   44.750000000000000       6.07206460391009201E-002
   44.875000000000000       6.17572979403250982E-002
   45.000000000000000       6.26073413528447503E-002
   45.125000000000000       6.34196725624971563E-002
   45.250000000000000       6.42934507189333315E-002
   45.375000000000000       6.51016015144707388E-002
   45.500000000000000       6.58376803126990012E-002
   45.625000000000000       6.66858257282042788E-002
   45.750000000000000       6.76517308452668775E-002
   45.875000000000000       6.85371243185001894E-002
   46.000000000000000       6.93218078522619546E-002
   46.125000000000000       7.01810260034651245E-002
   46.250000000000000       7.11281487148274910E-002
   46.375000000000000       7.20136230179346526E-002
   46.500000000000000       7.28430085378409531E-002
   46.625000000000000       7.37480065297423937E-002
   46.750000000000000       7.46992931206017508E-002
   46.875000000000000       7.55575732721927712E-002
   47.000000000000000       7.63303776793289313E-002
   47.125000000000000       7.71192795618416971E-002
   47.250000000000000       7.79187987938339405E-002
   47.375000000000000       7.86682706266526449E-002
   47.500000000000000       7.93683871904575511E-002
   47.625000000000000       8.00223692732676128E-002
   47.750000000000000       8.06399296550256578E-002
   47.875000000000000       8.13316823856485432E-002
   48.000000000000000       8.21454606832353607E-002
   48.125000000000000       8.28699408251910713E-002
   48.250000000000000       8.33749923109167596E-002
   48.375000000000000       8.40059501108189471E-002
   48.500000000000000       8.50855653905377984E-002
   48.625000000000000       8.61888291719540289E-002
   48.750000000000000       8.66928181260924469E-002
   48.875000000000000       8.69405365763947502E-002
   49.000000000000000       8.78153198795733475E-002
   49.125000000000000       8.91346809710804738E-002
   49.250000000000000       8.97365742695017121E-002
   49.375000000000000       8.94570279157255593E-002
   49.500000000000000       8.95513590716040253E-002
   49.625000000000000       9.05532481962860875E-002
   49.750000000000000       9.12954308646275331E-002
   49.875000000000000       9.10192301013459798E-002
   50.000000000000000       9.09254010514108646E-002
   50.125000000000000       9.22061900986276273E-002
   50.250000000000000       9.38722277658222415E-002
   50.375000000000000       9.42501399045330701E-002
   50.500000000000000       9.36807533401755460E-002
   50.625000000000000       9.37142287144878128E-002
   50.750000000000000       9.44079102750391558E-002
   50.875000000000000       9.45763863431060003E-002
   51.000000000000000       9.41818198179876498E-002
   51.125000000000000       9.43052537839217803E-002
   51.250000000000000       9.49856296189458826E-002
   51.375000000000000       9.51814148239367441E-002
   51.500000000000000       9.47783696628981126E-002
   51.625000000000000       9.45961668843318809E-002
   51.750000000000000       9.45152324640471386E-002
   51.875000000000000       9.38027920164650059E-002
   52.000000000000000       9.31534001783133753E-002
   52.125000000000000       9.37540117563681330E-002
   52.250000000000000       9.41437429944400744E-002
   52.375000000000000       9.13837298215936650E-002
   52.500000000000000       8.66185505692005642E-002
   52.625000000000000       8.56197981717326528E-002
   52.750000000000000       9.10333516344760674E-002
   52.875000000000000       9.52153162348073623E-002
   53.000000000000000       8.66106410634270019E-002
   53.125000000000000       6.59749912641156844E-002
   53.250000000000000       4.46231265743646244E-002
   53.375000000000000       2.93811280106986150E-002
   53.500000000000000       1.99519001447718211E-002
   53.625000000000000       1.40861681941845431E-002
   53.750000000000000       1.01919874904848103E-002
   53.875000000000000       7.46222899048996045E-003
   54.000000000000000       5.50323592016259064E-003
   54.125000000000000       4.09234620326865209E-003
   54.250000000000000       3.07701004962291410E-003
   54.375000000000000       2.34239076193099071E-003
   54.500000000000000       1.80231504713642093E-003
   54.625000000000000       1.39520959926197957E-003
   54.750000000000000       1.07976703893686429E-003
   54.875000000000000       8.29902468971870436E-004
   55.000000000000000       6.29793548768955861E-004
   55.125000000000000       4.69749165204698491E-004
   55.250000000000000       3.43260885412389365E-004
   55.375000000000000       2.45218688004599644E-004
   55.500000000000000       1.71043345758233983E-004
   55.625000000000000       1.16412607328929832E-004
   55.750000000000000       7.72918423272297652E-005
   55.875000000000000       5.00639100996712013E-005
   56.000000000000000       3.16422516060048089E-005
   56.125000000000000       1.95210570654408042E-005
   56.250000000000000       1.17598932523714370E-005
   56.375000000000000       6.92077665949518564E-006
   56.500000000000000       3.98064452448208350E-006
   56.625000000000000       2.23870944911986673E-006
   56.750000000000000       1.23164580626267394E-006
   56.875000000000000       6.63151196589232491E-007
   57.000000000000000       3.49597244577053016E-007
   57.125000000000000       1.80524612810512783E-007
   57.250000000000000       9.13472742715423437E-008
   57.375000000000000       4.53123348349033921E-008
   57.500000000000000       2.20426046142028042E-008
   57.625000000000000       1.05194244473422921E-008
   57.750000000000000       4.92667346969668596E-009
   57.875000000000000       2.26512305770468766E-009
   58.000000000000000       1.02268794494772504E-009
   58.125000000000000       4.53564187209536639E-010
   58.250000000000000       1.97653175354046344E-010
   58.375000000000000       8.46560214337756252E-011
   58.500000000000000       3.56463675537353339E-011
   58.625000000000000       1.47599695350511204E-011
   58.750000000000000       6.01136486056266336E-012
   58.875000000000000       2.40867621793001504E-012
   59.000000000000000       9.49724294925308107E-013
   59.125000000000000       3.68572208213514198E-013
   59.250000000000000       1.40812733750803644E-013
   59.375000000000000       5.29712782963406895E-014
   59.500000000000000       1.96245493054207531E-014
   59.625000000000000       7.16140160710931829E-015
   59.750000000000000       2.57460654329253115E-015
   59.875000000000000       9.12033490767050788E-016
   60.000000000000000       3.18396057898770299E-016
   60.125000000000000       1.09559216097056750E-016
   60.250000000000000       3.71637422250218121E-017
   60.375000000000000       1.24291638025301048E-017
   60.500000000000000       4.09898961703994681E-018
   60.625000000000000       1.33316091558154988E-018
   60.750000000000000       4.27676727236900920E-019
   60.875000000000000       1.35341354085915489E-019
   61.000000000000000       4.22551884488802629E-020
   61.125000000000000       1.30171304592262892E-020
   61.250000000000000       3.95717804073922860E-021
   61.375000000000000       1.18724106756101529E-021
   61.500000000000000       3.51577921718477863E-022
   61.625000000000000       1.02772894703665591E-022
   61.750000000000000       2.96587929925480792E-023
   61.875000000000000       8.45061882133032009E-024
   62.000000000000000       2.37752294474477939E-024
   62.125000000000000       6.60544204293905059E-025
   62.250000000000000       1.81241923152718506E-025
   62.375000000000000       4.91170832862745864E-026
   62.500000000000000       1.31480111147466132E-026
   62.625000000000000       3.47677482267068082E-027
   62.750000000000000       9.08273205829880323E-028
   62.875000000000000       2.34430087918287643E-028
   63.000000000000000       5.97860218973193415E-029
   63.125000000000000       1.50663163298423755E-029
   63.250000000000000       3.75203106453835526E-030
   63.375000000000000       9.23437825536699794E-031
   63.500000000000000       2.24625964909304802E-031
   63.625000000000000       5.40072057765393540E-032
   63.750000000000000       1.28354342014864739E-032
   63.875000000000000       3.01552856437810497E-033
   64.000000000000000       7.00384577173363405E-034
   64.125000000000000       1.60825713676625287E-034
   64.250000000000000       3.65127940385453622E-035
   64.375000000000000       8.19652101629724374E-036
   64.500000000000000       1.81941838158426963E-036
   64.625000000000000       3.99371576271485549E-037
   64.750000000000000       8.66933363366533765E-038
   64.875000000000000       1.86114470464003330E-038
   65.000000000000000       3.95167976568154483E-039
   65.125000000000000       8.29872370466822866E-040
   65.250000000000000       1.72380878097180306E-040
   65.375000000000000       3.54188817567833757E-041
   65.500000000000000       7.19892808595015594E-042
   65.625000000000000       1.44746088060074826E-042
   65.750000000000000       2.87918886721929170E-043
   65.875000000000000       5.66598792029479652E-044
   66.000000000000000       1.10316559981573131E-044
   66.125000000000000       2.12511445099133612E-045
   66.250000000000000       4.05057830449202098E-046
   66.375000000000000       7.63943017452187394E-047
   66.500000000000000       1.42570558940178417E-047
   66.625000000000000       2.63292824421131368E-048
   66.750000000000000       4.81175408860347691E-049
   66.875000000000000       8.70237153817406524E-050
   67.000000000000000       1.55759954440230443E-050
   67.125000000000000       2.75912788346868303E-051
   67.250000000000000       4.83725695448826374E-052
   67.375000000000000       8.39365138197877363E-053
   67.500000000000000       1.44158393191941696E-053
   67.625000000000000       2.45063501393710575E-054
   67.750000000000000       4.12362500851636216E-055
   67.875000000000000       6.86836454095239828E-056
   68.000000000000000       1.13243334939531768E-056
   68.125000000000000       1.84828225505170184E-057
   68.250000000000000       2.98628432320240527E-058
   68.375000000000000       4.77652242400233172E-059
   68.500000000000000       7.56346131943537614E-060
   68.625000000000000       1.18567993737800105E-060
   68.750000000000000       1.84018798524868541E-061
   68.875000000000000       2.82757541652548353E-062
   69.000000000000000       4.30162616656925128E-063
   69.125000000000000       6.47927630818211988E-064
   69.250000000000000       9.66283011787841586E-065
   69.375000000000000       1.42683769791401148E-065
   69.500000000000000       2.08614895900706476E-066
   69.625000000000000       3.02012163046333940E-067
   69.750000000000000       4.32931861299731634E-068
   69.875000000000000       6.14522843697319846E-069
   70.000000000000000       8.63747913544584100E-070
   70.125000000000000       1.20219073336220738E-070
   70.250000000000000       1.65692853380431016E-071
   70.375000000000000       2.26143771569870914E-072
   70.500000000000000       3.05648397801741752E-073
   70.625000000000000       4.09093153833178188E-074
   70.750000000000000       5.42238844314180758E-075
   70.875000000000000       7.11758845827027048E-076
   71.000000000000000       9.25239658855076915E-077
   71.125000000000000       1.19113172569173877E-077
   71.250000000000000       1.51863841187471797E-078
   71.375000000000000       1.91753208863473803E-079
   71.500000000000000       2.39788855132984356E-080
   71.625000000000000       2.96973470366894122E-081
   71.750000000000000       3.64260955994249768E-082
   71.875000000000000       4.42504505467493984E-083
   72.000000000000000       5.32398062091119449E-084
   72.125000000000000       6.34413354766735594E-085
   72.250000000000000       7.48735513022236278E-086
   72.375000000000000       8.75200982701360341E-087
   72.500000000000000       1.01324202010909813E-087
   72.625000000000000       1.16184235221728736E-088
   72.750000000000000       1.31950858035196858E-089
   72.875000000000000       1.48426152081728746E-090
   73.000000000000000       1.65365089327445969E-091
   73.125000000000000       1.82479559777021226E-092
   73.250000000000000       1.99445031588054939E-093
   73.375000000000000       2.15909742258351351E-094
   73.500000000000000       2.31506133066620487E-095
   73.625000000000000       2.45864056186291757E-096
   73.750000000000000       2.58625121355441835E-097
   73.875000000000000       2.69457422706838693E-098
   74.000000000000000       2.78069810148702349E-099
   74.125000000000000       2.84224853482974850E-100
   74.250000000000000       2.87749696026106153E-101
   74.375000000000000       2.88544106665930104E-102
   74.500000000000000       2.86585207741188506E-103
   74.625000000000000       2.81928567987452028E-104
   74.750000000000000       2.74705587789361849E-105
   74.875000000000000       2.65117348174252107E-106
   75.000000000000000       2.53425324793777570E-107
   75.125000000000000       2.39939564453690395E-108
   75.250000000000000       2.25005068855331064E-109
   75.375000000000000       2.08987217323850549E-110
   75.500000000000000       1.92257082512695003E-111
   75.625000000000000       1.75177451633236734E-112
   75.750000000000000       1.58090267637666453E-113
   75.875000000000000       1.41306061674719639E-114
   76.000000000000000       1.25095774985179368E-115
   76.125000000000000       1.09685181686794161E-116
   76.250000000000000       9.52519398838014402E-118
   76.375000000000000       8.19251317056967572E-119
   76.500000000000000       6.97870146921199504E-120
   76.625000000000000       5.88766050442116646E-121
   76.750000000000000       4.91946511969626668E-122
   76.875000000000000       4.07095335310100585E-123
   77.000000000000000       3.33636390539076407E-124
   77.125000000000000       2.70798022120453455E-125
   77.250000000000000       2.17674667500733500E-126
   77.375000000000000       1.73283002448793359E-127
   77.500000000000000       1.36610744533835304E-128
   77.625000000000000       1.06657038030168591E-129
   77.750000000000000       8.24640560482576540E-131
   77.875000000000000       6.31400501414946802E-132
   78.000000000000000       4.78745330070775581E-133
   78.125000000000000       3.59465911824721365E-134
   78.250000000000000       2.67274999399344853E-135
   78.375000000000000       1.96788695175984015E-136
   78.500000000000000       1.43475137805639211E-137
   78.625000000000000       1.03581250674509913E-138
   78.750000000000000       7.40468746543894130E-140
   78.875000000000000       5.24138749817405745E-141
   79.000000000000000       3.67360461690759456E-142
   79.125000000000000       2.54939775439429915E-143
   79.250000000000000       1.75175772954386695E-144
   79.375000000000000       1.19177352407967925E-145
   79.500000000000000       8.02765011122305903E-147
   79.625000000000000       5.35364642613681211E-148
   79.750000000000000       3.53483209262005768E-149
   79.875000000000000       2.31066411363784212E-150
   80.000000000000000       1.49535605269354912E-151
   80.125000000000000       9.58038072103199962E-153
   80.250000000000000       6.07633406210123816E-154
   80.375000000000000       3.81514763491663602E-155
   80.500000000000000       2.37127407249124379E-156
   80.625000000000000       1.45895692819120502E-157
   80.750000000000000       8.88552032555307383E-159
   80.875000000000000       5.35663482177917456E-160
   81.000000000000000       3.19638322480016001E-161
   81.125000000000000       1.88786899540306533E-162
   81.250000000000000       1.10361955897213900E-163
   81.375000000000000       6.38542032104974757E-165
   81.500000000000000       3.65653661513406436E-166
   81.625000000000000       2.07227881960161088E-167
   81.750000000000000       1.16228191762818507E-168
   81.875000000000000       6.45129238273714028E-170
   82.000000000000000       3.54356617802545737E-171
   82.125000000000000       1.92610199293903571E-172
   82.250000000000000       1.03597423420703142E-173
   82.375000000000000       5.51360047999375899E-175
   82.500000000000000       2.90351258785011583E-176
   82.625000000000000       1.51286199053980969E-177
   82.750000000000000       7.79914270075741310E-179
   82.875000000000000       3.97787222888368751E-180
   83.000000000000000       2.00722158438182128E-181
   83.125000000000000       1.00199167988576070E-182
   83.250000000000000       4.94812494138934949E-184
   83.375000000000000       2.41717464994260248E-185
   83.500000000000000       1.16801647190824294E-186
   83.625000000000000       5.58271984313408842E-188
   83.750000000000000       2.63925060156137654E-189
   83.875000000000000       1.23405629949326750E-190
   84.000000000000000       5.70676650416847955E-192
   84.125000000000000       2.60991801524493870E-193
   84.250000000000000       1.18039049714168948E-194
   84.375000000000000       5.27918231540036617E-196
   84.500000000000000       2.33469071846319720E-197
   84.625000000000000       1.02092301165986439E-198
   84.750000000000000       4.41404072760579655E-200
   84.875000000000000       1.88685145553883173E-201
   85.000000000000000       7.97397725700490613E-203
   85.125000000000000       3.33139088938051512E-204
   85.250000000000000       1.37583532811526851E-205
   85.375000000000000       5.61660708644742267E-207
   85.500000000000000       2.26633613481615120E-208
   85.625000000000000       9.03842508380465891E-210
   85.750000000000000       3.56249541365916935E-211
   85.875000000000000       1.38766106503592198E-212
   86.000000000000000       5.34138543165844475E-214
   86.125000000000000       2.03160462969655901E-215
   86.250000000000000       7.63505208112764725E-217
   86.375000000000000       2.83494437333640386E-218
   86.500000000000000       1.03994030210485405E-219
   86.625000000000000       3.76855277912174605E-221
   86.750000000000000       1.34900479488336702E-222
   86.875000000000000       4.76974124142205810E-224
   87.000000000000000       1.66566500599658803E-225
   87.125000000000000       5.74460844489898469E-227
   87.250000000000000       1.95650451337241043E-228
   87.375000000000000       6.57984925006866947E-230
   87.500000000000000       2.18490215151349273E-231
   87.625000000000000       7.16299332296461780E-233
   87.750000000000000       2.31829333435764839E-234
   87.875000000000000       7.40657640242813163E-236
   88.000000000000000       2.33563564122844396E-237
   88.125000000000000       7.26931520449873762E-239
   88.250000000000000       2.23277122400517681E-240
   88.375000000000000       6.76733832714281247E-242
   88.500000000000000       2.02383080334490980E-243
   88.625000000000000       5.97134197054117114E-245
   88.750000000000000       1.73807667954621805E-246
   88.875000000000000       4.99024648560048389E-248
   89.000000000000000       1.41314571434862666E-249
   89.125000000000000       3.94655838718193163E-251
   89.250000000000000       1.08685150325847087E-252
   89.375000000000000       2.94909164852916782E-254
   89.500000000000000        0.0000000000000000     
