  -10.500000000000000        0.0000000000000000     
  -10.375000000000000      -4.05660617475739078E-003
  -10.250000000000000      -8.19532063775114256E-003
  -10.125000000000000      -1.24226972364998578E-002
  -10.000000000000000      -1.63673713707351877E-002
  -9.8750000000000000      -2.04320669026190789E-002
  -9.7500000000000000      -2.44314427523992031E-002
  -9.6250000000000000      -2.85243032234847559E-002
  -9.5000000000000000      -3.26743005573450832E-002
  -9.3750000000000000      -3.67001544556256679E-002
  -9.2500000000000000      -4.03852262400147682E-002
  -9.1250000000000000      -4.38210391662775117E-002
  -9.0000000000000000      -4.71532749129096457E-002
  -8.8750000000000000      -5.05478161862327260E-002
  -8.7500000000000000      -5.37306784956527797E-002
  -8.6250000000000000      -5.69392626036852936E-002
  -8.5000000000000000      -6.02958830173835059E-002
  -8.3750000000000000      -6.36426389069276455E-002
  -8.2500000000000000      -6.68417116479490120E-002
  -8.1250000000000000      -6.99737272784715925E-002
  -8.0000000000000000      -7.24554437298353532E-002
  -7.8750000000000000      -7.45668000893447147E-002
  -7.7500000000000000      -7.64853772938988707E-002
  -7.6250000000000000      -7.84382101990112324E-002
  -7.5000000000000000      -8.03703636526059417E-002
  -7.3750000000000000      -8.22190478098834138E-002
  -7.2500000000000000      -8.42636772562966596E-002
  -7.1250000000000000      -8.62450098482240579E-002
  -7.0000000000000000      -8.81367076055251247E-002
  -6.8750000000000000      -8.97637423436279391E-002
  -6.7500000000000000      -9.09378477396203394E-002
  -6.6250000000000000      -9.16392297826471025E-002
  -6.5000000000000000      -9.20654166179421668E-002
  -6.3750000000000000      -9.23272005802792395E-002
  -6.2500000000000000      -9.28235601751920963E-002
  -6.1250000000000000      -9.33262930053484485E-002
  -6.0000000000000000      -9.38886266878373593E-002
  -5.8750000000000000      -9.44526558003817573E-002
  -5.7500000000000000      -9.47506893700954950E-002
  -5.6250000000000000      -9.48001429173289389E-002
  -5.5000000000000000      -9.48867163337541730E-002
  -5.3750000000000000      -9.47410037059723126E-002
  -5.2500000000000000      -9.41850242694476092E-002
  -5.1250000000000000      -9.34625078449120433E-002
  -5.0000000000000000      -9.27953635811284150E-002
  -4.8750000000000000      -9.25026317655475161E-002
  -4.7500000000000000      -9.22420272468994495E-002
  -4.6250000000000000      -9.18379881844054724E-002
  -4.5000000000000000      -9.12187666509708256E-002
  -4.3750000000000000      -9.00836834675599885E-002
  -4.2500000000000000      -8.88652616919938104E-002
  -4.1250000000000000      -8.76524262430616458E-002
  -4.0000000000000000      -8.60849642383151037E-002
  -3.8750000000000000      -8.43119598201296644E-002
  -3.7500000000000000      -8.23414803854611854E-002
  -3.6250000000000000      -8.04383681619475904E-002
  -3.5000000000000000      -7.88181577222624441E-002
  -3.3750000000000000      -7.72433736008187183E-002
  -3.2500000000000000      -7.55717084102268677E-002
  -3.1250000000000000      -7.36578633931409821E-002
  -3.0000000000000000      -7.13746237770983005E-002
  -2.8750000000000000      -6.90349249881240246E-002
  -2.7500000000000000      -6.67422695530012211E-002
  -2.6250000000000000      -6.41690100263803964E-002
  -2.5000000000000000      -6.15114946749233879E-002
  -2.3750000000000000      -5.85852413881980741E-002
  -2.2500000000000000      -5.57932142640189324E-002
  -2.1250000000000000      -5.29882397917665199E-002
  -2.0000000000000000      -5.03362061497713842E-002
  -1.8750000000000000      -4.77281324591362147E-002
  -1.7500000000000000      -4.49500524704282006E-002
  -1.6250000000000000      -4.19179124195152297E-002
  -1.5000000000000000      -3.88891018158289622E-002
  -1.3750000000000000      -3.58573026026892464E-002
  -1.2500000000000000      -3.27053446568957643E-002
  -1.1250000000000000      -2.95774492329910592E-002
  -1.0000000000000000      -2.62148850257775262E-002
 -0.87500000000000000      -2.29756194435086769E-002
 -0.75000000000000000      -1.96909447195556600E-002
 -0.62500000000000000      -1.63338840732509434E-002
 -0.50000000000000000      -1.31782880145440290E-002
 -0.37500000000000000      -9.94042951745751843E-003
 -0.25000000000000000      -6.60563881066786231E-003
 -0.12500000000000000      -3.30616014006010657E-003
   0.0000000000000000       2.81390838856774611E-017
  0.12500000000000000       3.30616014005993483E-003
  0.25000000000000000       6.60563881066800369E-003
  0.37500000000000000       9.94042951745753404E-003
  0.50000000000000000       1.31782880145439926E-002
  0.62500000000000000       1.63338840732509087E-002
  0.75000000000000000       1.96909447195555906E-002
  0.87500000000000000       2.29756194435086943E-002
   1.0000000000000000       2.62148850257773389E-002
   1.1250000000000000       2.95774492329908163E-002
   1.2500000000000000       3.27053446568959100E-002
   1.3750000000000000       3.58573026026890937E-002
   1.5000000000000000       3.88891018158289067E-002
   1.6250000000000000       4.19179124195153963E-002
   1.7500000000000000       4.49500524704281104E-002
   1.8750000000000000       4.77281324591361106E-002
   2.0000000000000000       5.03362061497716340E-002
   2.1250000000000000       5.29882397917664713E-002
   2.2500000000000000       5.57932142640190226E-002
   2.3750000000000000       5.85852413881981435E-002
   2.5000000000000000       6.15114946749234504E-002
   2.6250000000000000       6.41690100263803964E-002
   2.7500000000000000       6.67422695530009713E-002
   2.8750000000000000       6.90349249881239968E-002
   3.0000000000000000       7.13746237770982173E-002
   3.1250000000000000       7.36578633931411070E-002
   3.2500000000000000       7.55717084102270481E-002
   3.3750000000000000       7.72433736008186628E-002
   3.5000000000000000       7.88181577222621527E-002
   3.6250000000000000       8.04383681619477431E-002
   3.7500000000000000       8.23414803854610605E-002
   3.8750000000000000       8.43119598201293868E-002
   4.0000000000000000       8.60849642383136882E-002
   4.1250000000000000       8.76524262430772721E-002
   4.2500000000000000       8.88652616925576511E-002
   4.3750000000000000       9.00836834765844779E-002
   4.5000000000000000       9.12187667540566849E-002
   4.6250000000000000       9.18379891129383341E-002
   4.7500000000000000       9.22420341101743979E-002
   4.8750000000000000       9.25026742557621823E-002
   5.0000000000000000       9.27955867318077943E-002
   5.1250000000000000       9.34635130292370830E-002
   5.2500000000000000       9.41889307351083810E-002
   5.3750000000000000       9.47540859977471644E-002
   5.5000000000000000       9.49243056991857515E-002
   5.6250000000000000       9.48924546364170590E-002
   5.7500000000000000       9.49436318556355907E-002
   5.8750000000000000       9.47933723124519262E-002
   6.0000000000000000       9.43944198533356316E-002
   6.1250000000000000       9.39649176632071231E-002
   6.2500000000000000       9.35430153423500305E-002
   6.3750000000000000       9.31210322011687408E-002
   6.5000000000000000       9.30029889057291670E-002
   6.6250000000000000       9.28103658907325629E-002
   6.7500000000000000       9.24257223184680454E-002
   6.8750000000000000       9.17475918792357431E-002
   7.0000000000000000       9.09209742364747442E-002
   7.1250000000000000       9.00546907459883472E-002
   7.2500000000000000       8.90826239324804120E-002
   7.3750000000000000       8.78839574441867694E-002
   7.5000000000000000       8.67755875789231190E-002
   7.6250000000000000       8.56395484677366231E-002
   7.7500000000000000       8.46460540021653773E-002
   7.8750000000000000       8.37434296537793860E-002
   8.0000000000000000       8.26113222480678172E-002
   8.1250000000000000       8.13891071121226745E-002
   8.2500000000000000       7.98956959912299203E-002
   8.3750000000000000       7.84083583773157317E-002
   8.5000000000000000       7.67751730017626199E-002
   8.6250000000000000       7.50759472690258473E-002
   8.7500000000000000       7.33370862362293097E-002
   8.8750000000000000       7.16396217308186423E-002
   9.0000000000000000       6.99944306890442486E-002
   9.1250000000000000       6.83573089048905846E-002
   9.2500000000000000       6.65992191084944785E-002
   9.3750000000000000       6.48422847870529090E-002
   9.5000000000000000       6.29350032550926863E-002
   9.6250000000000000       6.09405257292810268E-002
   9.7500000000000000       5.89738546622304571E-002
   9.8750000000000000       5.69647891180173060E-002
   10.000000000000000       5.49135406788982469E-002
   10.125000000000000       5.29056316590342593E-002
   10.250000000000000       5.08271070122677943E-002
   10.375000000000000       4.87602778952078292E-002
   10.500000000000000       4.66403840727969629E-002
   10.625000000000000       4.47493208955262317E-002
   10.750000000000000       4.27049745878038747E-002
   10.875000000000000       4.06280872818804151E-002
   11.000000000000000       3.87056891788120569E-002
   11.125000000000000       3.67577582960869481E-002
   11.250000000000000       3.48171136281160282E-002
   11.375000000000000       3.27620951262368662E-002
   11.500000000000000       3.06541847470653724E-002
   11.625000000000000       2.85612602212900329E-002
   11.750000000000000       2.66207708110021389E-002
   11.875000000000000       2.49732927437705220E-002
   12.000000000000000       2.32953810544444390E-002
   12.125000000000000       2.15589702168016810E-002
   12.250000000000000       2.00869683159832883E-002
   12.375000000000000       1.86504940324629526E-002
   12.500000000000000       1.70709963450735268E-002
   12.625000000000000       1.54400980847061598E-002
   12.750000000000000       1.37239987036655402E-002
   12.875000000000000       1.20545278179677098E-002
   13.000000000000000       1.07012145336557694E-002
   13.125000000000000       9.65663972389674968E-003
   13.250000000000000       8.66456941632115854E-003
   13.375000000000000       7.66158856815344572E-003
   13.500000000000000       6.82233800051297839E-003
   13.625000000000000       6.12877288661514176E-003
   13.750000000000000       5.35002278941084340E-003
   13.875000000000000       4.39715768232174301E-003
   14.000000000000000       3.38479309479226701E-003
   14.125000000000000       2.47860469515069929E-003
   14.250000000000000       1.80287767710063211E-003
   14.375000000000000       1.37619067217601473E-003
   14.500000000000000       1.11291557017345502E-003
   14.625000000000000       9.24442395272756403E-004
   14.750000000000000       7.82728526892857907E-004
   14.875000000000000       6.81302219410872558E-004
   15.000000000000000       5.92704236082033584E-004
   15.125000000000000       4.86008742541134441E-004
   15.250000000000000       3.58267743518731667E-004
   15.375000000000000       2.32190625769474038E-004
   15.500000000000000       1.31619633603973787E-004
   15.625000000000000       6.54487172589466139E-005
   15.750000000000000       2.87145391300343882E-005
   15.875000000000000       1.11860234566407581E-005
   16.000000000000000       3.89241950436543692E-006
   16.125000000000000       1.21632663469495788E-006
   16.250000000000000       3.42913921537889030E-007
   16.375000000000000       8.75711694866329895E-008
   16.500000000000000       2.03264969868689006E-008
   16.625000000000000       4.30080408757600398E-009
   16.750000000000000       8.31543442394773409E-010
   16.875000000000000       1.47216012738710604E-010
   17.000000000000000       2.39050266099809257E-011
   17.125000000000000       3.56511989599246745E-012
   17.250000000000000       4.88838591366697029E-013
   17.375000000000000       6.16732519651870244E-014
   17.500000000000000       7.16285239060548110E-015
   17.625000000000000       7.66017865634104501E-016
   17.750000000000000       7.54312917834271295E-017
   17.875000000000000       6.83769553780005379E-018
   18.000000000000000       5.70278263286869148E-019
   18.125000000000000       4.37259109200677634E-020
   18.250000000000000       3.07891597887400120E-021
   18.375000000000000       1.98820678604147139E-022
   18.500000000000000       1.17538573653597250E-023
   18.625000000000000       6.34804491461024980E-025
   18.750000000000000       3.12419635975110433E-026
   18.875000000000000       1.39687167583595776E-027
   19.000000000000000       5.65353807005978563E-029
   19.125000000000000       2.06228940219725499E-030
   19.250000000000000       6.74513788712175174E-032
   19.375000000000000       1.96573654164421100E-033
   19.500000000000000       5.06572732219835694E-035
   19.625000000000000       1.14354853756379133E-036
   19.750000000000000       2.23478074454250996E-038
   19.875000000000000       3.72389703720368188E-040
   20.000000000000000       5.18598423705593672E-042
   20.125000000000000       5.87129439426835590E-044
   20.250000000000000       5.19038985783711133E-046
   20.375000000000000       3.36058446853379207E-048
   20.500000000000000       1.41720042988507621E-050
   20.625000000000000       2.92084170337977685E-053
   20.750000000000000        0.0000000000000000     
   20.875000000000000        0.0000000000000000     
   21.000000000000000        0.0000000000000000     
   21.125000000000000        0.0000000000000000     
   21.250000000000000        0.0000000000000000     
   21.375000000000000        0.0000000000000000     
   21.500000000000000        0.0000000000000000     
   21.625000000000000        0.0000000000000000     
   21.750000000000000        0.0000000000000000     
   21.875000000000000        0.0000000000000000     
   22.000000000000000        0.0000000000000000     
   22.125000000000000        0.0000000000000000     
   22.250000000000000        0.0000000000000000     
   22.375000000000000        0.0000000000000000     
   22.500000000000000        0.0000000000000000     
   22.625000000000000        0.0000000000000000     
   22.750000000000000        0.0000000000000000     
   22.875000000000000        0.0000000000000000     
   23.000000000000000        0.0000000000000000     
   23.125000000000000        0.0000000000000000     
   23.250000000000000        0.0000000000000000     
   23.375000000000000        0.0000000000000000     
   23.500000000000000        0.0000000000000000     
   23.625000000000000        0.0000000000000000     
   23.750000000000000        0.0000000000000000     
   23.875000000000000        0.0000000000000000     
   24.000000000000000        0.0000000000000000     
   24.125000000000000        0.0000000000000000     
   24.250000000000000        0.0000000000000000     
   24.375000000000000        0.0000000000000000     
   24.500000000000000        0.0000000000000000     
   24.625000000000000        0.0000000000000000     
   24.750000000000000        0.0000000000000000     
   24.875000000000000        0.0000000000000000     
   25.000000000000000        0.0000000000000000     
   25.125000000000000        0.0000000000000000     
   25.250000000000000        0.0000000000000000     
   25.375000000000000        0.0000000000000000     
   25.500000000000000        0.0000000000000000     
   25.625000000000000        0.0000000000000000     
   25.750000000000000        0.0000000000000000     
   25.875000000000000        0.0000000000000000     
   26.000000000000000        0.0000000000000000     
   26.125000000000000        0.0000000000000000     
   26.250000000000000        0.0000000000000000     
   26.375000000000000        0.0000000000000000     
   26.500000000000000        0.0000000000000000     
   26.625000000000000        0.0000000000000000     
   26.750000000000000        0.0000000000000000     
   26.875000000000000        0.0000000000000000     
   27.000000000000000        0.0000000000000000     
   27.125000000000000        0.0000000000000000     
   27.250000000000000        0.0000000000000000     
   27.375000000000000        0.0000000000000000     
   27.500000000000000        0.0000000000000000     
   27.625000000000000        0.0000000000000000     
   27.750000000000000        0.0000000000000000     
   27.875000000000000        0.0000000000000000     
   28.000000000000000        0.0000000000000000     
   28.125000000000000        0.0000000000000000     
   28.250000000000000        0.0000000000000000     
   28.375000000000000        0.0000000000000000     
   28.500000000000000        0.0000000000000000     
   28.625000000000000        0.0000000000000000     
   28.750000000000000        0.0000000000000000     
   28.875000000000000        0.0000000000000000     
   29.000000000000000        0.0000000000000000     
   29.125000000000000        0.0000000000000000     
   29.250000000000000        0.0000000000000000     
   29.375000000000000        0.0000000000000000     
   29.500000000000000        0.0000000000000000     
   29.625000000000000        0.0000000000000000     
   29.750000000000000        0.0000000000000000     
   29.875000000000000        0.0000000000000000     
   30.000000000000000        0.0000000000000000     
   30.125000000000000        0.0000000000000000     
   30.250000000000000        0.0000000000000000     
   30.375000000000000        0.0000000000000000     
   30.500000000000000        0.0000000000000000     
   30.625000000000000        0.0000000000000000     
   30.750000000000000        0.0000000000000000     
   30.875000000000000        0.0000000000000000     
   31.000000000000000        0.0000000000000000     
   31.125000000000000        0.0000000000000000     
   31.250000000000000        0.0000000000000000     
   31.375000000000000        0.0000000000000000     
   31.500000000000000        0.0000000000000000     
   31.625000000000000        0.0000000000000000     
   31.750000000000000        0.0000000000000000     
   31.875000000000000        0.0000000000000000     
   32.000000000000000        0.0000000000000000     
   32.125000000000000        0.0000000000000000     
   32.250000000000000        0.0000000000000000     
   32.375000000000000        0.0000000000000000     
   32.500000000000000        0.0000000000000000     
   32.625000000000000        0.0000000000000000     
   32.750000000000000        0.0000000000000000     
   32.875000000000000        0.0000000000000000     
   33.000000000000000        0.0000000000000000     
   33.125000000000000        0.0000000000000000     
   33.250000000000000        0.0000000000000000     
   33.375000000000000        0.0000000000000000     
   33.500000000000000        0.0000000000000000     
   33.625000000000000        0.0000000000000000     
   33.750000000000000        0.0000000000000000     
   33.875000000000000        0.0000000000000000     
   34.000000000000000        0.0000000000000000     
   34.125000000000000        0.0000000000000000     
   34.250000000000000        0.0000000000000000     
   34.375000000000000        0.0000000000000000     
   34.500000000000000        0.0000000000000000     
   34.625000000000000        0.0000000000000000     
   34.750000000000000        0.0000000000000000     
   34.875000000000000        0.0000000000000000     
   35.000000000000000        0.0000000000000000     
   35.125000000000000        0.0000000000000000     
   35.250000000000000        0.0000000000000000     
   35.375000000000000        0.0000000000000000     
   35.500000000000000        0.0000000000000000     
   35.625000000000000        0.0000000000000000     
   35.750000000000000        0.0000000000000000     
   35.875000000000000        0.0000000000000000     
   36.000000000000000        0.0000000000000000     
   36.125000000000000        0.0000000000000000     
   36.250000000000000        0.0000000000000000     
   36.375000000000000        0.0000000000000000     
   36.500000000000000        0.0000000000000000     
   36.625000000000000        0.0000000000000000     
   36.750000000000000        0.0000000000000000     
   36.875000000000000        0.0000000000000000     
   37.000000000000000        0.0000000000000000     
   37.125000000000000        0.0000000000000000     
   37.250000000000000        0.0000000000000000     
   37.375000000000000        0.0000000000000000     
   37.500000000000000        0.0000000000000000     
   37.625000000000000        0.0000000000000000     
   37.750000000000000        0.0000000000000000     
   37.875000000000000        0.0000000000000000     
   38.000000000000000        0.0000000000000000     
   38.125000000000000        0.0000000000000000     
   38.250000000000000        0.0000000000000000     
   38.375000000000000        0.0000000000000000     
   38.500000000000000        0.0000000000000000     
   38.625000000000000        0.0000000000000000     
   38.750000000000000        0.0000000000000000     
   38.875000000000000        0.0000000000000000     
   39.000000000000000        0.0000000000000000     
   39.125000000000000        0.0000000000000000     
   39.250000000000000        0.0000000000000000     
   39.375000000000000        0.0000000000000000     
   39.500000000000000        0.0000000000000000     
   39.625000000000000        0.0000000000000000     
   39.750000000000000        0.0000000000000000     
   39.875000000000000        0.0000000000000000     
   40.000000000000000        0.0000000000000000     
   40.125000000000000        0.0000000000000000     
   40.250000000000000        0.0000000000000000     
   40.375000000000000        0.0000000000000000     
   40.500000000000000        0.0000000000000000     
   40.625000000000000        0.0000000000000000     
   40.750000000000000        0.0000000000000000     
   40.875000000000000        0.0000000000000000     
   41.000000000000000        0.0000000000000000     
   41.125000000000000        0.0000000000000000     
   41.250000000000000        0.0000000000000000     
   41.375000000000000        0.0000000000000000     
   41.500000000000000        0.0000000000000000     
   41.625000000000000        0.0000000000000000     
   41.750000000000000        0.0000000000000000     
   41.875000000000000        0.0000000000000000     
   42.000000000000000        0.0000000000000000     
   42.125000000000000        0.0000000000000000     
   42.250000000000000        0.0000000000000000     
   42.375000000000000        0.0000000000000000     
   42.500000000000000        0.0000000000000000     
   42.625000000000000        0.0000000000000000     
   42.750000000000000        0.0000000000000000     
   42.875000000000000        0.0000000000000000     
   43.000000000000000        0.0000000000000000     
   43.125000000000000        0.0000000000000000     
   43.250000000000000        0.0000000000000000     
   43.375000000000000        0.0000000000000000     
   43.500000000000000        0.0000000000000000     
   43.625000000000000        0.0000000000000000     
   43.750000000000000        0.0000000000000000     
   43.875000000000000        0.0000000000000000     
   44.000000000000000        0.0000000000000000     
   44.125000000000000        0.0000000000000000     
   44.250000000000000        0.0000000000000000     
   44.375000000000000        0.0000000000000000     
   44.500000000000000        0.0000000000000000     
   44.625000000000000        0.0000000000000000     
   44.750000000000000        0.0000000000000000     
   44.875000000000000        0.0000000000000000     
   45.000000000000000        0.0000000000000000     
   45.125000000000000        0.0000000000000000     
   45.250000000000000        0.0000000000000000     
   45.375000000000000        0.0000000000000000     
   45.500000000000000        0.0000000000000000     
   45.625000000000000        0.0000000000000000     
   45.750000000000000        0.0000000000000000     
   45.875000000000000        0.0000000000000000     
   46.000000000000000        0.0000000000000000     
   46.125000000000000        0.0000000000000000     
   46.250000000000000        0.0000000000000000     
   46.375000000000000        0.0000000000000000     
   46.500000000000000        0.0000000000000000     
   46.625000000000000        0.0000000000000000     
   46.750000000000000        0.0000000000000000     
   46.875000000000000        0.0000000000000000     
   47.000000000000000        0.0000000000000000     
   47.125000000000000        0.0000000000000000     
   47.250000000000000        0.0000000000000000     
   47.375000000000000        0.0000000000000000     
   47.500000000000000        0.0000000000000000     
   47.625000000000000        0.0000000000000000     
   47.750000000000000        0.0000000000000000     
   47.875000000000000        0.0000000000000000     
   48.000000000000000        0.0000000000000000     
   48.125000000000000        0.0000000000000000     
   48.250000000000000        0.0000000000000000     
   48.375000000000000        0.0000000000000000     
   48.500000000000000        0.0000000000000000     
   48.625000000000000        0.0000000000000000     
   48.750000000000000        0.0000000000000000     
   48.875000000000000        0.0000000000000000     
   49.000000000000000        0.0000000000000000     
   49.125000000000000        0.0000000000000000     
   49.250000000000000        0.0000000000000000     
   49.375000000000000        0.0000000000000000     
   49.500000000000000        0.0000000000000000     
   49.625000000000000        0.0000000000000000     
   49.750000000000000        0.0000000000000000     
   49.875000000000000        0.0000000000000000     
   50.000000000000000        0.0000000000000000     
   50.125000000000000        0.0000000000000000     
   50.250000000000000        0.0000000000000000     
   50.375000000000000        0.0000000000000000     
   50.500000000000000        0.0000000000000000     
   50.625000000000000        0.0000000000000000     
   50.750000000000000        0.0000000000000000     
   50.875000000000000        0.0000000000000000     
   51.000000000000000        0.0000000000000000     
   51.125000000000000        0.0000000000000000     
   51.250000000000000        0.0000000000000000     
   51.375000000000000        0.0000000000000000     
   51.500000000000000        0.0000000000000000     
   51.625000000000000        0.0000000000000000     
   51.750000000000000        0.0000000000000000     
   51.875000000000000        0.0000000000000000     
   52.000000000000000        0.0000000000000000     
   52.125000000000000        0.0000000000000000     
   52.250000000000000        0.0000000000000000     
   52.375000000000000        0.0000000000000000     
   52.500000000000000        0.0000000000000000     
   52.625000000000000        0.0000000000000000     
   52.750000000000000        0.0000000000000000     
   52.875000000000000        0.0000000000000000     
   53.000000000000000        0.0000000000000000     
   53.125000000000000        0.0000000000000000     
   53.250000000000000        0.0000000000000000     
   53.375000000000000        0.0000000000000000     
   53.500000000000000        0.0000000000000000     
   53.625000000000000        0.0000000000000000     
   53.750000000000000        0.0000000000000000     
   53.875000000000000        0.0000000000000000     
   54.000000000000000        0.0000000000000000     
   54.125000000000000        0.0000000000000000     
   54.250000000000000        0.0000000000000000     
   54.375000000000000        0.0000000000000000     
   54.500000000000000        0.0000000000000000     
   54.625000000000000        0.0000000000000000     
   54.750000000000000        0.0000000000000000     
   54.875000000000000        0.0000000000000000     
   55.000000000000000        0.0000000000000000     
   55.125000000000000        0.0000000000000000     
   55.250000000000000        0.0000000000000000     
   55.375000000000000        0.0000000000000000     
   55.500000000000000        0.0000000000000000     
   55.625000000000000        0.0000000000000000     
   55.750000000000000        0.0000000000000000     
   55.875000000000000        0.0000000000000000     
   56.000000000000000        0.0000000000000000     
   56.125000000000000        0.0000000000000000     
   56.250000000000000        0.0000000000000000     
   56.375000000000000        0.0000000000000000     
   56.500000000000000        0.0000000000000000     
   56.625000000000000        0.0000000000000000     
   56.750000000000000        0.0000000000000000     
   56.875000000000000        0.0000000000000000     
   57.000000000000000        0.0000000000000000     
   57.125000000000000        0.0000000000000000     
   57.250000000000000        0.0000000000000000     
   57.375000000000000        0.0000000000000000     
   57.500000000000000        0.0000000000000000     
   57.625000000000000        0.0000000000000000     
   57.750000000000000        0.0000000000000000     
   57.875000000000000        0.0000000000000000     
   58.000000000000000        0.0000000000000000     
   58.125000000000000        0.0000000000000000     
   58.250000000000000        0.0000000000000000     
   58.375000000000000        0.0000000000000000     
   58.500000000000000        0.0000000000000000     
   58.625000000000000        0.0000000000000000     
   58.750000000000000        0.0000000000000000     
   58.875000000000000        0.0000000000000000     
   59.000000000000000        0.0000000000000000     
   59.125000000000000        0.0000000000000000     
   59.250000000000000        0.0000000000000000     
   59.375000000000000        0.0000000000000000     
   59.500000000000000        0.0000000000000000     
   59.625000000000000        0.0000000000000000     
   59.750000000000000        0.0000000000000000     
   59.875000000000000        0.0000000000000000     
   60.000000000000000        0.0000000000000000     
   60.125000000000000        0.0000000000000000     
   60.250000000000000        0.0000000000000000     
   60.375000000000000        0.0000000000000000     
   60.500000000000000        0.0000000000000000     
   60.625000000000000        0.0000000000000000     
   60.750000000000000        0.0000000000000000     
   60.875000000000000        0.0000000000000000     
   61.000000000000000        0.0000000000000000     
   61.125000000000000        0.0000000000000000     
   61.250000000000000        0.0000000000000000     
   61.375000000000000        0.0000000000000000     
   61.500000000000000        0.0000000000000000     
   61.625000000000000        0.0000000000000000     
   61.750000000000000        0.0000000000000000     
   61.875000000000000        0.0000000000000000     
   62.000000000000000        0.0000000000000000     
   62.125000000000000        0.0000000000000000     
   62.250000000000000        0.0000000000000000     
   62.375000000000000        0.0000000000000000     
   62.500000000000000        0.0000000000000000     
   62.625000000000000        0.0000000000000000     
   62.750000000000000        0.0000000000000000     
   62.875000000000000        0.0000000000000000     
   63.000000000000000        0.0000000000000000     
   63.125000000000000        0.0000000000000000     
   63.250000000000000        0.0000000000000000     
   63.375000000000000        0.0000000000000000     
   63.500000000000000        0.0000000000000000     
   63.625000000000000        0.0000000000000000     
   63.750000000000000        0.0000000000000000     
   63.875000000000000        0.0000000000000000     
   64.000000000000000        0.0000000000000000     
   64.125000000000000        0.0000000000000000     
   64.250000000000000        0.0000000000000000     
   64.375000000000000        0.0000000000000000     
   64.500000000000000        0.0000000000000000     
   64.625000000000000        0.0000000000000000     
   64.750000000000000        0.0000000000000000     
   64.875000000000000        0.0000000000000000     
   65.000000000000000        0.0000000000000000     
   65.125000000000000        0.0000000000000000     
   65.250000000000000        0.0000000000000000     
   65.375000000000000        0.0000000000000000     
   65.500000000000000        0.0000000000000000     
   65.625000000000000        0.0000000000000000     
   65.750000000000000        0.0000000000000000     
   65.875000000000000        0.0000000000000000     
   66.000000000000000        0.0000000000000000     
   66.125000000000000        0.0000000000000000     
   66.250000000000000        0.0000000000000000     
   66.375000000000000        0.0000000000000000     
   66.500000000000000        0.0000000000000000     
   66.625000000000000        0.0000000000000000     
   66.750000000000000        0.0000000000000000     
   66.875000000000000        0.0000000000000000     
   67.000000000000000        0.0000000000000000     
   67.125000000000000        0.0000000000000000     
   67.250000000000000        0.0000000000000000     
   67.375000000000000        0.0000000000000000     
   67.500000000000000        0.0000000000000000     
   67.625000000000000        0.0000000000000000     
   67.750000000000000        0.0000000000000000     
   67.875000000000000        0.0000000000000000     
   68.000000000000000        0.0000000000000000     
   68.125000000000000        0.0000000000000000     
   68.250000000000000        0.0000000000000000     
   68.375000000000000        0.0000000000000000     
   68.500000000000000        0.0000000000000000     
   68.625000000000000        0.0000000000000000     
   68.750000000000000        0.0000000000000000     
   68.875000000000000        0.0000000000000000     
   69.000000000000000        0.0000000000000000     
   69.125000000000000        0.0000000000000000     
   69.250000000000000        0.0000000000000000     
   69.375000000000000        0.0000000000000000     
   69.500000000000000        0.0000000000000000     
   69.625000000000000        0.0000000000000000     
   69.750000000000000        0.0000000000000000     
   69.875000000000000        0.0000000000000000     
   70.000000000000000        0.0000000000000000     
   70.125000000000000        0.0000000000000000     
   70.250000000000000        0.0000000000000000     
   70.375000000000000        0.0000000000000000     
   70.500000000000000        0.0000000000000000     
   70.625000000000000        0.0000000000000000     
   70.750000000000000        0.0000000000000000     
   70.875000000000000        0.0000000000000000     
   71.000000000000000        0.0000000000000000     
   71.125000000000000        0.0000000000000000     
   71.250000000000000        0.0000000000000000     
   71.375000000000000        0.0000000000000000     
   71.500000000000000        0.0000000000000000     
   71.625000000000000        0.0000000000000000     
   71.750000000000000        0.0000000000000000     
   71.875000000000000        0.0000000000000000     
   72.000000000000000        0.0000000000000000     
   72.125000000000000        0.0000000000000000     
   72.250000000000000        0.0000000000000000     
   72.375000000000000        0.0000000000000000     
   72.500000000000000        0.0000000000000000     
   72.625000000000000        0.0000000000000000     
   72.750000000000000        0.0000000000000000     
   72.875000000000000        0.0000000000000000     
   73.000000000000000        0.0000000000000000     
   73.125000000000000        0.0000000000000000     
   73.250000000000000        0.0000000000000000     
   73.375000000000000        0.0000000000000000     
   73.500000000000000        0.0000000000000000     
   73.625000000000000        0.0000000000000000     
   73.750000000000000        0.0000000000000000     
   73.875000000000000        0.0000000000000000     
   74.000000000000000        0.0000000000000000     
   74.125000000000000        0.0000000000000000     
   74.250000000000000        0.0000000000000000     
   74.375000000000000        0.0000000000000000     
   74.500000000000000        0.0000000000000000     
   74.625000000000000        0.0000000000000000     
   74.750000000000000        0.0000000000000000     
   74.875000000000000        0.0000000000000000     
   75.000000000000000        0.0000000000000000     
   75.125000000000000        0.0000000000000000     
   75.250000000000000        0.0000000000000000     
   75.375000000000000        0.0000000000000000     
   75.500000000000000        0.0000000000000000     
   75.625000000000000        0.0000000000000000     
   75.750000000000000        0.0000000000000000     
   75.875000000000000        0.0000000000000000     
   76.000000000000000        0.0000000000000000     
   76.125000000000000        0.0000000000000000     
   76.250000000000000        0.0000000000000000     
   76.375000000000000        0.0000000000000000     
   76.500000000000000        0.0000000000000000     
   76.625000000000000        0.0000000000000000     
   76.750000000000000        0.0000000000000000     
   76.875000000000000        0.0000000000000000     
   77.000000000000000        0.0000000000000000     
   77.125000000000000        0.0000000000000000     
   77.250000000000000        0.0000000000000000     
   77.375000000000000        0.0000000000000000     
   77.500000000000000        0.0000000000000000     
   77.625000000000000        0.0000000000000000     
   77.750000000000000        0.0000000000000000     
   77.875000000000000        0.0000000000000000     
   78.000000000000000        0.0000000000000000     
   78.125000000000000        0.0000000000000000     
   78.250000000000000        0.0000000000000000     
   78.375000000000000        0.0000000000000000     
   78.500000000000000        0.0000000000000000     
   78.625000000000000        0.0000000000000000     
   78.750000000000000        0.0000000000000000     
   78.875000000000000        0.0000000000000000     
   79.000000000000000        0.0000000000000000     
   79.125000000000000        0.0000000000000000     
   79.250000000000000        0.0000000000000000     
   79.375000000000000        0.0000000000000000     
   79.500000000000000        0.0000000000000000     
   79.625000000000000        0.0000000000000000     
   79.750000000000000        0.0000000000000000     
   79.875000000000000        0.0000000000000000     
   80.000000000000000        0.0000000000000000     
   80.125000000000000        0.0000000000000000     
   80.250000000000000        0.0000000000000000     
   80.375000000000000        0.0000000000000000     
   80.500000000000000        0.0000000000000000     
   80.625000000000000        0.0000000000000000     
   80.750000000000000        0.0000000000000000     
   80.875000000000000        0.0000000000000000     
   81.000000000000000        0.0000000000000000     
   81.125000000000000        0.0000000000000000     
   81.250000000000000        0.0000000000000000     
   81.375000000000000        0.0000000000000000     
   81.500000000000000        0.0000000000000000     
   81.625000000000000        0.0000000000000000     
   81.750000000000000        0.0000000000000000     
   81.875000000000000        0.0000000000000000     
   82.000000000000000        0.0000000000000000     
   82.125000000000000        0.0000000000000000     
   82.250000000000000        0.0000000000000000     
   82.375000000000000        0.0000000000000000     
   82.500000000000000        0.0000000000000000     
   82.625000000000000        0.0000000000000000     
   82.750000000000000        0.0000000000000000     
   82.875000000000000        0.0000000000000000     
   83.000000000000000        0.0000000000000000     
   83.125000000000000        0.0000000000000000     
   83.250000000000000        0.0000000000000000     
   83.375000000000000        0.0000000000000000     
   83.500000000000000        0.0000000000000000     
   83.625000000000000        0.0000000000000000     
   83.750000000000000        0.0000000000000000     
   83.875000000000000        0.0000000000000000     
   84.000000000000000        0.0000000000000000     
   84.125000000000000        0.0000000000000000     
   84.250000000000000        0.0000000000000000     
   84.375000000000000        0.0000000000000000     
   84.500000000000000        0.0000000000000000     
   84.625000000000000        0.0000000000000000     
   84.750000000000000        0.0000000000000000     
   84.875000000000000        0.0000000000000000     
   85.000000000000000        0.0000000000000000     
   85.125000000000000        0.0000000000000000     
   85.250000000000000        0.0000000000000000     
   85.375000000000000        0.0000000000000000     
   85.500000000000000        0.0000000000000000     
   85.625000000000000        0.0000000000000000     
   85.750000000000000        0.0000000000000000     
   85.875000000000000        0.0000000000000000     
   86.000000000000000        0.0000000000000000     
   86.125000000000000        0.0000000000000000     
   86.250000000000000        0.0000000000000000     
   86.375000000000000        0.0000000000000000     
   86.500000000000000        0.0000000000000000     
   86.625000000000000        0.0000000000000000     
   86.750000000000000        0.0000000000000000     
   86.875000000000000        0.0000000000000000     
   87.000000000000000        0.0000000000000000     
   87.125000000000000        0.0000000000000000     
   87.250000000000000        0.0000000000000000     
   87.375000000000000        0.0000000000000000     
   87.500000000000000        0.0000000000000000     
   87.625000000000000        0.0000000000000000     
   87.750000000000000        0.0000000000000000     
   87.875000000000000        0.0000000000000000     
   88.000000000000000        0.0000000000000000     
   88.125000000000000        0.0000000000000000     
   88.250000000000000        0.0000000000000000     
   88.375000000000000        0.0000000000000000     
   88.500000000000000        0.0000000000000000     
   88.625000000000000        0.0000000000000000     
   88.750000000000000        0.0000000000000000     
   88.875000000000000        0.0000000000000000     
   89.000000000000000        0.0000000000000000     
   89.125000000000000        0.0000000000000000     
   89.250000000000000        0.0000000000000000     
   89.375000000000000        0.0000000000000000     
   89.500000000000000        0.0000000000000000     
