  -10.500000000000000        0.0000000000000000     
  -10.375000000000000       4.10005055519924272E-006
  -10.250000000000000      -6.57900680597360004E-006
  -10.125000000000000       6.24672403082446881E-006
  -10.000000000000000      -2.69583648230736081E-006
  -9.8750000000000000      -3.46294020893297511E-006
  -9.7500000000000000       1.07014090057840087E-005
  -9.6250000000000000      -1.69502008341674917E-005
  -9.5000000000000000       2.03700774036796333E-005
  -9.3750000000000000      -2.00660084337644941E-005
  -9.2500000000000000       1.66404117402207755E-005
  -9.1250000000000000      -1.19794586920638543E-005
  -9.0000000000000000       8.52696190649508519E-006
  -8.8750000000000000      -7.95975382750774280E-006
  -8.7500000000000000       1.02489677255607004E-005
  -8.6250000000000000      -1.32767892426094955E-005
  -8.5000000000000000       1.38061047101902997E-005
  -8.3750000000000000      -9.02833031619527486E-006
  -8.2500000000000000      -1.53601088885250721E-006
  -8.1250000000000000       1.53783099904445219E-005
  -8.0000000000000000      -2.75926356759077549E-005
  -7.8750000000000000       3.32625124232991198E-005
  -7.7500000000000000      -2.99175583358638726E-005
  -7.6250000000000000       1.93836836481871032E-005
  -7.5000000000000000      -7.12349540852137835E-006
  -7.3750000000000000      -1.39185473048391423E-007
  -7.2500000000000000      -1.81096106261945859E-006
  -7.1250000000000000       1.23723524101425271E-005
  -7.0000000000000000      -2.59151189012285898E-005
  -6.8750000000000000       3.48996446782737289E-005
  -6.7500000000000000      -3.38629279475811769E-005
  -6.6250000000000000       2.28924138941273016E-005
  -6.5000000000000000      -7.47362165643173322E-006
  -6.3750000000000000      -4.43857795937060268E-006
  -6.2500000000000000       7.48510913131404922E-006
  -6.1250000000000000      -1.94053960308343791E-006
  -6.0000000000000000      -6.25318174399484280E-006
  -5.8750000000000000       9.75556223139550777E-006
  -5.7500000000000000      -4.58469351446843833E-006
  -5.6250000000000000      -6.67094753183590176E-006
  -5.5000000000000000       1.67349638976532459E-005
  -5.3750000000000000      -1.83405500906497998E-005
  -5.2500000000000000       9.87116533019962518E-006
  -5.1250000000000000       3.37942775339591885E-006
  -5.0000000000000000      -1.21802978164642255E-005
  -4.8750000000000000       1.01059344949883994E-005
  -4.7500000000000000       2.04000766522068947E-006
  -4.6250000000000000      -1.60285520766675572E-005
  -4.5000000000000000       2.21178174257931966E-005
  -4.3750000000000000      -1.55555210915531158E-005
  -4.2500000000000000       4.95636843046848432E-007
  -4.1250000000000000       1.31831104305133960E-005
  -4.0000000000000000      -1.63930520275762411E-005
  -3.8750000000000000       7.57636912906345053E-006
  -3.7500000000000000       6.91311304817919558E-006
  -3.6250000000000000      -1.72915457923566132E-005
  -3.5000000000000000       1.78996064374261813E-005
  -3.3750000000000000      -1.03507617764830641E-005
  -3.2500000000000000       1.86464775333643028E-006
  -3.1250000000000000       1.33210810453979068E-006
  -3.0000000000000000       1.74689645397074497E-006
  -2.8750000000000000      -6.37287111415979492E-006
  -2.7500000000000000       7.24951909338903241E-006
  -2.6250000000000000      -2.72003019812505157E-006
  -2.5000000000000000      -3.59899992022826384E-006
  -2.3750000000000000       6.80828106273729963E-006
  -2.2500000000000000      -4.53031082441150464E-006
  -2.1250000000000000      -8.44035985935558346E-007
  -2.0000000000000000       5.19835234094835204E-006
  -1.8750000000000000      -5.77661728932452821E-006
  -1.7500000000000000       3.48562227434038637E-006
  -1.6250000000000000      -5.24181721413367400E-007
  -1.5000000000000000      -1.61528678375655758E-006
  -1.3750000000000000       3.60264736273233928E-006
  -1.2500000000000000      -5.70218237629551352E-006
  -1.1250000000000000       6.66577472079783937E-006
  -1.0000000000000000      -3.81869767727695977E-006
 -0.87500000000000000      -2.99708500280836259E-006
 -0.75000000000000000       1.03086585067358956E-005
 -0.62500000000000000      -1.25372846524756107E-005
 -0.50000000000000000       7.88607215103522986E-006
 -0.37500000000000000      -1.23717914515459096E-007
 -0.25000000000000000      -4.04010396834754743E-006
 -0.12500000000000000       2.64957391704516395E-006
   0.0000000000000000      -6.25025204228713400E-007
  0.12500000000000000       5.52628482850574426E-006
  0.25000000000000000      -1.79042775301009005E-005
  0.37500000000000000       2.94568923671187743E-005
  0.50000000000000000      -2.97820413506229655E-005
  0.62500000000000000       1.81723545031132539E-005
  0.75000000000000000      -4.48378714841732437E-006
  0.87500000000000000      -4.95905129855027308E-007
   1.0000000000000000      -2.24026645630912535E-006
   1.1250000000000000       2.12348811110768737E-006
   1.2500000000000000       8.05902970028373486E-006
   1.3750000000000000      -2.10533878142241037E-005
   1.5000000000000000       2.35544048399391584E-005
   1.6250000000000000      -1.24259213753168361E-005
   1.7500000000000000       8.46527114420473253E-007
   1.8750000000000000      -1.59115759334564102E-006
   2.0000000000000000       1.04743000041940335E-005
   2.1250000000000000      -1.01009712777919659E-005
   2.2500000000000000      -5.27880261096242521E-006
   2.3750000000000000       1.94005538910776474E-005
   2.5000000000000000      -1.23444312859291644E-005
   2.6250000000000000      -1.08711287718591712E-005
   2.7500000000000000       2.42702009513551075E-005
   2.8750000000000000      -1.31424616711692968E-005
   3.0000000000000000      -4.69999416229369395E-006
   3.1250000000000000       3.41913324967489195E-006
   3.2500000000000000       1.50244637671548133E-005
   3.3750000000000000      -2.14911239047882390E-005
   3.5000000000000000       1.58098447019456556E-006
   3.6250000000000000       2.37038069460889659E-005
   3.7500000000000000      -2.66274121805336798E-005
   3.8750000000000000       1.22396590447993357E-005
   4.0000000000000000      -5.85434903949900629E-006
   4.1250000000000000       1.17160326131440674E-005
   4.2500000000000000      -6.85992005045091529E-006
   4.3750000000000000      -1.49246453518671450E-005
   4.5000000000000000       2.63809095081232758E-005
   4.6250000000000000      -9.34639237486782810E-006
   4.7500000000000000      -7.18058344167149710E-006
   4.8750000000000000      -1.07913705786500778E-005
   5.0000000000000000       4.19245854680694926E-005
   5.1250000000000000      -3.29751198275230416E-005
   5.2500000000000000      -1.27288112390721687E-005
   5.3750000000000000       2.82770169703491275E-005
   5.5000000000000000       1.71855745351124096E-005
   5.6250000000000000      -5.95060947660528227E-005
   5.7500000000000000       3.01439942475049838E-005
   5.8750000000000000       3.94538654895590458E-005
   6.0000000000000000      -6.25487328008915260E-005
   6.1250000000000000       2.62915580256819332E-005
   6.2500000000000000       3.47029638228832604E-006
   6.3750000000000000       4.94655328639613396E-006
   6.5000000000000000      -1.10939562725594328E-005
   6.6250000000000000      -3.52899001338292802E-006
   6.7500000000000000      -2.51838974709525613E-006
   6.8750000000000000       4.17861256362486947E-005
   7.0000000000000000      -5.21367251150854180E-005
   7.1250000000000000       3.19683954580974510E-006
   7.2500000000000000       3.61732844239744044E-005
   7.3750000000000000      -6.87968538319645361E-006
   7.5000000000000000      -3.21339662776995566E-005
   7.6250000000000000       3.60327491168131606E-006
   7.7500000000000000       4.91971352685254289E-005
   7.8750000000000000      -3.08568928687875561E-005
   8.0000000000000000      -3.92242022105781116E-005
   8.1250000000000000       5.88131437098254669E-005
   8.2500000000000000      -1.07841157568683856E-005
   8.3750000000000000      -2.30493533507092837E-005
   8.5000000000000000       1.14292579524743579E-005
   8.6250000000000000      -3.01259694236355447E-006
   8.7500000000000000       1.17799319599755008E-005
   8.8750000000000000       4.61715342022453619E-006
   9.0000000000000000      -3.73100282309885852E-005
   9.1250000000000000       2.91706829440017153E-005
   9.2500000000000000       1.17690630813014589E-005
   9.3750000000000000      -1.91678828927622544E-005
   9.5000000000000000      -5.30535367758244151E-006
   9.6250000000000000       4.72169949108794234E-006
   9.7500000000000000       1.69308447698582280E-005
   9.8750000000000000      -1.25551471909746585E-005
   10.000000000000000      -4.82566452827917389E-006
   10.125000000000000       2.80759705456189257E-006
   10.250000000000000       1.74248834792464236E-006
   10.375000000000000      -1.37717963971087967E-006
   10.500000000000000       2.41615918770334901E-005
   10.625000000000000      -4.69975210029911810E-005
   10.750000000000000       3.18110186427660529E-005
   10.875000000000000      -1.32861952590854095E-005
   11.000000000000000       1.22774785528559911E-005
   11.125000000000000       1.43744161952381937E-005
   11.250000000000000      -3.41880046374915003E-005
   11.375000000000000      -3.73716997091529925E-006
   11.500000000000000       1.22610368003903988E-005
   11.625000000000000       4.05343134066293926E-005
   11.750000000000000      -1.79728437863103676E-005
   11.875000000000000      -4.76488688952087419E-005
   12.000000000000000      -2.48534569257157094E-006
   12.125000000000000       5.19874790921239665E-005
   12.250000000000000       2.23095876455525084E-005
   12.375000000000000      -2.76925269616823607E-005
   12.500000000000000      -4.82915487197655436E-005
   12.625000000000000      -8.47181740765639386E-007
   12.750000000000000       4.38068951736372771E-005
   12.875000000000000       3.98114122728775822E-005
   13.000000000000000      -2.01148362536202562E-005
   13.125000000000000      -3.89678724523079503E-005
   13.250000000000000      -5.35397998428950245E-005
   13.375000000000000       4.59842741532312367E-005
   13.500000000000000       7.46144320770393636E-005
   13.625000000000000      -1.30665141418467506E-005
   13.750000000000000      -2.33327213259634674E-005
   13.875000000000000      -6.66309043981669021E-005
   14.000000000000000      -1.67328990410806923E-005
   14.125000000000000       7.21584792385986709E-005
   14.250000000000000       5.37825542378954949E-005
   14.375000000000000      -8.90606461193538590E-006
   14.500000000000000      -4.60855856124878406E-005
   14.625000000000000      -7.65150867693318540E-005
   14.750000000000000       1.10660760913507754E-005
   14.875000000000000       8.34262260717096081E-005
   15.000000000000000       4.44730058231886035E-005
   15.125000000000000      -1.46456463107035605E-005
   15.250000000000000      -5.82399922371195039E-005
   15.375000000000000      -7.30960685022430146E-005
   15.500000000000000      -5.84701923664753974E-007
   15.625000000000000       1.04704266073481463E-004
   15.750000000000000       6.13600812960520117E-005
   15.875000000000000       1.43720455958236363E-005
   16.000000000000000      -6.33119571890368308E-005
   16.125000000000000      -1.24817236441419199E-004
   16.250000000000000      -7.66368902620517031E-005
   16.375000000000000       5.51828487225966254E-005
   16.500000000000000       1.31388469304546365E-004
   16.625000000000000       8.08150614868155624E-005
   16.750000000000000       9.02864533334920790E-005
   16.875000000000000       9.13947256898356018E-006
   17.000000000000000      -1.09330033478571557E-004
   17.125000000000000      -1.16225334592446204E-004
   17.250000000000000      -1.12067552539732090E-004
   17.375000000000000      -1.77684530124125182E-004
   17.500000000000000      -1.43018260183103759E-004
   17.625000000000000       5.48185373995216819E-005
   17.750000000000000       1.40214439352635243E-004
   17.875000000000000       2.23012483905429804E-004
   18.000000000000000       3.52290119529594342E-004
   18.125000000000000       3.85932233459196383E-004
   18.250000000000000       3.15295709649501864E-004
   18.375000000000000       2.34258454215922299E-004
   18.500000000000000       2.12680623684931801E-004
   18.625000000000000       1.59160266342025597E-004
   18.750000000000000       1.76804686074308012E-004
   18.875000000000000       3.54931818098884163E-004
   19.000000000000000       6.70025326835424484E-004
   19.125000000000000       1.04151607814348727E-003
   19.250000000000000       1.41052474347931698E-003
   19.375000000000000       1.83151493918916808E-003
   19.500000000000000       2.26964728589142475E-003
   19.625000000000000       2.73053681420447900E-003
   19.750000000000000       3.22067347620155894E-003
   19.875000000000000       3.74123050357067378E-003
   20.000000000000000       4.20392142691372594E-003
   20.125000000000000       4.55761279956231301E-003
   20.250000000000000       5.01636314855215346E-003
   20.375000000000000       5.57864126287283598E-003
   20.500000000000000       6.08481372414770502E-003
   20.625000000000000       6.56014894096639944E-003
   20.750000000000000       7.09172397664732321E-003
   20.875000000000000       7.66290255818591771E-003
   21.000000000000000       8.27545685465187926E-003
   21.125000000000000       8.99964680745539945E-003
   21.250000000000000       9.72563161941989753E-003
   21.375000000000000       1.03985951013559549E-002
   21.500000000000000       1.10957218635481178E-002
   21.625000000000000       1.18554776665936498E-002
   21.750000000000000       1.26530527294596955E-002
   21.875000000000000       1.33665559101621857E-002
   22.000000000000000       1.40795538088456119E-002
   22.125000000000000       1.48742385764244773E-002
   22.250000000000000       1.55920572379057102E-002
   22.375000000000000       1.62685694580649992E-002
   22.500000000000000       1.70600143421530299E-002
   22.625000000000000       1.78250878223889624E-002
   22.750000000000000       1.84704180338858791E-002
   22.875000000000000       1.92516887500886087E-002
   23.000000000000000       2.00687083105877163E-002
   23.125000000000000       2.07684050353614154E-002
   23.250000000000000       2.15994061519471543E-002
   23.375000000000000       2.24175577538344127E-002
   23.500000000000000       2.31732915149821354E-002
   23.625000000000000       2.40180382384514515E-002
   23.750000000000000       2.48141396753862875E-002
   23.875000000000000       2.56731481836547787E-002
   24.000000000000000       2.65261212416836416E-002
   24.125000000000000       2.72969618688045194E-002
   24.250000000000000       2.82094504154921828E-002
   24.375000000000000       2.90871738662863352E-002
   24.500000000000000       2.99023240333297219E-002
   24.625000000000000       3.07900645499020395E-002
   24.750000000000000       3.16367451948878775E-002
   24.875000000000000       3.24796692673769913E-002
   25.000000000000000       3.33625744419156489E-002
   25.125000000000000       3.41844123691362398E-002
   25.250000000000000       3.49112915067537194E-002
   25.375000000000000       3.58054533109898668E-002
   25.500000000000000       3.68332793274502787E-002
   25.625000000000000       3.75765019489236532E-002
   25.750000000000000       3.83104213056351256E-002
   25.875000000000000       3.93219308277855395E-002
   26.000000000000000       4.03243882969508277E-002
   26.125000000000000       4.11294674327496029E-002
   26.250000000000000       4.17770864708832609E-002
   26.375000000000000       4.26624939632936490E-002
   26.500000000000000       4.37247255460676623E-002
   26.625000000000000       4.44811793929086943E-002
   26.750000000000000       4.51994809995089550E-002
   26.875000000000000       4.61250253129650428E-002
   27.000000000000000       4.71167317803787566E-002
   27.125000000000000       4.80424843804760845E-002
   27.250000000000000       4.87894709657157311E-002
   27.375000000000000       4.96391731681259663E-002
   27.500000000000000       5.06355175021687767E-002
   27.625000000000000       5.14554047086833860E-002
   27.750000000000000       5.21772993296286958E-002
   27.875000000000000       5.29897765074157021E-002
   28.000000000000000       5.39495527113969947E-002
   28.125000000000000       5.49523250906649927E-002
   28.250000000000000       5.58734083170957588E-002
   28.375000000000000       5.67914692181105754E-002
   28.500000000000000       5.76536965357824643E-002
   28.625000000000000       5.84045273698049344E-002
   28.750000000000000       5.91711146365252599E-002
   28.875000000000000       6.00320313758762741E-002
   29.000000000000000       6.09559601926874250E-002
   29.125000000000000       6.18478971997779015E-002
   29.250000000000000       6.27077999617596943E-002
   29.375000000000000       6.34952308925470499E-002
   29.500000000000000       6.42087253294818250E-002
   29.625000000000000       6.50393571395168207E-002
   29.750000000000000       6.58738963909585445E-002
   29.875000000000000       6.65828492371890734E-002
   30.000000000000000       6.73945850026266419E-002
   30.125000000000000       6.83151672098041424E-002
   30.250000000000000       6.91527644195373131E-002
   30.375000000000000       6.98918068609097193E-002
   30.500000000000000       7.06799305896278068E-002
   30.625000000000000       7.15879549448500685E-002
   30.750000000000000       7.24740754870953768E-002
   30.875000000000000       7.33187703320088702E-002
   31.000000000000000       7.41512052941087907E-002
   31.125000000000000       7.48910710766295395E-002
   31.250000000000000       7.56766467506033436E-002
   31.375000000000000       7.66423993786343044E-002
   31.500000000000000       7.75320540121654522E-002
   31.625000000000000       7.80006232381351833E-002
   31.750000000000000       7.83520259673052832E-002
   31.875000000000000       7.93144503990409477E-002
   32.000000000000000       8.05361671351369074E-002
   32.125000000000000       8.09552731623998517E-002
   32.250000000000000       8.08632812503934789E-002
   32.375000000000000       8.15137658102575713E-002
   32.500000000000000       8.29907945459006507E-002
   32.625000000000000       8.39794841759631261E-002
   32.750000000000000       8.39402208878580330E-002
   32.875000000000000       8.41754940051311490E-002
   33.000000000000000       8.55388840802597389E-002
   33.125000000000000       8.69444525758858999E-002
   33.250000000000000       8.73136752443927355E-002
   33.375000000000000       8.72733405203498375E-002
   33.500000000000000       8.80493150232948413E-002
   33.625000000000000       8.94613824690854986E-002
   33.750000000000000       9.01338833480310880E-002
   33.875000000000000       8.97514342031752316E-002
   34.000000000000000       8.95234364153492529E-002
   34.125000000000000       9.01870789177305343E-002
   34.250000000000000       9.10267981097494794E-002
   34.375000000000000       9.13764703097198899E-002
   34.500000000000000       9.19059885503856339E-002
   34.625000000000000       9.30697603527712025E-002
   34.750000000000000       9.37745037372380297E-002
   34.875000000000000       9.34616135185857844E-002
   35.000000000000000       9.34761177851218955E-002
   35.125000000000000       9.44942184917239303E-002
   35.250000000000000       9.48159721768237901E-002
   35.375000000000000       9.35012762103148293E-002
   35.500000000000000       9.30737792386747281E-002
   35.625000000000000       9.55782195013506058E-002
   35.750000000000000       9.77978318758277176E-002
   35.875000000000000       9.52665744744576742E-002
   36.000000000000000       9.03800026894037295E-002
   36.125000000000000       9.06903409698478213E-002
   36.250000000000000       9.82340184744575351E-002
   36.375000000000000       0.10330911907283487     
   36.500000000000000       9.53718692839837651E-002
   36.625000000000000       8.06172630731145784E-002
   36.750000000000000       7.66305075553996434E-002
   36.875000000000000       9.35080168792135208E-002
   37.000000000000000       0.11588965695203975     
   37.125000000000000       0.10851276503738962     
   37.250000000000000       7.14574759072168081E-002
   37.375000000000000       3.75983122503106629E-002
   37.500000000000000       1.93494785347165243E-002
   37.625000000000000       1.11065779265915911E-002
   37.750000000000000       7.19385995322957376E-003
   37.875000000000000       4.99098137240735346E-003
   38.000000000000000       3.57960037084600413E-003
   38.125000000000000       2.64252075427043450E-003
   38.250000000000000       1.92902618167475784E-003
   38.375000000000000       1.33236833005031955E-003
   38.500000000000000       9.32597005324607578E-004
   38.625000000000000       7.07664793119205395E-004
   38.750000000000000       5.36293130346113863E-004
   38.875000000000000       4.52404183554461345E-004
   39.000000000000000       5.01292335989833257E-004
   39.125000000000000       5.37345344298577007E-004
   39.250000000000000       4.83771023193733528E-004
   39.375000000000000       4.53395544189605154E-004
   39.500000000000000       4.31854703077526770E-004
   39.625000000000000       2.82502331180466690E-004
   39.750000000000000       9.96510041202662198E-005
   39.875000000000000       9.97162915211742307E-005
   40.000000000000000       2.59558219284969968E-004
   40.125000000000000       4.47842834526007542E-004
   40.250000000000000       6.96438693500093251E-004
   40.375000000000000       1.04880174791202488E-003
   40.500000000000000       1.42621576064212870E-003
   40.625000000000000       1.82412056681649916E-003
   40.750000000000000       2.32508003608349143E-003
   40.875000000000000       2.85996561996075972E-003
   41.000000000000000       3.28489875751492976E-003
   41.125000000000000       3.65824626492588720E-003
   41.250000000000000       4.13098311144402975E-003
   41.375000000000000       4.66711286928386208E-003
   41.500000000000000       5.14039052023051741E-003
   41.625000000000000       5.56694579401589579E-003
   41.750000000000000       6.03470771948335857E-003
   41.875000000000000       6.55449462256690180E-003
   42.000000000000000       7.11537044502702672E-003
   42.125000000000000       7.73523733987950980E-003
   42.250000000000000       8.39107376788294015E-003
   42.375000000000000       9.03978182076258137E-003
   42.500000000000000       9.71065380612008873E-003
   42.625000000000000       1.04483213957904074E-002
   42.750000000000000       1.12103752216149051E-002
   42.875000000000000       1.19395538056533274E-002
   43.000000000000000       1.26627392271460061E-002
   43.125000000000000       1.34176328292787122E-002
   43.250000000000000       1.41725449508925561E-002
   43.375000000000000       1.48993080994863584E-002
   43.500000000000000       1.56279532063562203E-002
   43.625000000000000       1.63720010685216369E-002
   43.750000000000000       1.70993798036400309E-002
   43.875000000000000       1.78122111506844490E-002
   44.000000000000000       1.85561150953155243E-002
   44.125000000000000       1.93337476684649484E-002
   44.250000000000000       2.01038402398299454E-002
   44.375000000000000       2.08657830550500467E-002
   44.500000000000000       2.16545018266768065E-002
   44.625000000000000       2.24647389687197621E-002
   44.750000000000000       2.32665930346578897E-002
   44.875000000000000       2.40721285680035174E-002
   45.000000000000000       2.49057497314342582E-002
   45.125000000000000       2.57446485000812145E-002
   45.250000000000000       2.65669207715359297E-002
   45.375000000000000       2.74091435724818540E-002
   45.500000000000000       2.82955797344456896E-002
   45.625000000000000       2.91734850128306106E-002
   45.750000000000000       3.00059796851339690E-002
   45.875000000000000       3.08501187397057335E-002
   46.000000000000000       3.17417675102519628E-002
   46.125000000000000       3.26001845146201008E-002
   46.250000000000000       3.33737371949938688E-002
   46.375000000000000       3.41703085999480113E-002
   46.500000000000000       3.50825750845349671E-002
   46.625000000000000       3.60007742654503762E-002
   46.750000000000000       3.67993305082543604E-002
   46.875000000000000       3.75910190963320984E-002
   47.000000000000000       3.85425449963269218E-002
   47.125000000000000       3.95416608901367553E-002
   47.250000000000000       4.03550432127766368E-002
   47.375000000000000       4.10482529274652924E-002
   47.500000000000000       4.18949548924205384E-002
   47.625000000000000       4.28950024281474565E-002
   47.750000000000000       4.37715604236859276E-002
   47.875000000000000       4.44773453862240681E-002
   48.000000000000000       4.52927914935164350E-002
   48.125000000000000       4.63240125806685665E-002
   48.250000000000000       4.73112540834007694E-002
   48.375000000000000       4.80919258344551376E-002
   48.500000000000000       4.88661891830897283E-002
   48.625000000000000       4.97968684101164349E-002
   48.750000000000000       5.07111618469785475E-002
   48.875000000000000       5.14501363595479197E-002
   49.000000000000000       5.21931371409780562E-002
   49.125000000000000       5.31545718506490489E-002
   49.250000000000000       5.42213150750810377E-002
   49.375000000000000       5.51650517592984016E-002
   49.500000000000000       5.59949230421050922E-002
   49.625000000000000       5.68395162432613482E-002
   49.750000000000000       5.76800694049207155E-002
   49.875000000000000       5.84586123205822414E-002
   50.000000000000000       5.92735072828916160E-002
   50.125000000000000       6.02190707180949025E-002
   50.250000000000000       6.11788043424779382E-002
   50.375000000000000       6.20003043604089865E-002
   50.500000000000000       6.27398458458094527E-002
   50.625000000000000       6.35331338037850302E-002
   50.750000000000000       6.43622181386816483E-002
   50.875000000000000       6.51430435015445952E-002
   51.000000000000000       6.59118548985625496E-002
   51.125000000000000       6.67418927244093074E-002
   51.250000000000000       6.75933778291828852E-002
   51.375000000000000       6.84034281459652976E-002
   51.500000000000000       6.92062579374621428E-002
   51.625000000000000       7.00376737099676627E-002
   51.750000000000000       7.08608205262829111E-002
   51.875000000000000       7.16886855056705768E-002
   52.000000000000000       7.25962804610232187E-002
   52.125000000000000       7.35183479508122323E-002
   52.250000000000000       7.42842366974061363E-002
   52.375000000000000       7.49632745529450611E-002
   52.500000000000000       7.58382849759728916E-002
   52.625000000000000       7.68661513378888633E-002
   52.750000000000000       7.75996353512285325E-002
   52.875000000000000       7.79479163548155440E-002
   53.000000000000000       7.85009256827692847E-002
   53.125000000000000       7.95989781664172280E-002
   53.250000000000000       8.06046924661049796E-002
   53.375000000000000       8.08535992363949990E-002
   53.500000000000000       8.08990063523632591E-002
   53.625000000000000       8.17686663103516093E-002
   53.750000000000000       8.32261955055797614E-002
   53.875000000000000       8.40152700371194494E-002
   54.000000000000000       8.39485633269412418E-002
   54.125000000000000       8.43333340574609486E-002
   54.250000000000000       8.58005003916158943E-002
   54.375000000000000       8.71611710953674179E-002
   54.500000000000000       8.73651814545339661E-002
   54.625000000000000       8.73091276033618885E-002
   54.750000000000000       8.82804051782900556E-002
   54.875000000000000       8.96936197401379948E-002
   55.000000000000000       9.00616035764170708E-002
   55.125000000000000       8.95258579788533737E-002
   55.250000000000000       8.95350547934874175E-002
   55.375000000000000       9.04051639879837055E-002
   55.500000000000000       9.11288992228232175E-002
   55.625000000000000       9.14517030209281018E-002
   55.750000000000000       9.21916313548942212E-002
   55.875000000000000       9.33177378456768597E-002
   56.000000000000000       9.37195455916202680E-002
   56.125000000000000       9.33684067677640617E-002
   56.250000000000000       9.36155367747842637E-002
   56.375000000000000       9.46000984948361934E-002
   56.500000000000000       9.46288210823192644E-002
   56.625000000000000       9.33962096999054470E-002
   56.750000000000000       9.33959063017371915E-002
   56.875000000000000       9.59137035109071390E-002
   57.000000000000000       9.75964115540284283E-002
   57.125000000000000       9.47185369662313092E-002
   57.250000000000000       9.02241702982201216E-002
   57.375000000000000       9.13467420247771750E-002
   57.500000000000000       9.90692397971171812E-002
   57.625000000000000       0.10291785124015912     
   57.750000000000000       9.35806792077667621E-002
   57.875000000000000       7.93329120426600337E-002
   58.000000000000000       7.78635234928489323E-002
   58.125000000000000       9.67540246224108946E-002
   58.250000000000000       0.11664405835562575     
   58.375000000000000       0.10435535332523646     
   58.500000000000000       6.65648254318319116E-002
   58.625000000000000       3.49047999358515215E-002
   58.750000000000000       1.82659556906085256E-002
   58.875000000000000       1.06220560839768701E-002
   59.000000000000000       6.86692797364298058E-003
   59.125000000000000       4.76033433581105839E-003
   59.250000000000000       3.44170958016803280E-003
   59.375000000000000       2.55570414271081865E-003
   59.500000000000000       1.93102230452527751E-003
   59.625000000000000       1.47332089254337099E-003
   59.750000000000000       1.12698713877994660E-003
   59.875000000000000       8.58560651343465457E-004
   60.000000000000000       6.47733029384189580E-004
   60.125000000000000       4.81795366333409439E-004
   60.250000000000000       3.52175076194852709E-004
   60.375000000000000       2.52416298533548349E-004
   60.500000000000000       1.77141708756609192E-004
   60.625000000000000       1.21620645525850971E-004
   60.750000000000000       8.16575412131234380E-005
   60.875000000000000       5.36082449945452595E-005
   61.000000000000000       3.44144295748778525E-005
   61.125000000000000       2.16075749419892050E-005
   61.250000000000000       1.32723179700479384E-005
   61.375000000000000       7.97819347899743505E-006
   61.500000000000000       4.69499406267332152E-006
   61.625000000000000       2.70583685925190038E-006
   61.750000000000000       1.52781591898060681E-006
   61.875000000000000       8.45493883502933369E-007
   62.000000000000000       4.58759772689236830E-007
   62.125000000000000       2.44150590124151626E-007
   62.250000000000000       1.27492828208213828E-007
   62.375000000000000       6.53464966129600717E-008
   62.500000000000000       3.28863146612727936E-008
   62.625000000000000       1.62557398168728399E-008
   62.750000000000000       7.89466398040755981E-009
   62.875000000000000       3.76814134111576072E-009
   63.000000000000000       1.76812595770223202E-009
   63.125000000000000       8.15853767017627880E-010
   63.250000000000000       3.70288429225315067E-010
   63.375000000000000       1.65351223014434500E-010
   63.500000000000000       7.26641631639862463E-011
   63.625000000000000       3.14326129778552031E-011
   63.750000000000000       1.33870723640149954E-011
   63.875000000000000       5.61473498805027776E-012
   64.000000000000000       2.31953692263145785E-012
   64.125000000000000       9.44034747822624230E-013
   64.250000000000000       3.78592706498392738E-013
   64.375000000000000       1.49635207724609048E-013
   64.500000000000000       5.82974156702879230E-014
   64.625000000000000       2.23919844956597368E-014
   64.750000000000000       8.48075889541152702E-015
   64.875000000000000       3.16770107849909626E-015
   65.000000000000000       1.16704352070517290E-015
   65.125000000000000       4.24157355129566417E-016
   65.250000000000000       1.52098711750004824E-016
   65.375000000000000       5.38197945991025814E-017
   65.500000000000000       1.87946343785599969E-017
   65.625000000000000       6.47823265323487523E-018
   65.750000000000000       2.20426427302110749E-018
   65.875000000000000       7.40469468447533238E-019
   66.000000000000000       2.45605042917208844E-019
   66.125000000000000       8.04456761294684829E-020
   66.250000000000000       2.60225946702720329E-020
   66.375000000000000       8.31431872449367970E-021
   66.500000000000000       2.62406902180210294E-021
   66.625000000000000       8.18162107145556094E-022
   66.750000000000000       2.52034927043660386E-022
   66.875000000000000       7.67149278138316114E-023
   67.000000000000000       2.30747056444320010E-023
   67.125000000000000       6.85911098423512745E-024
   67.250000000000000       2.01517153175270483E-024
   67.375000000000000       5.85200730630792923E-025
   67.500000000000000       1.67989245060747191E-025
   67.625000000000000       4.76733910556672620E-026
   67.750000000000000       1.33758628241446629E-026
   67.875000000000000       3.71065964747414904E-027
   68.000000000000000       1.01787744942698478E-027
   68.125000000000000       2.76112200539761823E-028
   68.250000000000000       7.40715297371779079E-029
   68.375000000000000       1.96526786569792437E-029
   68.500000000000000       5.15733427657623209E-030
   68.625000000000000       1.33871937113392304E-030
   68.750000000000000       3.43749049075255809E-031
   68.875000000000000       8.73187352820746349E-032
   69.000000000000000       2.19438574454044060E-032
   69.125000000000000       5.45610999049081139E-033
   69.250000000000000       1.34227734101664609E-033
   69.375000000000000       3.26748949740580632E-034
   69.500000000000000       7.87085964566932363E-035
   69.625000000000000       1.87624191213255857E-035
   69.750000000000000       4.42625394492735482E-036
   69.875000000000000       1.03344235369364801E-036
   70.000000000000000       2.38813965339239521E-037
   70.125000000000000       5.46232229054054982E-038
   70.250000000000000       1.23668525498450900E-038
   70.375000000000000       2.77156431048250512E-039
   70.500000000000000       6.14884936967465813E-040
   70.625000000000000       1.35046900815042983E-040
   70.750000000000000       2.93640253792023997E-041
   70.875000000000000       6.32127475288372599E-042
   71.000000000000000       1.34731563455428128E-042
   71.125000000000000       2.84332652563229849E-043
   71.250000000000000       5.94146494729959754E-044
   71.375000000000000       1.22937984471647755E-044
   71.500000000000000       2.51895463602533406E-045
   71.625000000000000       5.11107098055578789E-046
   71.750000000000000       1.02701322048875621E-046
   71.875000000000000       2.04374927112944081E-047
   72.000000000000000       4.02792357380813538E-048
   72.125000000000000       7.86232679670643910E-049
   72.250000000000000       1.52002643175280770E-049
   72.375000000000000       2.91068339976887308E-050
   72.500000000000000       5.52072191669853913E-051
   72.625000000000000       1.03721034775295176E-051
   72.750000000000000       1.93028116547414544E-052
   72.875000000000000       3.55852054071522230E-053
   73.000000000000000       6.49868786366522730E-054
   73.125000000000000       1.17571219823702668E-054
   73.250000000000000       2.10720647208240886E-055
   73.375000000000000       3.74158133004838257E-056
   73.500000000000000       6.58197710371209704E-057
   73.625000000000000       1.14715318482264458E-057
   73.750000000000000       1.98089234407290221E-058
   73.875000000000000       3.38910508166803990E-059
   74.000000000000000       5.74518408032441349E-060
   74.125000000000000       9.65000250054705171E-061
   74.250000000000000       1.60607212275340601E-061
   74.375000000000000       2.64865961034331869E-062
   74.500000000000000       4.32832497853127845E-063
   74.625000000000000       7.00898413421174159E-064
   74.750000000000000       1.12470978823504888E-064
   74.875000000000000       1.78848176609481738E-065
   75.000000000000000       2.81835342223905436E-066
   75.125000000000000       4.40130356591551326E-067
   75.250000000000000       6.81161297714790202E-068
   75.375000000000000       1.04474188483886352E-068
   75.500000000000000       1.58805625325359847E-069
   75.625000000000000       2.39236712947960933E-070
   75.750000000000000       3.57192128932809640E-071
   75.875000000000000       5.28560727689845612E-072
   76.000000000000000       7.75199565801303265E-073
   76.125000000000000       1.12684515168693887E-073
   76.250000000000000       1.62350391192997533E-074
   76.375000000000000       2.31839229302512821E-075
   76.500000000000000       3.28148877065493843E-076
   76.625000000000000       4.60374312027800901E-077
   76.750000000000000       6.40196034368167441E-078
   76.875000000000000       8.82433553121835204E-079
   77.000000000000000       1.20565600098643492E-079
   77.125000000000000       1.63283475523757007E-080
   77.250000000000000       2.19201426222277420E-081
   77.375000000000000       2.91696727091685879E-082
   77.500000000000000       3.84778979648559627E-083
   77.625000000000000       5.03138001571758696E-084
   77.750000000000000       6.52173485140744607E-085
   77.875000000000000       8.37998937888453050E-086
   78.000000000000000       1.06741187237363501E-086
   78.125000000000000       1.34782212639882806E-087
   78.250000000000000       1.68713071400431283E-088
   78.375000000000000       2.09355285820911165E-089
   78.500000000000000       2.57538093096035103E-090
   78.625000000000000       3.14068596227872043E-091
   78.750000000000000       3.79696014517654851E-092
   78.875000000000000       4.55070723486408284E-093
   79.000000000000000       5.40699270425186265E-094
   79.125000000000000       6.36897066231354002E-095
   79.250000000000000       7.43740947339995145E-096
   79.375000000000000       8.61024227917156886E-097
   79.500000000000000       9.88217173886695866E-098
   79.625000000000000       1.12443598036469462E-098
   79.750000000000000       1.26842328291976804E-099
   79.875000000000000       1.41854295282482662E-100
   80.000000000000000       1.57279140566417420E-101
   80.125000000000000       1.72882689994648418E-102
   80.250000000000000       1.88401734842749597E-103
   80.375000000000000       2.03550606222994204E-104
   80.500000000000000       2.18029366849353444E-105
   80.625000000000000       2.31533327262039865E-106
   80.750000000000000       2.43763487019075616E-107
   80.875000000000000       2.54437414446190643E-108
   81.000000000000000       2.63300019629241509E-109
   81.125000000000000       2.70133650899447998E-110
   81.250000000000000       2.74766958963529463E-111
   81.375000000000000       2.77082025814512337E-112
   81.500000000000000       2.77019345035546995E-113
   81.625000000000000       2.74580360269195380E-114
   81.750000000000000       2.69827410887726567E-115
   81.875000000000000       2.62881087657696059E-116
   82.000000000000000       2.53915154770943476E-117
   82.125000000000000       2.43149336353977074E-118
   82.250000000000000       2.30840384899321671E-119
   82.375000000000000       2.17271937466753310E-120
   82.500000000000000       2.02743717249010642E-121
   82.625000000000000       1.87560650686332597E-122
   82.750000000000000       1.72022444586554840E-123
   82.875000000000000       1.56414107614246143E-124
   83.000000000000000       1.40997812595837784E-125
   83.125000000000000       1.26006388735155172E-126
   83.250000000000000       1.11638615400085292E-127
   83.375000000000000       9.80563710411335431E-129
   83.500000000000000       8.53835806708125169E-130
   83.625000000000000       7.37068103321650463E-131
   83.750000000000000       6.30772823233117242E-132
   83.875000000000000       5.35140336292499272E-133
   84.000000000000000       4.50079128377794349E-134
   84.125000000000000       3.75261065694309132E-135
   84.250000000000000       3.10169022742205366E-136
   84.375000000000000       2.54144261121106425E-137
   84.500000000000000       2.06431378545353443E-138
   84.625000000000000       1.66219144813833838E-139
   84.750000000000000       1.32676058439014818E-140
   84.875000000000000       1.04979954843783174E-141
   85.000000000000000       8.23414436161688023E-143
   85.125000000000000       6.40213269627370114E-144
   85.250000000000000       4.93424424735147730E-145
   85.375000000000000       3.76965775468100057E-146
   85.500000000000000       2.85472244635405657E-147
   85.625000000000000       2.14289936517758077E-148
   85.750000000000000       1.59444910732754410E-149
   85.875000000000000       1.17594084278375866E-150
   86.000000000000000       8.59648658526911893E-152
   86.125000000000000       6.22890673652951759E-153
   86.250000000000000       4.47355164864508461E-154
   86.375000000000000       3.18447014027856428E-155
   86.500000000000000       2.24677796092929237E-156
   86.625000000000000       1.57114175317033458E-157
   86.750000000000000       1.08892171261222089E-158
   86.875000000000000       7.47993263825928471E-160
   87.000000000000000       5.09227634973013835E-161
   87.125000000000000       3.43583920412204107E-162
   87.250000000000000       2.29748911217837363E-163
   87.375000000000000       1.52253352549105970E-164
   87.500000000000000       9.99921428454358859E-166
   87.625000000000000       6.50793431936984121E-167
   87.750000000000000       4.19750492644619099E-168
   87.875000000000000       2.68288682905575506E-169
   88.000000000000000       1.69929476379444198E-170
   88.125000000000000       1.06655258934723125E-171
   88.250000000000000       6.63337884038427009E-173
   88.375000000000000       4.08806599863052393E-174
   88.500000000000000       2.49645062659514728E-175
   88.625000000000000       1.51057146611573839E-176
   88.750000000000000       9.05657157650518402E-178
   88.875000000000000       5.37999000930407322E-179
   89.000000000000000       3.16653918129928714E-180
   89.125000000000000       1.84656439738530048E-181
   89.250000000000000       1.06685681764792516E-182
   89.375000000000000       6.08733648386132995E-184
   89.500000000000000        0.0000000000000000     
