  -10.500000000000000        0.0000000000000000     
  -10.375000000000000       1.54182017037000740E-006
  -10.250000000000000      -4.09198565256222659E-006
  -10.125000000000000       8.18974596003517599E-006
  -10.000000000000000      -1.35686980882882979E-005
  -9.8750000000000000       1.91469904687009015E-005
  -9.7500000000000000      -2.32470656946084306E-005
  -9.6250000000000000       2.41691654474079593E-005
  -9.5000000000000000      -2.07308054633382692E-005
  -9.3750000000000000       1.28636764682211899E-005
  -9.2500000000000000      -1.73023574028828133E-006
  -9.1250000000000000      -1.03553479552188760E-005
  -9.0000000000000000       2.06417363013112164E-005
  -8.8750000000000000      -2.66218761430786889E-005
  -8.7500000000000000       2.69754337107907906E-005
  -8.6250000000000000      -2.18680540790780396E-005
  -8.5000000000000000       1.30755555090948305E-005
  -8.3750000000000000      -3.19514683726411809E-006
  -8.2500000000000000      -5.08618078567369165E-006
  -8.1250000000000000       1.01402148743138489E-005
  -8.0000000000000000      -1.17035043499779117E-005
  -7.8750000000000000       1.10371372155538433E-005
  -7.7500000000000000      -9.97565834678459766E-006
  -7.6250000000000000       1.02074611060799534E-005
  -7.5000000000000000      -1.21568792584903300E-005
  -7.3750000000000000       1.50340758852351248E-005
  -7.2500000000000000      -1.70056147718990956E-005
  -7.1250000000000000       1.65271701308922533E-005
  -7.0000000000000000      -1.30124825062370949E-005
  -6.8750000000000000       7.62785693701999444E-006
  -6.7500000000000000      -2.47267382617191527E-006
  -6.6250000000000000      -2.36718256892895485E-007
  -6.5000000000000000      -9.81953382908253697E-008
  -6.3750000000000000       2.17042743521233263E-006
  -6.2500000000000000      -2.82534914019417704E-006
  -6.1250000000000000      -9.11565176209030553E-007
  -6.0000000000000000       1.03322163423523125E-005
  -5.8750000000000000      -2.33597934079313727E-005
  -5.7500000000000000       3.54026448809860114E-005
  -5.6250000000000000      -4.09079074095945665E-005
  -5.5000000000000000       3.66862793610369693E-005
  -5.3750000000000000      -2.34908947082510467E-005
  -5.2500000000000000       6.61845280285781052E-006
  -5.1250000000000000       6.90476273331049154E-006
  -5.0000000000000000      -1.13518593684767318E-005
  -4.8750000000000000       5.86911209966100779E-006
  -4.7500000000000000       5.48475182884527254E-006
  -4.6250000000000000      -1.54137655473943398E-005
  -4.5000000000000000       1.80486976609519728E-005
  -4.3750000000000000      -1.18008320071726832E-005
  -4.2500000000000000       8.01612258342797914E-007
  -4.1250000000000000       8.28341877419591013E-006
  -4.0000000000000000      -9.95468018007493897E-006
  -3.8750000000000000       4.06940700066191171E-006
  -3.7500000000000000       4.59739538337121399E-006
  -3.6250000000000000      -8.92045624029299129E-006
  -3.5000000000000000       4.97572950256544207E-006
  -3.3750000000000000       5.62538457660469716E-006
  -3.2500000000000000      -1.58730349126654256E-005
  -3.1250000000000000       1.87013670161736638E-005
  -3.0000000000000000      -1.14297193339555029E-005
  -2.8750000000000000      -1.18343506370471976E-006
  -2.7500000000000000       1.03837600460929319E-005
  -2.6250000000000000      -8.54902791930431180E-006
  -2.5000000000000000      -4.62153671351476078E-006
  -2.3750000000000000       2.21451554669597055E-005
  -2.2500000000000000      -3.33645941229112562E-005
  -2.1250000000000000       3.17755215225979003E-005
  -2.0000000000000000      -1.86201106400312702E-005
  -1.8750000000000000       2.69031893934392638E-006
  -1.7500000000000000       6.68166115573974408E-006
  -1.6250000000000000      -5.27039327624869495E-006
  -1.5000000000000000      -2.64459604124540619E-006
  -1.3750000000000000       8.76972702933288710E-006
  -1.2500000000000000      -6.39014377747081131E-006
  -1.1250000000000000      -3.89354260894389926E-006
  -1.0000000000000000       1.59405621855269111E-005
 -0.87500000000000000      -2.23109907568817429E-005
 -0.75000000000000000       2.09100977901031379E-005
 -0.62500000000000000      -1.52544516991691944E-005
 -0.50000000000000000       1.19335227292288420E-005
 -0.37500000000000000      -1.39939782202522646E-005
 -0.25000000000000000       1.94248079549238569E-005
 -0.12500000000000000      -2.21397784513644241E-005
   0.0000000000000000       1.81268725872852534E-005
  0.12500000000000000      -7.68578505009547411E-006
  0.25000000000000000      -4.08629387483001496E-006
  0.37500000000000000       1.24681968729106790E-005
  0.50000000000000000      -1.52994451280542421E-005
  0.62500000000000000       1.44975578110610273E-005
  0.75000000000000000      -1.21916907218172218E-005
  0.87500000000000000       9.65911109512899687E-006
   1.0000000000000000      -6.04693654609486163E-006
   1.1250000000000000       1.71930129750625861E-006
   1.2500000000000000       1.91160745189703126E-006
   1.3750000000000000      -2.22048090680623406E-006
   1.5000000000000000      -7.24321801740662323E-007
   1.6250000000000000       4.86850567879179084E-006
   1.7500000000000000      -7.00327652945439275E-006
   1.8750000000000000       7.43320996715751307E-006
   2.0000000000000000      -8.82492773922792802E-006
   2.1250000000000000       1.42255799167122262E-005
   2.2500000000000000      -2.14717316900749821E-005
   2.3750000000000000       2.49712708529209720E-005
   2.5000000000000000      -1.94116604519134528E-005
   2.6250000000000000       6.90830586493594058E-006
   2.7500000000000000       5.06553756697214071E-006
   2.8750000000000000      -9.03652933295396397E-006
   3.0000000000000000       6.15249636939761910E-006
   3.1250000000000000      -3.67661286063699857E-006
   3.2500000000000000       8.20997525965677695E-006
   3.3750000000000000      -1.65494395438277065E-005
   3.5000000000000000       1.98790677115614967E-005
   3.6250000000000000      -1.24162999794074890E-005
   3.7500000000000000       1.98521138706290911E-007
   3.8750000000000000       6.02114638899500534E-006
   4.0000000000000000      -1.23966752417446348E-006
   4.1250000000000000      -6.87025180334053675E-006
   4.2500000000000000       8.97616705102061651E-006
   4.3750000000000000      -4.87035735441630662E-006
   4.5000000000000000       5.45417606485344902E-006
   4.6250000000000000      -1.65283473546744511E-005
   4.7500000000000000       3.00094194546537737E-005
   4.8750000000000000      -3.01043535868812625E-005
   5.0000000000000000       1.45469798563677118E-005
   5.1250000000000000       2.08322311283844298E-006
   5.2500000000000000      -4.14138499241914795E-006
   5.3750000000000000      -2.98802557059803006E-006
   5.5000000000000000       5.47516380009698494E-007
   5.6250000000000000       1.91841515252801819E-005
   5.7500000000000000      -3.75703865675172893E-005
   5.8750000000000000       3.29167087592629440E-005
   6.0000000000000000      -8.25369325136201049E-006
   6.1250000000000000      -8.22417324170720198E-006
   6.2500000000000000       3.34160163696435285E-008
   6.3750000000000000       1.80474193299532698E-005
   6.5000000000000000      -1.88589093518229490E-005
   6.6250000000000000       1.17541418729225655E-006
   6.7500000000000000       1.26642516123006436E-005
   6.8750000000000000      -9.15104256785634191E-006
   7.0000000000000000       3.86366592511656858E-006
   7.1250000000000000      -1.29085252275764062E-005
   7.2500000000000000       2.72588499580213664E-005
   7.3750000000000000      -2.55433791734299749E-005
   7.5000000000000000       1.18424977843091028E-005
   7.6250000000000000      -8.23761131427175515E-006
   7.7500000000000000       1.71873295643104561E-005
   7.8750000000000000      -1.16629825013511315E-005
   8.0000000000000000      -1.49461408309723506E-005
   8.1250000000000000       2.62344508068872626E-005
   8.2500000000000000       8.19300537315320715E-006
   8.3750000000000000      -5.13241930762281472E-005
   8.5000000000000000       3.96135035695937811E-005
   8.6250000000000000       2.47212557284101235E-005
   8.7500000000000000      -6.25407005933084723E-005
   8.8750000000000000       2.68599189879093928E-005
   9.0000000000000000       3.29714690293647514E-005
   9.1250000000000000      -4.33910328730531888E-005
   9.2500000000000000       1.25620200958533526E-005
   9.3750000000000000       2.19388690669339531E-008
   9.5000000000000000       1.67818564726033059E-005
   9.6250000000000000      -1.65625630775824294E-005
   9.7500000000000000      -9.76920035319723449E-006
   9.8750000000000000       1.72764040528516037E-005
   10.000000000000000       9.30111697042023520E-006
   10.125000000000000      -2.08647553109203881E-005
   10.250000000000000      -2.59892346495930145E-006
   10.375000000000000       1.03166384904723167E-005
   10.500000000000000       2.68438179268471020E-005
   10.625000000000000      -4.45548481801933647E-005
   10.750000000000000      -8.86857914241318863E-006
   10.875000000000000       7.01442361178148733E-005
   11.000000000000000      -4.78982747891133060E-005
   11.125000000000000      -2.38149311075901515E-005
   11.250000000000000       3.95223757500232916E-005
   11.375000000000000       1.17876283419698864E-005
   11.500000000000000      -4.06270953995931621E-005
   11.625000000000000       1.78982015958930725E-005
   11.750000000000000      -4.93731094463850025E-006
   11.875000000000000       2.73424480359159340E-005
   12.000000000000000      -2.93868083253577859E-005
   12.125000000000000      -6.67607564088638531E-006
   12.250000000000000       2.63236381524979319E-005
   12.375000000000000      -8.10219970532690580E-006
   12.500000000000000       5.42736699528104356E-006
   12.625000000000000      -3.20465594136042233E-005
   12.750000000000000       3.16174339167174772E-005
   12.875000000000000       1.28738519907288255E-005
   13.000000000000000      -3.58735468735227987E-005
   13.125000000000000       1.04342601393979078E-005
   13.250000000000000       1.28729794149367561E-005
   13.375000000000000      -5.69970633175364929E-006
   13.500000000000000       4.06833674990785995E-006
   13.625000000000000      -1.44711121071503630E-005
   13.750000000000000       8.00424875510399902E-006
   13.875000000000000       6.36537215831480158E-006
   14.000000000000000       3.34385824003125255E-006
   14.125000000000000      -1.43188730497473467E-005
   14.250000000000000       2.82670269030079642E-006
   14.375000000000000       5.50237172037549897E-006
   14.500000000000000       2.58900608839927880E-006
   14.625000000000000       1.89353186778722928E-006
   14.750000000000000      -9.98184889889439396E-006
   14.875000000000000       5.92513938305325260E-006
   15.000000000000000      -1.60059746114658656E-005
   15.125000000000000       3.00717516301650671E-005
   15.250000000000000       4.68041383583626505E-006
   15.375000000000000      -3.44935333384010140E-005
   15.500000000000000      -2.38295598068174704E-006
   15.625000000000000       1.70019123476799945E-005
   15.750000000000000       2.96275429710004225E-005
   15.875000000000000      -5.87860164228881172E-006
   16.000000000000000      -5.99552611088394563E-005
   16.125000000000000       1.28551953232895974E-005
   16.250000000000000       5.23093181641540568E-005
   16.375000000000000      -4.98791408360636937E-006
   16.500000000000000      -4.54311532548129362E-006
   16.625000000000000      -4.34091493925591523E-005
   16.750000000000000      -1.26416256675153216E-005
   16.875000000000000       5.21503806385198223E-005
   17.000000000000000       3.68930423701583807E-005
   17.125000000000000      -3.05192043779212136E-005
   17.250000000000000      -4.37671754873497320E-005
   17.375000000000000      -1.58594964766846591E-005
   17.500000000000000       2.30342643603847623E-005
   17.625000000000000       7.63707926335825102E-005
   17.750000000000000      -1.38115395319796268E-005
   17.875000000000000      -5.34806594807760014E-005
   18.000000000000000      -3.15628982506922182E-005
   18.125000000000000      -3.06597511432496768E-006
   18.250000000000000       6.03578184113724904E-005
   18.375000000000000       5.25768330457348305E-005
   18.500000000000000      -1.87832269858162712E-005
   18.625000000000000      -8.51602262166656571E-005
   18.750000000000000      -2.26239831409648823E-005
   18.875000000000000       3.32468031979449283E-005
   19.000000000000000       5.25284195326259135E-005
   19.125000000000000       5.27116809757078474E-005
   19.250000000000000      -3.44011979174535355E-005
   19.375000000000000      -8.79723453557314163E-005
   19.500000000000000      -2.99124583047899191E-005
   19.625000000000000       6.34200059655593988E-005
   19.750000000000000       4.47145918503350772E-005
   19.875000000000000       3.48089716163782785E-005
   20.000000000000000       5.77093185164501528E-006
   20.125000000000000      -1.12328437334735523E-004
   20.250000000000000      -7.23830578178829290E-005
   20.375000000000000       6.43144309578624895E-005
   20.500000000000000       9.19250134606553452E-005
   20.625000000000000       4.76477571351589845E-005
   20.750000000000000       2.50680074943709223E-005
   20.875000000000000      -6.12892453968107707E-005
   21.000000000000000      -1.50874443028680642E-004
   21.125000000000000      -5.83924934959806246E-005
   21.250000000000000       5.98307574006035401E-005
   21.375000000000000       7.69703869212271983E-005
   21.500000000000000       7.09554538066853053E-005
   21.625000000000000       9.70475878337419230E-005
   21.750000000000000       7.22390780882545692E-005
   21.875000000000000      -3.54687932467649388E-005
   22.000000000000000      -9.57096304836168134E-005
   22.125000000000000      -1.32920912716675454E-004
   22.250000000000000      -1.76643124907149520E-004
   22.375000000000000      -1.69488065300604985E-004
   22.500000000000000      -8.19161614201819016E-005
   22.625000000000000       7.07723711558084725E-005
   22.750000000000000       1.85879620266879566E-004
   22.875000000000000       2.59749168177904040E-004
   23.000000000000000       3.40037270404978855E-004
   23.125000000000000       3.79772346608167415E-004
   23.250000000000000       2.98712961119868719E-004
   23.375000000000000       1.71936000280785244E-004
   23.500000000000000       1.31538531946092833E-004
   23.625000000000000       1.07457918552771698E-004
   23.750000000000000       1.65016537165503193E-004
   23.875000000000000       4.23231725085464422E-004
   24.000000000000000       7.36005348195287569E-004
   24.125000000000000       1.01757362865972857E-003
   24.250000000000000       1.33565820401681276E-003
   24.375000000000000       1.76348836070902744E-003
   24.500000000000000       2.25580495530779915E-003
   24.625000000000000       2.72565762185243655E-003
   24.750000000000000       3.16687119717159408E-003
   24.875000000000000       3.58528415716099754E-003
   25.000000000000000       4.01803678523005893E-003
   25.125000000000000       4.44011767949759745E-003
   25.250000000000000       4.92992985723636912E-003
   25.375000000000000       5.48298946812691111E-003
   25.500000000000000       5.84488711485841011E-003
   25.625000000000000       6.26717822849797053E-003
   25.750000000000000       6.90071828270324202E-003
   25.875000000000000       7.41331412428524253E-003
   26.000000000000000       7.98523264942255923E-003
   26.125000000000000       8.68406862186620401E-003
   26.250000000000000       9.29709844305977307E-003
   26.375000000000000       9.96038307099780806E-003
   26.500000000000000       1.06586658750874169E-002
   26.625000000000000       1.13670167874991741E-002
   26.750000000000000       1.21113098848709185E-002
   26.875000000000000       1.27883507494005368E-002
   27.000000000000000       1.34920738739688593E-002
   27.125000000000000       1.42323901263309103E-002
   27.250000000000000       1.49255799478720790E-002
   27.375000000000000       1.56114801111665157E-002
   27.500000000000000       1.63308390714257852E-002
   27.625000000000000       1.70575652303744038E-002
   27.750000000000000       1.76976858025981801E-002
   27.875000000000000       1.84016400306088491E-002
   28.000000000000000       1.91971552787474631E-002
   28.125000000000000       1.98663379370562360E-002
   28.250000000000000       2.06060160012015610E-002
   28.375000000000000       2.14140583258577918E-002
   28.500000000000000       2.20926820035764887E-002
   28.625000000000000       2.28789413572081726E-002
   28.750000000000000       2.37194216082429847E-002
   28.875000000000000       2.44463514883581472E-002
   29.000000000000000       2.51929452505633873E-002
   29.125000000000000       2.59984704939642992E-002
   29.250000000000000       2.68916946110386856E-002
   29.375000000000000       2.76986581890876944E-002
   29.500000000000000       2.83479961453110205E-002
   29.625000000000000       2.92123239048973880E-002
   29.750000000000000       3.02156419213507055E-002
   29.875000000000000       3.09928620661265308E-002
   30.000000000000000       3.16406045492686958E-002
   30.125000000000000       3.24196199335030910E-002
   30.250000000000000       3.33751083249396244E-002
   30.375000000000000       3.42386863816718304E-002
   30.500000000000000       3.48788316420771335E-002
   30.625000000000000       3.55906053531963307E-002
   30.750000000000000       3.65239031454879098E-002
   30.875000000000000       3.74772853701914530E-002
   31.000000000000000       3.82498458280343470E-002
   31.125000000000000       3.89529915247161657E-002
   31.250000000000000       3.98242580635306959E-002
   31.375000000000000       4.07523229405054588E-002
   31.500000000000000       4.15376744728160538E-002
   31.625000000000000       4.22406359357284308E-002
   31.750000000000000       4.30181164561028520E-002
   31.875000000000000       4.39214346997596136E-002
   32.000000000000000       4.47662926847354967E-002
   32.125000000000000       4.55046572098662394E-002
   32.250000000000000       4.63436140068118479E-002
   32.375000000000000       4.72369861055212947E-002
   32.500000000000000       4.80840102999167338E-002
   32.625000000000000       4.89499823621612901E-002
   32.750000000000000       4.97675983355868670E-002
   32.875000000000000       5.04971966328917055E-002
   33.000000000000000       5.12388699538631406E-002
   33.125000000000000       5.20481762674089368E-002
   33.250000000000000       5.29052944875538431E-002
   33.375000000000000       5.37877786634399641E-002
   33.500000000000000       5.47453758374197366E-002
   33.625000000000000       5.56845678493964671E-002
   33.750000000000000       5.64282964194319503E-002
   33.875000000000000       5.71230381147542279E-002
   34.000000000000000       5.79451128026386014E-002
   34.125000000000000       5.88064278048484462E-002
   34.250000000000000       5.96201733535418957E-002
   34.375000000000000       6.04047477615326234E-002
   34.500000000000000       6.12548332334086620E-002
   34.625000000000000       6.21300557408089732E-002
   34.750000000000000       6.28605991934136632E-002
   34.875000000000000       6.35622864256608772E-002
   35.000000000000000       6.43567333234577738E-002
   35.125000000000000       6.50863419064993398E-002
   35.250000000000000       6.58008252415237943E-002
   35.375000000000000       6.66770913954832234E-002
   35.500000000000000       6.75576192310779478E-002
   35.625000000000000       6.81894314564571724E-002
   35.750000000000000       6.87376094163057727E-002
   35.875000000000000       6.96709521369876933E-002
   36.000000000000000       7.08685516999072451E-002
   36.125000000000000       7.15865432907027976E-002
   36.250000000000000       7.18420326468589970E-002
   36.375000000000000       7.25681831592557697E-002
   36.500000000000000       7.40002818520207190E-002
   36.625000000000000       7.51550292316356255E-002
   36.750000000000000       7.53787062162157157E-002
   36.875000000000000       7.55119094524369650E-002
   37.000000000000000       7.65695079373939214E-002
   37.125000000000000       7.80470329387458056E-002
   37.250000000000000       7.87548387564527413E-002
   37.375000000000000       7.86717207330501905E-002
   37.500000000000000       7.89225145589997484E-002
   37.625000000000000       8.01101254817223607E-002
   37.750000000000000       8.13650685162703585E-002
   37.875000000000000       8.16633990667943593E-002
   38.000000000000000       8.15358194408865034E-002
   38.125000000000000       8.22345906566702561E-002
   38.250000000000000       8.37000634595166937E-002
   38.375000000000000       8.46332969343001063E-002
   38.500000000000000       8.46424761068269998E-002
   38.625000000000000       8.49593651900545366E-002
   38.750000000000000       8.62200803283435929E-002
   38.875000000000000       8.73209327544079705E-002
   39.000000000000000       8.76149809008816977E-002
   39.125000000000000       8.81176049148063717E-002
   39.250000000000000       8.93329937584278339E-002
   39.375000000000000       8.99234693627150583E-002
   39.500000000000000       8.90913258496203592E-002
   39.625000000000000       8.86232289774167986E-002
   39.750000000000000       9.01731743421190918E-002
   39.875000000000000       9.20418776494113661E-002
   40.000000000000000       9.17010559094084132E-002
   40.125000000000000       9.02435549174537138E-002
   40.250000000000000       9.11178492786381827E-002
   40.375000000000000       9.48251175430701171E-002
   40.500000000000000       9.68900034395870774E-002
   40.625000000000000       9.34971369935226476E-002
   40.750000000000000       8.85125433026071190E-002
   40.875000000000000       8.99981881422113050E-002
   41.000000000000000       9.90775831864945389E-002
   41.125000000000000       0.10425991782774095     
   41.250000000000000       9.49964358459879227E-002
   41.375000000000000       8.09180897551685374E-002
   41.500000000000000       8.19423350489537350E-002
   41.625000000000000       0.10336104451569159     
   41.750000000000000       0.11947569611736673     
   41.875000000000000       0.10138093115426933     
   42.000000000000000       6.84190294435108315E-002
   42.125000000000000       5.78190335013596193E-002
   42.250000000000000       8.67593816194365541E-002
   42.375000000000000       0.13428066609881015     
   42.500000000000000       0.13088552166896278     
   42.625000000000000       7.44218389760316346E-002
   42.750000000000000       2.98349814626310272E-002
   42.875000000000000       1.15540807821376476E-002
   43.000000000000000       5.49699646402925651E-003
   43.125000000000000       3.27831078149415193E-003
   43.250000000000000       2.12302976739422609E-003
   43.375000000000000       1.39386585435940093E-003
   43.500000000000000       1.00378661038506714E-003
   43.625000000000000       7.73244888835133504E-004
   43.750000000000000       5.72832511161880191E-004
   43.875000000000000       4.87490016421404367E-004
   44.000000000000000       5.44500941968932279E-004
   44.125000000000000       5.90189812165919881E-004
   44.250000000000000       5.41652455321054078E-004
   44.375000000000000       4.51134141795621639E-004
   44.500000000000000       3.24867457135429396E-004
   44.625000000000000       1.60341858612724012E-004
   44.750000000000000       7.52341315716572743E-005
   44.875000000000000       1.55709599583724219E-004
   45.000000000000000       3.07827802914404822E-004
   45.125000000000000       4.43203887939476156E-004
   45.250000000000000       6.45082939052132875E-004
   45.375000000000000       1.00207490457521241E-003
   45.500000000000000       1.44712730713007580E-003
   45.625000000000000       1.87761837311655063E-003
   45.750000000000000       2.28795674985110987E-003
   45.875000000000000       2.70922137266070041E-003
   46.000000000000000       3.14468943108247787E-003
   46.125000000000000       3.60172272641669624E-003
   46.250000000000000       4.08219030316145891E-003
   46.375000000000000       4.54244318114033815E-003
   46.500000000000000       4.95324151144342206E-003
   46.625000000000000       5.36793263642940197E-003
   46.750000000000000       5.84877471902126630E-003
   46.875000000000000       6.37560770346744157E-003
   47.000000000000000       6.90352461648848642E-003
   47.125000000000000       7.45057106184326967E-003
   47.250000000000000       8.05376484275228781E-003
   47.375000000000000       8.69683518938903222E-003
   47.500000000000000       9.34928127826148772E-003
   47.625000000000000       1.00224512634233924E-002
   47.750000000000000       1.07289603385508706E-002
   47.875000000000000       1.14400580761629261E-002
   48.000000000000000       1.21343750358147446E-002
   48.125000000000000       1.28369657923456688E-002
   48.250000000000000       1.35649989595370973E-002
   48.375000000000000       1.42870033623908599E-002
   48.500000000000000       1.49781058819002545E-002
   48.625000000000000       1.56638011271406988E-002
   48.750000000000000       1.63685949712992287E-002
   48.875000000000000       1.70738481474614380E-002
   49.000000000000000       1.77669218172427645E-002
   49.125000000000000       1.84772501072634557E-002
   49.250000000000000       1.92194931283191997E-002
   49.375000000000000       1.99573881463963980E-002
   49.500000000000000       2.06734458675067942E-002
   49.625000000000000       2.14140881250230938E-002
   49.750000000000000       2.22058077612309265E-002
   49.875000000000000       2.29913340635261969E-002
   50.000000000000000       2.37263128231120571E-002
   50.125000000000000       2.44736527198139361E-002
   50.250000000000000       2.53010657351129369E-002
   50.375000000000000       2.61462808486686016E-002
   50.500000000000000       2.69142176916661070E-002
   50.625000000000000       2.76605022754433418E-002
   50.750000000000000       2.85137941317567985E-002
   50.875000000000000       2.94349325191566036E-002
   51.000000000000000       3.02487984595838609E-002
   51.125000000000000       3.09409910591633523E-002
   51.250000000000000       3.17059060381114852E-002
   51.375000000000000       3.26201009379458243E-002
   51.500000000000000       3.34921924769379167E-002
   51.625000000000000       3.41826663812399498E-002
   51.750000000000000       3.48644615288812715E-002
   51.875000000000000       3.57520973134154638E-002
   52.000000000000000       3.67385808522681379E-002
   52.125000000000000       3.75655198326242251E-002
   52.250000000000000       3.82496315598938388E-002
   52.375000000000000       3.90399720777543022E-002
   52.500000000000000       3.99857512091261261E-002
   52.625000000000000       4.08603378198730965E-002
   52.750000000000000       4.15573867310022951E-002
   52.875000000000000       4.22652217197280397E-002
   53.000000000000000       4.31362330939050811E-002
   53.125000000000000       4.40450656986459896E-002
   53.250000000000000       4.48353795334035035E-002
   53.375000000000000       4.55923054135620939E-002
   53.500000000000000       4.64719065375353360E-002
   53.625000000000000       4.74181702319297349E-002
   53.750000000000000       4.82606188777191941E-002
   53.875000000000000       4.89896848274877852E-002
   54.000000000000000       4.97332453345784090E-002
   54.125000000000000       5.05318451070584790E-002
   54.250000000000000       5.13328931513485839E-002
   54.375000000000000       5.21587040890790846E-002
   54.500000000000000       5.30833298246510335E-002
   54.625000000000000       5.40556728224668367E-002
   54.750000000000000       5.49278255180158867E-002
   54.875000000000000       5.56730841164080822E-002
   55.000000000000000       5.64171814028540594E-002
   55.125000000000000       5.72367742786341546E-002
   55.250000000000000       5.80799209324786431E-002
   55.375000000000000       5.89063338956701335E-002
   55.500000000000000       5.97499245109148203E-002
   55.625000000000000       6.06052143702948826E-002
   55.750000000000000       6.14030608524244598E-002
   55.875000000000000       6.21458156566638206E-002
   56.000000000000000       6.29176052116362933E-002
   56.125000000000000       6.37161347706699660E-002
   56.250000000000000       6.44458517940978970E-002
   56.375000000000000       6.51348678346592158E-002
   56.500000000000000       6.59454684295492366E-002
   56.625000000000000       6.68645708413206780E-002
   56.750000000000000       6.76356776716384167E-002
   56.875000000000000       6.81906614352460749E-002
   57.000000000000000       6.88760716164280168E-002
   57.125000000000000       6.99309446886453995E-002
   57.250000000000000       7.09865396908761631E-002
   57.375000000000000       7.15663663843964654E-002
   57.500000000000000       7.19427889804504922E-002
   57.625000000000000       7.28399664852437678E-002
   57.750000000000000       7.42344812249225161E-002
   57.875000000000000       7.52109003132265391E-002
   58.000000000000000       7.53730108578381242E-002
   58.125000000000000       7.56178007488266801E-002
   58.250000000000000       7.67950716623200108E-002
   58.375000000000000       7.82656523934981002E-002
   58.500000000000000       7.88019030535236781E-002
   58.625000000000000       7.85823697048908809E-002
   58.750000000000000       7.89851351105086558E-002
   58.875000000000000       8.03812448230925847E-002
   59.000000000000000       8.15217296336492731E-002
   59.125000000000000       8.15834907424977107E-002
   59.250000000000000       8.15341173392360036E-002
   59.375000000000000       8.25101255297816805E-002
   59.500000000000000       8.39546613443635792E-002
   59.625000000000000       8.46116128821175345E-002
   59.750000000000000       8.46378330283263786E-002
   59.875000000000000       8.52228414858456768E-002
   60.000000000000000       8.64913276455227531E-002
   60.125000000000000       8.74068906054212974E-002
   60.250000000000000       8.77233263600235985E-002
   60.375000000000000       8.83472447870000538E-002
   60.500000000000000       8.94051624824632185E-002
   60.625000000000000       8.97063998094875248E-002
   60.750000000000000       8.89566949930630652E-002
   60.875000000000000       8.88158594541664653E-002
   61.000000000000000       9.04058248388715097E-002
   61.125000000000000       9.20989584192074551E-002
   61.250000000000000       9.17152942645670516E-002
   61.375000000000000       9.03703531119572634E-002
   61.500000000000000       9.14465673743828922E-002
   61.625000000000000       9.51765487004609251E-002
   61.750000000000000       9.67655188196646365E-002
   61.875000000000000       9.28821357453182700E-002
   62.000000000000000       8.82705574208996480E-002
   62.125000000000000       9.08772603031521020E-002
   62.250000000000000       0.10022950005987648     
   62.375000000000000       0.10371477679964106     
   62.500000000000000       9.30456218675436569E-002
   62.625000000000000       8.02602061676892797E-002
   62.750000000000000       8.40439580186252977E-002
   62.875000000000000       0.10624548797273899     
   63.000000000000000       0.11872010497739004     
   63.125000000000000       9.71976881841029039E-002
   63.250000000000000       6.57720761161853934E-002
   63.375000000000000       5.96589690283527777E-002
   63.500000000000000       9.28608989655066719E-002
   63.625000000000000       0.13748821378460005     
   63.750000000000000       0.12513893541020182     
   63.875000000000000       6.72999808633897995E-002
   64.000000000000000       2.64246152759648641E-002
   64.125000000000000       1.04173310611836902E-002
   64.250000000000000       5.10687788098537158E-003
   64.375000000000000       3.12031127242761884E-003
   64.500000000000000       2.16387818838199028E-003
   64.625000000000000       1.58717527821540918E-003
   64.750000000000000       1.18901108019830244E-003
   64.875000000000000       8.94611436395770557E-004
   65.000000000000000       6.69880006952040374E-004
   65.125000000000000       4.96362010913798486E-004
   65.250000000000000       3.62571455254917106E-004
   65.375000000000000       2.60422506038268968E-004
   65.500000000000000       1.83624099637803558E-004
   65.625000000000000       1.26967961390753159E-004
   65.750000000000000       8.60419379450228769E-005
   65.875000000000000       5.71280832005880063E-005
   66.000000000000000       3.71600954837865099E-005
   66.125000000000000       2.36820539009815256E-005
   66.250000000000000       1.47893173806539780E-005
   66.375000000000000       9.05238504095336595E-006
   66.500000000000000       5.43229213534118446E-006
   66.625000000000000       3.19697841650439129E-006
   66.750000000000000       1.84574315424869609E-006
   66.875000000000000       1.04573082600797758E-006
   67.000000000000000       5.81605856942444996E-007
   67.125000000000000       3.17643626088755926E-007
   67.250000000000000       1.70409638964396389E-007
   67.375000000000000       8.98313297528167921E-008
   67.500000000000000       4.65451522699327836E-008
   67.625000000000000       2.37117277744783250E-008
   67.750000000000000       1.18800663186556566E-008
   67.875000000000000       5.85547032938863233E-009
   68.000000000000000       2.83993117427603467E-009
   68.125000000000000       1.35571495057380567E-009
   68.250000000000000       6.37163071947118049E-010
   68.375000000000000       2.94888173516209972E-010
   68.500000000000000       1.34427312562465879E-010
   68.625000000000000       6.03720677790729561E-011
   68.750000000000000       2.67174011450888638E-011
   68.875000000000000       1.16533207047131304E-011
   69.000000000000000       5.01056650463886979E-012
   69.125000000000000       2.12415744551403460E-012
   69.250000000000000       8.88029412866181172E-013
   69.375000000000000       3.66170951809751311E-013
   69.500000000000000       1.48945939923719281E-013
   69.625000000000000       5.97766276347829600E-014
   69.750000000000000       2.36733286872099854E-014
   69.875000000000000       9.25288705972435553E-015
   70.000000000000000       3.56983206536625973E-015
   70.125000000000000       1.35966314953997173E-015
   70.250000000000000       5.11312323265013143E-016
   70.375000000000000       1.89875534370864304E-016
   70.500000000000000       6.96360519653228524E-017
   70.625000000000000       2.52251901208109252E-017
   70.750000000000000       9.02653425004408638E-018
   70.875000000000000       3.19112185487436240E-018
   71.000000000000000       1.11467807173812506E-018
   71.125000000000000       3.84756279915371985E-019
   71.250000000000000       1.31249371500948176E-019
   71.375000000000000       4.42514720114209491E-020
   71.500000000000000       1.47475410316427356E-020
   71.625000000000000       4.85863301928415059E-021
   71.750000000000000       1.58252718948287821E-021
   71.875000000000000       5.09647304508641210E-022
   72.000000000000000       1.62295892695234492E-022
   72.125000000000000       5.11094612568671022E-023
   72.250000000000000       1.59179368450500362E-023
   72.375000000000000       4.90341563242304023E-024
   72.500000000000000       1.49406990415226603E-024
   72.625000000000000       4.50335658512796350E-025
   72.750000000000000       1.34284853536300922E-025
   72.875000000000000       3.96163291155036332E-026
   73.000000000000000       1.15640077043454371E-026
   73.125000000000000       3.34009725964240610E-027
   73.250000000000000       9.54674596667207550E-028
   73.375000000000000       2.70038274894938936E-028
   73.500000000000000       7.55955942949629511E-029
   73.625000000000000       2.09457382998840856E-029
   73.750000000000000       5.74445804362216414E-030
   73.875000000000000       1.55948857468813698E-030
   74.000000000000000       4.19102273456710981E-031
   74.125000000000000       1.11503080995964345E-031
   74.250000000000000       2.93701745490312657E-032
   74.375000000000000       7.65953174200810053E-033
   74.500000000000000       1.97786494780180100E-033
   74.625000000000000       5.05722104355864693E-034
   74.750000000000000       1.28047113123841364E-034
   74.875000000000000       3.21063823512522580E-035
   75.000000000000000       7.97255236427656742E-036
   75.125000000000000       1.96068600769292284E-036
   75.250000000000000       4.77576742388348544E-037
   75.375000000000000       1.15218466360307501E-037
   75.500000000000000       2.75336470621707765E-038
   75.625000000000000       6.51758399380459968E-039
   75.750000000000000       1.52830097540751421E-039
   75.875000000000000       3.55016243358557109E-040
   76.000000000000000       8.16999855899169649E-041
   76.125000000000000       1.86271807293879897E-041
   76.250000000000000       4.20765650330894504E-042
   76.375000000000000       9.41711095155722920E-043
   76.500000000000000       2.08831144118338838E-043
   76.625000000000000       4.58868872475845014E-044
   76.750000000000000       9.99109133466714570E-045
   76.875000000000000       2.15567453931969343E-045
   77.000000000000000       4.60907746587354506E-046
   77.125000000000000       9.76606678769425805E-047
   77.250000000000000       2.05075725976925822E-047
   77.375000000000000       4.26787250814858033E-048
   77.500000000000000       8.80287778499232073E-049
   77.625000000000000       1.79956329751693337E-049
   77.750000000000000       3.64629409830079545E-050
   77.875000000000000       7.32303317581267928E-051
   78.000000000000000       1.45779821760492081E-051
   78.125000000000000       2.87662364450448288E-052
   78.250000000000000       5.62677768338715677E-053
   78.375000000000000       1.09103620797754527E-053
   78.500000000000000       2.09716521470138380E-054
   78.625000000000000       3.99623799591835999E-055
   78.750000000000000       7.54929112948350197E-056
   78.875000000000000       1.41386459490301078E-056
   79.000000000000000       2.62522630053560934E-057
   79.125000000000000       4.83273746820185544E-058
   79.250000000000000       8.82058164433230515E-059
   79.375000000000000       1.59620488019717814E-059
   79.500000000000000       2.86402663848163844E-060
   79.625000000000000       5.09532509174799631E-061
   79.750000000000000       8.98839994537711054E-062
   79.875000000000000       1.57223531941474124E-062
   80.000000000000000       2.72700673131757851E-063
   80.125000000000000       4.69026107427870482E-064
   80.250000000000000       7.99941871391420975E-065
   80.375000000000000       1.35294057846324025E-065
   80.500000000000000       2.26916456730236636E-066
   80.625000000000000       3.77422826333075967E-067
   80.750000000000000       6.22548192240837949E-068
   80.875000000000000       1.01837565918303108E-068
   81.000000000000000       1.65211651161134116E-069
   81.125000000000000       2.65814214252689415E-070
   81.250000000000000       4.24158012357886034E-071
   81.375000000000000       6.71268102512883288E-072
   81.500000000000000       1.05363445555282980E-072
   81.625000000000000       1.64027299960743534E-073
   81.750000000000000       2.53268379443821924E-074
   81.875000000000000       3.87874084538363949E-075
   82.000000000000000       5.89184963326806054E-076
   82.125000000000000       8.87706987560912124E-077
   82.250000000000000       1.32663228484386273E-077
   82.375000000000000       1.96652796952663800E-078
   82.500000000000000       2.89150464533147756E-079
   82.625000000000000       4.21722992726849470E-080
   82.750000000000000       6.10120422011462233E-081
   82.875000000000000       8.75576064490249434E-082
   83.000000000000000       1.24642812373414401E-082
   83.125000000000000       1.76011282248406099E-083
   83.250000000000000       2.46557613158534517E-084
   83.375000000000000       3.42614369257924972E-085
   83.500000000000000       4.72287495728496089E-086
   83.625000000000000       6.45840657722221460E-087
   83.750000000000000       8.76126044962661464E-088
   83.875000000000000       1.17905526676511222E-088
   84.000000000000000       1.57409905618468079E-089
   84.125000000000000       2.08479864542710101E-090
   84.250000000000000       2.73926500749203984E-091
   84.375000000000000       3.57063494310561359E-092
   84.500000000000000       4.61744562704256267E-093
   84.625000000000000       5.92388225805295429E-094
   84.750000000000000       7.53984756358439312E-095
   84.875000000000000       9.52079789030230516E-096
   85.000000000000000       1.19272893314443617E-096
   85.125000000000000       1.48241796781452529E-097
   85.250000000000000       1.82794387364933722E-098
   85.375000000000000       2.23625313575310917E-099
   85.500000000000000       2.71423547409927093E-100
   85.625000000000000       3.26847341743681249E-101
   85.750000000000000       3.90495088680299007E-102
   85.875000000000000       4.62872709249523497E-103
   86.000000000000000       5.44358541664368179E-104
   86.125000000000000       6.35167034242753067E-105
   86.250000000000000       7.35312864681732980E-106
   86.375000000000000       8.44577371397629672E-107
   86.500000000000000       9.62479366041630426E-108
   86.625000000000000       1.08825247170396321E-108
   86.750000000000000       1.22083107586101348E-109
   86.875000000000000       1.35884678521984357E-110
   87.000000000000000       1.50063691549221755E-111
   87.125000000000000       1.64426604870755819E-112
   87.250000000000000       1.78756106259517981E-113
   87.375000000000000       1.92815931210168654E-114
   87.500000000000000       2.06356886482277925E-115
   87.625000000000000       2.19123891129815050E-116
   87.750000000000000       2.30863774405437420E-117
   87.875000000000000       2.41333508281539529E-118
   88.000000000000000       2.50308506983809355E-119
   88.125000000000000       2.57590601194236995E-120
   88.250000000000000       2.63015293386944527E-121
   88.375000000000000       2.66457924347659879E-122
   88.500000000000000       2.67838428640072497E-123
   88.625000000000000       2.67124426051189432E-124
   88.750000000000000       2.64332482549622086E-125
   88.875000000000000       2.59527472260076548E-126
   89.000000000000000       2.52820073266437690E-127
   89.125000000000000       2.44362373452755799E-128
   89.250000000000000       2.34324637892428855E-129
   89.375000000000000       2.21006529232336083E-130
   89.500000000000000        0.0000000000000000     
