  -10.500000000000000        0.0000000000000000     
  -10.375000000000000       3.76716480545353895E-007
  -10.250000000000000      -4.36913912226318378E-007
  -10.125000000000000      -7.63136202388356325E-009
  -10.000000000000000       1.08920644641589188E-006
  -9.8750000000000000      -2.62375064856981250E-006
  -9.7500000000000000       4.43923815727803520E-006
  -9.6250000000000000      -6.01343636279211670E-006
  -9.5000000000000000       7.05823865645532517E-006
  -9.3750000000000000      -7.02257281362884389E-006
  -9.2500000000000000       5.87396083693504287E-006
  -9.1250000000000000      -3.39047113685504026E-006
  -9.0000000000000000       6.29531603582216611E-008
  -8.8750000000000000       3.88868181677640039E-006
  -8.7500000000000000      -7.52781347548355334E-006
  -8.6250000000000000       1.04617754240650260E-005
  -8.5000000000000000      -1.17279811126271401E-005
  -8.3750000000000000       1.12599299025522331E-005
  -8.2500000000000000      -8.55059277770056007E-006
  -8.1250000000000000       4.22692038939597719E-006
  -8.0000000000000000       1.59338961242150125E-006
  -7.8750000000000000      -7.66452574158735990E-006
  -7.7500000000000000       1.35647461710824085E-005
  -7.6250000000000000      -1.79434046187424968E-005
  -7.5000000000000000       2.06906218754479267E-005
  -7.3750000000000000      -2.09453038335637807E-005
  -7.2500000000000000       1.93623874417305320E-005
  -7.1250000000000000      -1.57804450248129208E-005
  -7.0000000000000000       1.15387650053689349E-005
  -6.8750000000000000      -6.81257946353364044E-006
  -6.7500000000000000       3.05702751640902712E-006
  -6.6250000000000000      -1.29899453526784447E-007
  -6.5000000000000000      -9.88157478593984646E-007
  -6.3750000000000000       1.15135985407562856E-006
  -6.2500000000000000       4.24506393555376342E-008
  -6.1250000000000000      -1.23279665089719403E-006
  -6.0000000000000000       2.70759744354309070E-006
  -5.8750000000000000      -3.19703501572584256E-006
  -5.7500000000000000       3.44822086873300725E-006
  -5.6250000000000000      -2.67063850677071700E-006
  -5.5000000000000000       2.16796892092634758E-006
  -5.3750000000000000      -1.40004151789806571E-006
  -5.2500000000000000       1.73923409753466808E-006
  -5.1250000000000000      -2.28817343774975170E-006
  -5.0000000000000000       3.95303800317192143E-006
  -4.8750000000000000      -5.18926557860954342E-006
  -4.7500000000000000       6.50802939925907838E-006
  -4.6250000000000000      -6.14999661026376328E-006
  -4.5000000000000000       4.91771667890451778E-006
  -4.3750000000000000      -1.56854064007550995E-006
  -4.2500000000000000      -2.25976351254497987E-006
  -4.1250000000000000       7.13863180976945258E-006
  -4.0000000000000000      -1.09097853973195004E-005
  -3.8750000000000000       1.41974107753592297E-005
  -3.7500000000000000      -1.52402339009035198E-005
  -3.6250000000000000       1.55356118188602054E-005
  -3.5000000000000000      -1.41478711442428156E-005
  -3.3750000000000000       1.33121903975846145E-005
  -3.2500000000000000      -1.22211289830137757E-005
  -3.1250000000000000       1.28059966780420000E-005
  -3.0000000000000000      -1.33546637089776000E-005
  -2.8750000000000000       1.48673981434448557E-005
  -2.7500000000000000      -1.47782125495164461E-005
  -2.6250000000000000       1.39392375126168738E-005
  -2.5000000000000000      -1.02113636196500872E-005
  -2.3750000000000000       5.63505052665284466E-006
  -2.2500000000000000       6.36759139920352641E-007
  -2.1250000000000000      -5.37132276807671338E-006
  -2.0000000000000000       9.09064315009992181E-006
  -1.8750000000000000      -9.03333319664014950E-006
  -1.7500000000000000       7.19262143981474989E-006
  -1.6250000000000000      -2.51889256211353762E-006
  -1.5000000000000000      -1.35932678626483525E-006
  -1.3750000000000000       4.84591549079397451E-006
  -1.2500000000000000      -4.63438907969829304E-006
  -1.1250000000000000       2.62664159020692323E-006
  -1.0000000000000000       2.67003435133619039E-006
 -0.87500000000000000      -7.61412517240347813E-006
 -0.75000000000000000       1.30103641568964327E-005
 -0.62500000000000000      -1.54964728625391151E-005
 -0.50000000000000000       1.72409177587869806E-005
 -0.37500000000000000      -1.63372960633035419E-005
 -0.25000000000000000       1.61135215981393917E-005
 -0.12500000000000000      -1.46628648381114200E-005
   0.0000000000000000       1.45374530467143845E-005
  0.12500000000000000      -1.24567000022968591E-005
  0.25000000000000000       1.02094211927229924E-005
  0.37500000000000000      -4.65470863677481838E-006
  0.50000000000000000      -8.74174754814004312E-007
  0.62500000000000000       7.56205894194210479E-006
  0.75000000000000000      -1.04101981685635835E-005
  0.87500000000000000       1.06977898646180740E-005
   1.0000000000000000      -5.30276320820357825E-006
   1.1250000000000000      -9.96826351585198875E-007
   1.2500000000000000       8.07612431144602325E-006
   1.3750000000000000      -9.46335652147757331E-006
   1.5000000000000000       6.44412501666171142E-006
   1.6250000000000000       3.54443600684098668E-006
   1.7500000000000000      -1.39512607660722002E-005
   1.8750000000000000       2.35416660285478891E-005
   2.0000000000000000      -2.50382146741049083E-005
   2.1250000000000000       2.06350295292243465E-005
   2.2500000000000000      -8.88767130251113602E-006
   2.3750000000000000      -2.03719083472209659E-006
   2.5000000000000000       1.08400032742378953E-005
   2.6250000000000000      -1.09033057262206564E-005
   2.7500000000000000       6.54347545046677847E-006
   2.8750000000000000       2.42265508943174343E-006
   3.0000000000000000      -7.34650871744126272E-006
   3.1250000000000000       8.95011077294203000E-006
   3.2500000000000000      -3.25774129522661322E-006
   3.3750000000000000      -2.37524284619098595E-006
   3.5000000000000000       7.60645103674515583E-006
   3.6250000000000000      -5.20219869474312451E-006
   3.7500000000000000      -1.24855637425784163E-007
   3.8750000000000000       9.04609771509972369E-006
   4.0000000000000000      -1.23225628061338841E-005
   4.1250000000000000       1.15702427780568992E-005
   4.2500000000000000      -3.15483555520837537E-006
   4.3750000000000000      -3.86145735688202991E-006
   4.5000000000000000       9.03546506524908861E-006
   4.6250000000000000      -4.95264976046687091E-006
   4.7500000000000000      -1.61102407274544530E-006
   4.8750000000000000       1.01803899854184796E-005
   5.0000000000000000      -1.00936577702567360E-005
   5.1250000000000000       4.52768991798383769E-006
   5.2500000000000000       8.26281370766954118E-006
   5.3750000000000000      -1.57698909758779026E-005
   5.5000000000000000       1.67275507713930902E-005
   5.6250000000000000      -3.95150394050652198E-006
   5.7500000000000000      -1.22537157026129745E-005
   5.8750000000000000       2.87581511790520733E-005
   6.0000000000000000      -3.21791091256210741E-005
   6.1250000000000000       2.63895812265968990E-005
   6.2500000000000000      -1.03353687151516590E-005
   6.3750000000000000      -1.54751426426274462E-006
   6.5000000000000000       8.79137731273826469E-006
   6.6250000000000000      -4.58383599082782855E-006
   6.7500000000000000       4.63180239643100093E-007
   6.8750000000000000       2.97270307042598372E-006
   7.0000000000000000       4.17616315074893836E-006
   7.1250000000000000      -1.25175595216855065E-005
   7.2500000000000000       2.16593333421599769E-005
   7.3750000000000000      -1.87142774594285514E-005
   7.5000000000000000       1.02074519531565255E-005
   7.6250000000000000       4.75695957955561926E-006
   7.7500000000000000      -1.04889260040420124E-005
   7.8750000000000000       9.04886827233580365E-006
   8.0000000000000000       4.98844409111286070E-006
   8.1250000000000000      -1.66081017460485075E-005
   8.2500000000000000       2.54000740004645974E-005
   8.3750000000000000      -2.07808023025735737E-005
   8.5000000000000000       1.41214748111059948E-005
   8.6250000000000000      -4.33834436495900650E-006
   8.7500000000000000       3.93797816845303201E-006
   8.8750000000000000      -3.65936609208532024E-006
   9.0000000000000000       6.25133722487656148E-006
   9.1250000000000000       1.68047758836199971E-006
   9.2500000000000000      -1.18378540289928212E-005
   9.3750000000000000       2.76320595910247882E-005
   9.5000000000000000      -3.34676188246244133E-005
   9.6250000000000000       3.45495034871756685E-005
   9.7500000000000000      -2.37381304371581097E-005
   9.8750000000000000       1.55512887924055412E-005
   10.000000000000000      -5.48506003656452002E-006
   10.125000000000000       3.94860044148606731E-006
   10.250000000000000       7.91202711143262419E-007
   10.375000000000000      -1.59684589999822860E-006
   10.500000000000000       8.34075912701268295E-006
   10.625000000000000      -8.82680108895890615E-006
   10.750000000000000       1.07566923820334751E-005
   10.875000000000000      -3.87232239307449103E-006
   11.000000000000000       7.80936304411844350E-007
   11.125000000000000       6.28682261558535406E-006
   11.250000000000000      -5.67936444385901939E-006
   11.375000000000000       8.89605903052230940E-006
   11.500000000000000      -6.14215365171547935E-006
   11.625000000000000       8.51619535446906119E-006
   11.750000000000000      -4.27260861633460035E-006
   11.875000000000000       4.97792743670679671E-006
   12.000000000000000      -8.99564701588763069E-007
   12.125000000000000       5.39366070608528108E-006
   12.250000000000000      -6.18845122034793720E-006
   12.375000000000000       1.18231281659629586E-005
   12.500000000000000      -6.47719660275398528E-006
   12.625000000000000       1.72960113151593995E-006
   12.750000000000000       1.10163852566845144E-005
   12.875000000000000      -1.39146763210129053E-005
   13.000000000000000       1.72169946989320536E-005
   13.125000000000000      -1.06321653614324540E-005
   13.250000000000000       1.18636354754954095E-005
   13.375000000000000      -9.88358550075169943E-006
   13.500000000000000       1.53166291070772171E-005
   13.625000000000000      -1.03543637741669015E-005
   13.750000000000000       7.66954176599121722E-006
   13.875000000000000       2.21076369152857034E-006
   14.000000000000000       1.13012497559877273E-007
   14.125000000000000      -1.30151469471425047E-006
   14.250000000000000       1.00413480404732870E-005
   14.375000000000000      -5.15131699455492405E-006
   14.500000000000000       4.29372539288736682E-008
   14.625000000000000       1.40394733861206021E-005
   14.750000000000000      -1.48091438356735471E-005
   14.875000000000000       1.56002931957061539E-005
   15.000000000000000      -6.14090965688665146E-006
   15.125000000000000       7.50781624947743383E-006
   15.250000000000000      -4.55498335066301543E-006
   15.375000000000000       8.94131327103573274E-006
   15.500000000000000      -2.52285930122324705E-006
   15.625000000000000       4.47502863397381804E-006
   15.750000000000000      -2.73092026634531671E-006
   15.875000000000000       1.16983400285840591E-005
   16.000000000000000      -6.54445589768726409E-006
   16.125000000000000      -1.34811684222677249E-006
   16.250000000000000       2.27326535561004959E-005
   16.375000000000000      -2.64466143018629490E-005
   16.500000000000000       2.16835963395480131E-005
   16.625000000000000       1.65604964033054145E-006
   16.750000000000000      -1.03191614896932937E-005
   16.875000000000000       1.43883975696964518E-005
   17.000000000000000      -3.08996950046935701E-006
   17.125000000000000       5.48915417946377067E-006
   17.250000000000000      -3.11525381130762448E-006
   17.375000000000000       3.92313310014971644E-006
   17.500000000000000       1.47635284948819184E-005
   17.625000000000000      -2.13602870981272733E-005
   17.750000000000000       1.79159310627398529E-005
   17.875000000000000       1.27222103493977727E-005
   18.000000000000000      -2.67121882605018001E-005
   18.125000000000000       2.15435206825830889E-005
   18.250000000000000       1.53650763502541519E-005
   18.375000000000000      -3.24956705416629051E-005
   18.500000000000000       2.67579247070821851E-005
   18.625000000000000       1.25379748560820880E-005
   18.750000000000000      -3.46483289826215039E-005
   18.875000000000000       4.09964701816329993E-005
   19.000000000000000      -1.72544807787254262E-005
   19.125000000000000       1.69489448342309218E-006
   19.250000000000000       1.79549556749727936E-005
   19.375000000000000      -2.03188231449110088E-005
   19.500000000000000       2.55773742397751143E-005
   19.625000000000000      -1.00550098486623463E-005
   19.750000000000000       2.19163990694747499E-006
   19.875000000000000       8.20058773317724690E-006
   20.000000000000000       1.68839834076724680E-006
   20.125000000000000       4.39774472024564619E-006
   20.250000000000000      -1.01227198298758434E-005
   20.375000000000000       2.11049554991804553E-005
   20.500000000000000       4.40409201349293891E-006
   20.625000000000000      -2.88308151977388788E-005
   20.750000000000000       3.59589377055263967E-005
   20.875000000000000       9.58955167079445070E-006
   21.000000000000000      -4.23126372160584943E-005
   21.125000000000000       3.82594123203855446E-005
   21.250000000000000       1.53765539341136255E-005
   21.375000000000000      -3.46235313775612868E-005
   21.500000000000000       1.41185712247537226E-005
   21.625000000000000       3.10640194552916794E-005
   21.750000000000000      -2.39383859517723862E-005
   21.875000000000000      -3.99568879230319092E-006
   22.000000000000000       2.81383049997298862E-005
   22.125000000000000      -5.43507262081491352E-006
   22.250000000000000      -4.79211353028128269E-006
   22.375000000000000       1.60494262064022784E-006
   22.500000000000000       2.05303706536862459E-005
   22.625000000000000      -8.37652873716217264E-006
   22.750000000000000      -5.66180372296057633E-007
   22.875000000000000       8.72185119845416941E-006
   23.000000000000000       2.29123622675971665E-007
   23.125000000000000       2.29270097881241271E-005
   23.250000000000000      -3.28979888251851516E-005
   23.375000000000000       1.75730104134960298E-005
   23.500000000000000       3.65917164451223811E-005
   23.625000000000000      -3.94780661399534219E-005
   23.750000000000000       2.36241043133719351E-006
   23.875000000000000       3.79129590751346233E-005
   24.000000000000000      -4.56620524981820279E-006
   24.125000000000000      -2.87544009260835612E-005
   24.250000000000000       2.40359535230582572E-005
   24.375000000000000       2.55043774499905050E-005
   24.500000000000000      -1.94718036567501876E-005
   24.625000000000000      -1.24542436788713720E-005
   24.750000000000000       2.85971279031259541E-005
   24.875000000000000       1.79952136744957501E-005
   25.000000000000000      -3.26550045717610249E-005
   25.125000000000000       1.09702995422949988E-005
   25.250000000000000       2.42729413308819501E-005
   25.375000000000000      -2.20826386997865023E-006
   25.500000000000000      -5.64921699647362301E-006
   25.625000000000000      -9.14308056279778325E-006
   25.750000000000000       3.44186464284814439E-005
   25.875000000000000       5.65968148093263658E-006
   26.000000000000000      -3.51595687925793408E-005
   26.125000000000000       2.21848277840086768E-005
   26.250000000000000       3.23348861028543598E-005
   26.375000000000000      -2.28584742801360357E-005
   26.500000000000000      -9.24201808603758661E-006
   26.625000000000000       2.76042170356696778E-005
   26.750000000000000       4.05807295830026440E-006
   26.875000000000000      -6.31982347595829513E-007
   27.000000000000000      -7.50805395131148418E-006
   27.125000000000000       6.04356996081508235E-006
   27.250000000000000       3.15612302049346418E-005
   27.375000000000000      -1.84306438945395324E-005
   27.500000000000000      -1.04385844288163061E-005
   27.625000000000000       2.98942540994384021E-005
   27.750000000000000       3.20516516449889106E-006
   27.875000000000000      -7.23585804290006450E-006
   28.000000000000000       3.93012607349555652E-006
   28.125000000000000       6.27809497105981635E-006
   28.250000000000000       1.12830664242445517E-005
   28.375000000000000       7.65118665079195989E-006
   28.500000000000000      -1.45916722515750615E-005
   28.625000000000000       6.70956649514208576E-006
   28.750000000000000       2.99385617567545477E-005
   28.875000000000000      -1.16406701066215087E-005
   29.000000000000000      -1.09200184121677531E-005
   29.125000000000000       2.13615275874627931E-005
   29.250000000000000       1.07196176921797608E-005
   29.375000000000000      -6.61476976809786385E-006
   29.500000000000000       1.48878062457040984E-006
   29.625000000000000       1.30752151814542313E-005
   29.750000000000000       2.17250189162770153E-007
   29.875000000000000       6.45151473323984834E-006
   30.000000000000000       7.51027679229374298E-006
   30.125000000000000      -4.37640739810410383E-006
   30.250000000000000       1.29245036746995028E-005
   30.375000000000000       1.06424780978319208E-006
   30.500000000000000       4.68042650394459781E-007
   30.625000000000000       2.25068064385448329E-005
   30.750000000000000      -8.22495463464471362E-006
   30.875000000000000      -1.46243069992188127E-005
   31.000000000000000       3.08302255687125474E-005
   31.125000000000000       2.15404288298208663E-005
   31.250000000000000      -2.96461106168765870E-005
   31.375000000000000      -1.21399170342167314E-006
   31.500000000000000       3.34296752789494856E-005
   31.625000000000000      -2.69278025756655210E-006
   31.750000000000000       7.28272070730748694E-006
   31.875000000000000       5.04467775277022986E-006
   32.000000000000000      -2.64083667973235378E-005
   32.125000000000000       2.57305073237174182E-005
   32.250000000000000       4.31223223117399991E-005
   32.375000000000000      -1.92729266220307820E-005
   32.500000000000000      -3.46324025976583189E-005
   32.625000000000000       2.23982937988402686E-005
   32.750000000000000       4.11778949087680842E-005
   32.875000000000000      -7.36661122711090126E-006
   33.000000000000000      -5.55909488485432625E-007
   33.125000000000000      -4.23989607211357187E-006
   33.250000000000000      -2.61388735951365406E-005
   33.375000000000000       4.93094561179921087E-005
   33.500000000000000       4.76377148386033139E-005
   33.625000000000000      -4.35051835120817286E-005
   33.750000000000000      -3.63156797483477859E-005
   33.875000000000000       2.78667994337661817E-005
   34.000000000000000       4.68195215876459990E-005
   34.125000000000000       1.82052490017113865E-006
   34.250000000000000      -5.18326426137068094E-006
   34.375000000000000      -3.53846966103613193E-006
   34.500000000000000      -4.33687813531788562E-005
   34.625000000000000       3.69027429047749493E-005
   34.750000000000000       8.04390169116025642E-005
   34.875000000000000      -2.19769814318855771E-005
   35.000000000000000      -4.13332087733787038E-005
   35.125000000000000      -2.30778255200752951E-005
   35.250000000000000       2.14814645608428446E-005
   35.375000000000000       7.80087284053654730E-005
   35.500000000000000       4.45353801996881994E-008
   35.625000000000000      -2.62575591286709576E-005
   35.750000000000000      -7.70055598485008905E-006
   35.875000000000000      -5.01141795713379510E-005
   36.000000000000000       4.23393473653834487E-005
   36.125000000000000       1.04874897064908778E-004
   36.250000000000000      -1.18993878073108639E-005
   36.375000000000000      -6.49724732800290733E-005
   36.500000000000000      -2.86592341949109053E-005
   36.625000000000000       1.75652779878506194E-005
   36.750000000000000       5.34960012193921655E-005
   36.875000000000000       4.09016003154330450E-005
   37.000000000000000       1.17365291646122724E-005
   37.125000000000000      -3.22615069661817032E-005
   37.250000000000000      -5.97586206422122716E-005
   37.375000000000000      -1.10161625300862431E-005
   37.500000000000000       7.63749116570944041E-005
   37.625000000000000       9.45535017100650004E-005
   37.750000000000000      -2.12812991584746395E-005
   37.875000000000000      -8.13065987727193244E-005
   38.000000000000000      -7.12818815074524182E-006
   38.125000000000000      -8.36445999653126612E-006
   38.250000000000000       2.11265448419793950E-005
   38.375000000000000       1.26600097980654231E-004
   38.500000000000000       2.76188675730935446E-005
   38.625000000000000      -1.02801152523635818E-004
   38.750000000000000      -4.76554737688317256E-005
   38.875000000000000      -7.32862090909251458E-007
   39.000000000000000       3.39113027059028931E-005
   39.125000000000000       8.33815312411088493E-005
   39.250000000000000       4.94753601012636507E-005
   39.375000000000000       7.17831750502595799E-007
   39.500000000000000      -5.12782905661824490E-005
   39.625000000000000      -8.51012332538611695E-005
   39.750000000000000      -4.76740265425387608E-006
   39.875000000000000       5.35903689641443191E-005
   40.000000000000000       2.70513458900005767E-005
   40.125000000000000       5.61380133989408553E-005
   40.250000000000000       8.29505316009302378E-005
   40.375000000000000       1.16624665584289703E-005
   40.500000000000000      -5.60638221537764094E-005
   40.625000000000000      -6.07592938945600950E-005
   40.750000000000000      -6.70082395774383250E-005
   40.875000000000000      -7.16546031572587054E-005
   41.000000000000000       1.08000509667134257E-005
   41.125000000000000       1.20190454141802993E-004
   41.250000000000000       1.16957960630600482E-004
   41.375000000000000       7.16518162996261832E-005
   41.500000000000000       8.75533343532782524E-005
   41.625000000000000       8.16421713886993365E-005
   41.750000000000000      -9.74047215313005455E-006
   41.875000000000000      -1.42303826917162168E-004
   42.000000000000000      -2.42458310388249040E-004
   42.125000000000000      -2.50274075283368823E-004
   42.250000000000000      -1.71749033144249998E-004
   42.375000000000000      -1.57763209878652544E-005
   42.500000000000000       1.74040891361661599E-004
   42.625000000000000       2.58945529914967384E-004
   42.750000000000000       2.49084537816435920E-004
   42.875000000000000       2.74650571679341433E-004
   43.000000000000000       2.76821476555429949E-004
   43.125000000000000       1.86954339201737769E-004
   43.250000000000000       1.03697004498612454E-004
   43.375000000000000       6.33178391478194318E-005
   43.500000000000000       4.14568026429851274E-005
   43.625000000000000       8.26833276723981610E-005
   43.750000000000000       2.23842556792672003E-004
   43.875000000000000       4.59418142898228906E-004
   44.000000000000000       7.35108030904801989E-004
   44.125000000000000       9.92900642834328856E-004
   44.250000000000000       1.29453973327350695E-003
   44.375000000000000       1.69305017496613011E-003
   44.500000000000000       2.09470521885602107E-003
   44.625000000000000       2.45113419472534674E-003
   44.750000000000000       2.83425936714090752E-003
   44.875000000000000       3.27210779753028943E-003
   45.000000000000000       3.70226327901240510E-003
   45.125000000000000       4.05392791030684870E-003
   45.250000000000000       4.37517144264046396E-003
   45.375000000000000       4.80260019068925841E-003
   45.500000000000000       5.29950623450628055E-003
   45.625000000000000       5.70340344157502840E-003
   45.750000000000000       6.05229658699239781E-003
   45.875000000000000       6.49528695545926148E-003
   46.000000000000000       7.03846802023351537E-003
   46.125000000000000       7.60949695354015080E-003
   46.250000000000000       8.13298357212505554E-003
   46.375000000000000       8.58333570627943174E-003
   46.500000000000000       9.09661073332361340E-003
   46.625000000000000       9.77642568604823736E-003
   46.750000000000000       1.04650174694685717E-002
   46.875000000000000       1.09968873980278332E-002
   47.000000000000000       1.14689686758407405E-002
   47.125000000000000       1.20697292819412182E-002
   47.250000000000000       1.28081608328679247E-002
   47.375000000000000       1.34959236347925848E-002
   47.500000000000000       1.40074567714685901E-002
   47.625000000000000       1.44821662415560246E-002
   47.750000000000000       1.51001896409012071E-002
   47.875000000000000       1.58057794053187879E-002
   48.000000000000000       1.64456199692121496E-002
   48.125000000000000       1.69906271943150652E-002
   48.250000000000000       1.75223517125138242E-002
   48.375000000000000       1.81258844289740283E-002
   48.500000000000000       1.87916428096974349E-002
   48.625000000000000       1.94414892790110982E-002
   48.750000000000000       2.00610411502037990E-002
   48.875000000000000       2.06724284257290281E-002
   49.000000000000000       2.12694590004297822E-002
   49.125000000000000       2.18987902128109264E-002
   49.250000000000000       2.25989568124048898E-002
   49.375000000000000       2.32806315870223747E-002
   49.500000000000000       2.38856817089409812E-002
   49.625000000000000       2.44936315572701277E-002
   49.750000000000000       2.51676948592197761E-002
   49.875000000000000       2.58890740173770666E-002
   50.000000000000000       2.65924147269141868E-002
   50.125000000000000       2.72204032494483376E-002
   50.250000000000000       2.78508495320503834E-002
   50.375000000000000       2.85914481399617906E-002
   50.500000000000000       2.93439754097752602E-002
   50.625000000000000       2.99856408294612159E-002
   50.750000000000000       3.06021795696336633E-002
   50.875000000000000       3.12878085170817527E-002
   51.000000000000000       3.20021747903365822E-002
   51.125000000000000       3.26742092579000165E-002
   51.250000000000000       3.32707950042506681E-002
   51.375000000000000       3.38916175415090309E-002
   51.500000000000000       3.46681702291746774E-002
   51.625000000000000       3.54528871962317485E-002
   51.750000000000000       3.60483908603099687E-002
   51.875000000000000       3.66293848291193436E-002
   52.000000000000000       3.73887280498332031E-002
   52.125000000000000       3.81732438557625120E-002
   52.250000000000000       3.88379024234618009E-002
   52.375000000000000       3.94496620374377646E-002
   52.500000000000000       4.01166988701746677E-002
   52.625000000000000       4.08969423574795238E-002
   52.750000000000000       4.16392268571014745E-002
   52.875000000000000       4.21234568301220511E-002
   53.000000000000000       4.25778969377996891E-002
   53.125000000000000       4.33905362856577340E-002
   53.250000000000000       4.43827190888170520E-002
   53.375000000000000       4.51489065714212878E-002
   53.500000000000000       4.56826299123860718E-002
   53.625000000000000       4.61951455339971451E-002
   53.750000000000000       4.68919549695708537E-002
   53.875000000000000       4.78288182099979517E-002
   54.000000000000000       4.86446179624644010E-002
   54.125000000000000       4.90365311724000261E-002
   54.250000000000000       4.93570641498256718E-002
   54.375000000000000       5.00609271686943691E-002
   54.500000000000000       5.11257506856838614E-002
   54.625000000000000       5.22399802834378549E-002
   54.750000000000000       5.29289972245685983E-002
   54.875000000000000       5.30163525620714962E-002
   55.000000000000000       5.32626079124931331E-002
   55.125000000000000       5.44266354474460673E-002
   55.250000000000000       5.59041167028818467E-002
   55.375000000000000       5.65680948645044882E-002
   55.500000000000000       5.64542138260324539E-002
   55.625000000000000       5.66194164133254352E-002
   55.750000000000000       5.77567855941703845E-002
   55.875000000000000       5.93170567702082929E-002
   56.000000000000000       6.00999366843425198E-002
   56.125000000000000       5.99808564381026713E-002
   56.250000000000000       6.01655382028485480E-002
   56.375000000000000       6.12612246441157984E-002
   56.500000000000000       6.24848837662494785E-002
   56.625000000000000       6.30975292385780873E-002
   56.750000000000000       6.33166209391759077E-002
   56.875000000000000       6.37312403487210466E-002
   57.000000000000000       6.46065403080546691E-002
   57.125000000000000       6.56244455919628850E-002
   57.250000000000000       6.62476237757474024E-002
   57.375000000000000       6.65046767135524797E-002
   57.500000000000000       6.69359862699032970E-002
   57.625000000000000       6.78064125595012612E-002
   57.750000000000000       6.89078783853943055E-002
   57.875000000000000       6.97899490316211679E-002
   58.000000000000000       7.00216469908088029E-002
   58.125000000000000       6.98626465639796551E-002
   58.250000000000000       7.04297134079758941E-002
   58.375000000000000       7.23477098323273005E-002
   58.500000000000000       7.43771666464685677E-002
   58.625000000000000       7.43636757731592490E-002
   58.750000000000000       7.22982655328529705E-002
   58.875000000000000       7.15164925085182979E-002
   59.000000000000000       7.50361074055714283E-002
   59.125000000000000       8.03693117760785475E-002
   59.250000000000000       8.07168600586960910E-002
   59.375000000000000       7.45919761939973919E-002
   59.500000000000000       6.99141627934883048E-002
   59.625000000000000       7.47950845059450892E-002
   59.750000000000000       8.63964020055446175E-002
   59.875000000000000       9.01200671310260631E-002
   60.000000000000000       7.86938929952997607E-002
   60.125000000000000       6.58704477765647556E-002
   60.250000000000000       6.92804342324992439E-002
   60.375000000000000       9.00567554628341621E-002
   60.500000000000000       0.10381745009663526     
   60.625000000000000       8.82137071286626384E-002
   60.750000000000000       6.21267731032696460E-002
   60.875000000000000       5.68179923423630245E-002
   61.000000000000000       8.32299216072933945E-002
   61.125000000000000       0.11744122345277304     
   61.250000000000000       0.10985008977921992     
   61.375000000000000       6.86159689436501019E-002
   61.500000000000000       4.49967708690436966E-002
   61.625000000000000       6.21998566983031631E-002
   61.750000000000000       0.11318422277535437     
   61.875000000000000       0.13587243778144809     
   62.000000000000000       9.14873620370442037E-002
   62.125000000000000       4.34749136077797749E-002
   62.250000000000000       3.62789410479698454E-002
   62.375000000000000       7.72187054877954970E-002
   62.500000000000000       0.14122855247101168     
   62.625000000000000       0.13820269213960495     
   62.750000000000000       7.14827048119068831E-002
   62.875000000000000       2.92042588424751975E-002
   63.000000000000000       3.29450885394067389E-002
   63.125000000000000       8.67390104701346865E-002
   63.250000000000000       0.15773326052986553     
   63.375000000000000       0.14071739576923981     
   63.500000000000000       6.34116157305900097E-002
   63.625000000000000       2.14885191426916755E-002
   63.750000000000000       2.16430231651249735E-002
   63.875000000000000       6.68057530960607243E-002
   64.000000000000000       0.15188463604798108     
   64.125000000000000       0.16667367672018135     
   64.250000000000000       8.46448770131200262E-002
   64.375000000000000       2.39624672168320049E-002
   64.500000000000000       5.10835897083739346E-003
   64.625000000000000       1.01525043927867429E-003
   64.750000000000000       2.48946126958339564E-004
   64.875000000000000       1.90531868043205480E-004
   65.000000000000000       2.99568689215589984E-004
   65.125000000000000       4.68542669284692243E-004
   65.250000000000000       7.02531394848294848E-004
   65.375000000000000       1.01216199414877212E-003
   65.500000000000000       1.36781320231705618E-003
   65.625000000000000       1.72906611085792703E-003
   65.750000000000000       2.09361457861451236E-003
   65.875000000000000       2.48562544884604929E-003
   66.000000000000000       2.90109519606626459E-003
   66.125000000000000       3.30042677511449946E-003
   66.250000000000000       3.66594652791867774E-003
   66.375000000000000       4.03362494725847953E-003
   66.500000000000000       4.44110576781080353E-003
   66.625000000000000       4.86771852032721886E-003
   66.750000000000000       5.26557608670059994E-003
   66.875000000000000       5.64319619382995605E-003
   67.000000000000000       6.07050190256052009E-003
   67.125000000000000       6.58297166242655454E-003
   67.250000000000000       7.12225446239075129E-003
   67.375000000000000       7.61284219365068390E-003
   67.500000000000000       8.07510314184043711E-003
   67.625000000000000       8.60524123989665074E-003
   67.750000000000000       9.23674737098575255E-003
   67.875000000000000       9.87975618733406488E-003
   68.000000000000000       1.04380254498568168E-002
   68.125000000000000       1.09472018535074021E-002
   68.250000000000000       1.15307447599129337E-002
   68.375000000000000       1.22226867371160366E-002
   68.500000000000000       1.29061453332438240E-002
   68.625000000000000       1.34662295510241479E-002
   68.750000000000000       1.39523265462493540E-002
   68.875000000000000       1.45176398995702036E-002
   69.000000000000000       1.52108645766591295E-002
   69.125000000000000       1.59062393438425542E-002
   69.250000000000000       1.64724312951711402E-002
   69.375000000000000       1.69519548991216747E-002
   69.500000000000000       1.75052223751313955E-002
   69.625000000000000       1.81973507526421163E-002
   69.750000000000000       1.89174419204902466E-002
   69.875000000000000       1.95323673436334569E-002
   70.000000000000000       2.00605329369776542E-002
   70.125000000000000       2.06349515626263955E-002
   70.250000000000000       2.13203569804666718E-002
   70.375000000000000       2.20375767993458462E-002
   70.500000000000000       2.26832092793574081E-002
   70.625000000000000       2.32663976544206577E-002
   70.750000000000000       2.38806640314749227E-002
   70.875000000000000       2.45695182015503756E-002
   71.000000000000000       2.52793651987761707E-002
   71.125000000000000       2.59497304643207145E-002
   71.250000000000000       2.65972049219951219E-002
   71.375000000000000       2.72771459125367606E-002
   71.500000000000000       2.79939351537973821E-002
   71.625000000000000       2.86962228418938779E-002
   71.750000000000000       2.93559936383446587E-002
   71.875000000000000       3.00064987680386669E-002
   72.000000000000000       3.06846600741923353E-002
   72.125000000000000       3.13721364325300414E-002
   72.250000000000000       3.20282559937789882E-002
   72.375000000000000       3.26628130446870862E-002
   72.500000000000000       3.33312215579705112E-002
   72.625000000000000       3.40518706708870036E-002
   72.750000000000000       3.47702762244912478E-002
   72.875000000000000       3.54334346827337304E-002
   73.000000000000000       3.60718441167513712E-002
   73.125000000000000       3.67627383550226880E-002
   73.250000000000000       3.75167938326924494E-002
   73.375000000000000       3.82521768220615566E-002
   73.500000000000000       3.89049026691873356E-002
   73.625000000000000       3.95221138405553035E-002
   73.750000000000000       4.01934206809620095E-002
   73.875000000000000       4.09097507530919863E-002
   74.000000000000000       4.15668087068785108E-002
   74.125000000000000       4.21363058457740677E-002
   74.250000000000000       4.27591582501309353E-002
   74.375000000000000       4.35799248145556442E-002
   74.500000000000000       4.45102289448648658E-002
   74.625000000000000       4.52750029747866697E-002
   74.750000000000000       4.57569296061601169E-002
   74.875000000000000       4.61974182357981281E-002
   75.000000000000000       4.69196479966552948E-002
   75.125000000000000       4.78816437287446842E-002
   75.250000000000000       4.86775310727111873E-002
   75.375000000000000       4.90754045011161863E-002
   75.500000000000000       4.94043402744046567E-002
   75.625000000000000       5.01870307682858174E-002
   75.750000000000000       5.14170755107883001E-002
   75.875000000000000       5.24560354867822098E-002
   76.000000000000000       5.28173534288530130E-002
   76.125000000000000       5.28707694604860362E-002
   76.250000000000000       5.34401329327937810E-002
   76.375000000000000       5.47326380313464186E-002
   76.500000000000000       5.60027908067544170E-002
   76.625000000000000       5.64815005392627217E-002
   76.750000000000000       5.64202387090169677E-002
   76.875000000000000       5.67974457075127864E-002
   77.000000000000000       5.80330254963922765E-002
   77.125000000000000       5.94249320917608764E-002
   77.250000000000000       6.00658058465024167E-002
   77.375000000000000       6.00445014785298478E-002
   77.500000000000000       6.02910393828646335E-002
   77.625000000000000       6.13098707565569792E-002
   77.750000000000000       6.25599717565785141E-002
   77.875000000000000       6.32510470821658899E-002
   78.000000000000000       6.34087867761550239E-002
   78.125000000000000       6.37556950077866891E-002
   78.250000000000000       6.46745680260043532E-002
   78.375000000000000       6.57385367491505751E-002
   78.500000000000000       6.63560948018986907E-002
   78.625000000000000       6.65688508430236636E-002
   78.750000000000000       6.69621523283826792E-002
   78.875000000000000       6.79105935464312249E-002
   79.000000000000000       6.91187470045929869E-002
   79.125000000000000       6.99097396291560869E-002
   79.250000000000000       6.99705732995947877E-002
   79.375000000000000       6.98689191402394466E-002
   79.500000000000000       7.06728920875073219E-002
   79.625000000000000       7.26776033693781603E-002
   79.750000000000000       7.44683097896146617E-002
   79.875000000000000       7.41440179088346529E-002
   80.000000000000000       7.21808215172540790E-002
   80.125000000000000       7.19121344072944785E-002
   80.250000000000000       7.56818100656885540E-002
   80.375000000000000       8.05346657144625083E-002
   80.500000000000000       8.01928157224833793E-002
   80.625000000000000       7.40422109350352131E-002
   80.750000000000000       7.01205975740128024E-002
   80.875000000000000       7.58714498940290805E-002
   81.000000000000000       8.72879331736031855E-002
   81.125000000000000       8.94935470906707137E-002
   81.250000000000000       7.71644595089181484E-002
   81.375000000000000       6.54309927294521726E-002
   81.500000000000000       7.09312256470604474E-002
   81.625000000000000       9.23397939059442258E-002
   81.750000000000000       0.10345624720085503     
   81.875000000000000       8.52946274749037114E-002
   82.000000000000000       6.02901124185910714E-002
   82.125000000000000       5.84621122129215451E-002
   82.250000000000000       8.78592945288620003E-002
   82.375000000000000       0.11938069682356525     
   82.500000000000000       0.10561928048566969     
   82.625000000000000       6.41255485783928658E-002
   82.750000000000000       4.49680862293989070E-002
   82.875000000000000       6.74281026494924496E-002
   83.000000000000000       0.11892551696663181     
   83.125000000000000       0.13306504778114717     
   83.250000000000000       8.45191280810678042E-002
   83.375000000000000       4.07159505436898855E-002
   83.500000000000000       3.90024525336491873E-002
   83.625000000000000       8.51083526118750766E-002
   83.750000000000000       0.14576460417331674     
   83.875000000000000       0.13161079690138694     
   84.000000000000000       6.42226775399624555E-002
   84.125000000000000       2.74302652391795361E-002
   84.250000000000000       3.67172587135106143E-002
   84.375000000000000       9.63950652284974452E-002
   84.500000000000000       0.16202162847910145     
   84.625000000000000       0.13186437857493341     
   84.750000000000000       5.52831627345441445E-002
   84.875000000000000       1.92210408854245340E-002
   85.000000000000000       2.43590233843419962E-002
   85.125000000000000       7.69857798685590761E-002
   85.250000000000000       0.16116188500043052     
   85.375000000000000       0.15887458485111516     
   85.500000000000000       7.32393863298144709E-002
   85.625000000000000       1.95086347345603123E-002
   85.750000000000000       4.06972751500831072E-003
   85.875000000000000       8.25451741318759900E-004
   86.000000000000000       1.89582210458121947E-004
   86.125000000000000       5.85604507912214578E-005
   86.250000000000000       2.59756626838196242E-005
   86.375000000000000       1.44754256357565625E-005
   86.500000000000000       8.77087801214523357E-006
   86.625000000000000       5.40591402367403063E-006
   86.750000000000000       3.31435181481713088E-006
   86.875000000000000       2.00772139151017054E-006
   87.000000000000000       1.19936911960162887E-006
   87.125000000000000       7.06235084848845820E-007
   87.250000000000000       4.09910305851421627E-007
   87.375000000000000       2.34546281435621450E-007
   87.500000000000000       1.32326013554129944E-007
   87.625000000000000       7.36244423177890932E-008
   87.750000000000000       4.04057985205552678E-008
   87.875000000000000       2.18773527970652405E-008
   88.000000000000000       1.16884956321230323E-008
   88.125000000000000       6.16335225444621585E-009
   88.250000000000000       3.20811338076765810E-009
   88.375000000000000       1.64867251732365642E-009
   88.500000000000000       8.36653942626307105E-010
   88.625000000000000       4.19327725167368041E-010
   88.750000000000000       2.07591734889759110E-010
   88.875000000000000       1.01506930077419548E-010
   89.000000000000000       4.89842517963089073E-011
   89.125000000000000       2.32245080460187293E-011
   89.250000000000000       1.05772795022762141E-011
   89.375000000000000       4.07799445388965226E-012
   89.500000000000000        0.0000000000000000     
