  -10.500000000000000        0.0000000000000000     
  -10.375000000000000       5.44044861757337873E-006
  -10.250000000000000      -1.03928851267679884E-005
  -10.125000000000000       1.45250471787769042E-005
  -10.000000000000000      -1.74387976091302507E-005
  -9.8750000000000000       1.91615033070273639E-005
  -9.7500000000000000      -1.95122798823862885E-005
  -9.6250000000000000       1.89083982664867716E-005
  -9.5000000000000000      -1.73151097713616369E-005
  -9.3750000000000000       1.53822592677235718E-005
  -9.2500000000000000      -1.30072433971467310E-005
  -9.1250000000000000       1.08438039857423979E-005
  -9.0000000000000000      -8.52143789335776594E-006
  -8.8750000000000000       6.56707502569795146E-006
  -8.7500000000000000      -4.30640808500721796E-006
  -8.6250000000000000       2.20851299397850276E-006
  -8.5000000000000000       5.45146128582922692E-007
  -8.3750000000000000      -3.32342628649843408E-006
  -8.2500000000000000       6.85746056923897721E-006
  -8.1250000000000000      -1.01611184123845507E-005
  -8.0000000000000000       1.37742498577413598E-005
  -7.8750000000000000      -1.63718073625859587E-005
  -7.7500000000000000       1.84510713288002035E-005
  -7.6250000000000000      -1.86094811291054157E-005
  -7.5000000000000000       1.76351370502529989E-005
  -7.3750000000000000      -1.43867677876936922E-005
  -7.2500000000000000       1.02190847452169998E-005
  -7.1250000000000000      -4.39565846471877967E-006
  -7.0000000000000000      -1.19212490525561084E-006
  -6.8750000000000000       7.09584161324541590E-006
  -6.7500000000000000      -1.12674420804309942E-005
  -6.6250000000000000       1.45556415782176009E-005
  -6.5000000000000000      -1.52456950986556164E-005
  -6.3750000000000000       1.48866628405555139E-005
  -6.2500000000000000      -1.23195556779675240E-005
  -6.1250000000000000       9.78207217779256035E-006
  -6.0000000000000000      -6.40768824897405762E-006
  -5.8750000000000000       4.65353245098572800E-006
  -5.7500000000000000      -3.35304518016327313E-006
  -5.6250000000000000       4.59266456195464654E-006
  -5.5000000000000000      -6.43917377807447079E-006
  -5.3750000000000000       1.03766009116040017E-005
  -5.2500000000000000      -1.37608269481351826E-005
  -5.1250000000000000       1.78173727994669176E-005
  -5.0000000000000000      -1.97458898084703561E-005
  -4.8750000000000000       2.11609346530056840E-005
  -4.7500000000000000      -1.96902657754603516E-005
  -4.6250000000000000       1.77261174377362521E-005
  -4.5000000000000000      -1.34165417682380850E-005
  -4.3750000000000000       9.71267969468954032E-006
  -4.2500000000000000      -4.80452615156910281E-006
  -4.1250000000000000       1.59966588866437923E-006
  -4.0000000000000000       2.23935615912383283E-006
  -3.8750000000000000      -4.21820817473958504E-006
  -3.7500000000000000       7.27340037734070936E-006
  -3.6250000000000000      -9.06721188456982416E-006
  -3.5000000000000000       1.26340232542305466E-005
  -3.3750000000000000      -1.51922939929954683E-005
  -3.2500000000000000       1.93758518465166176E-005
  -3.1250000000000000      -2.17256703950716493E-005
  -3.0000000000000000       2.46125853042370274E-005
  -2.8750000000000000      -2.43828791254480181E-005
  -2.7500000000000000       2.38501176191857401E-005
  -2.6250000000000000      -1.98674177438543312E-005
  -2.5000000000000000       1.61640555378173393E-005
  -2.3750000000000000      -1.01554603574113036E-005
  -2.2500000000000000       6.08229693122816375E-006
  -2.1250000000000000      -1.14685756482033128E-006
  -2.0000000000000000      -7.98582520227589895E-007
  -1.8750000000000000       3.49980140969917727E-006
  -1.7500000000000000      -3.78350997051731502E-006
  -1.6250000000000000       6.06734188341383988E-006
  -1.5000000000000000      -7.06194021221470492E-006
  -1.3750000000000000       1.08101046976550746E-005
  -1.2500000000000000      -1.29708784792211274E-005
  -1.1250000000000000       1.67714031694603844E-005
  -1.0000000000000000      -1.70851714013765513E-005
 -0.87500000000000000       1.72887512135668339E-005
 -0.75000000000000000      -1.28312881829885806E-005
 -0.62500000000000000       8.53365020648969445E-006
 -0.50000000000000000      -1.13074425066519089E-006
 -0.37500000000000000      -3.31141646891930666E-006
 -0.25000000000000000       7.92237847365366538E-006
 -0.12500000000000000      -7.14668165029968348E-006
   0.0000000000000000       5.76083183383117367E-006
  0.12500000000000000       1.39055815068959905E-007
  0.25000000000000000      -4.07380816408826447E-006
  0.37500000000000000       9.41326353810907987E-006
  0.50000000000000000      -9.87502493495672406E-006
  0.62500000000000000       1.02960626480920814E-005
  0.75000000000000000      -5.91889826053680229E-006
  0.87500000000000000       3.21512847134528999E-006
   1.0000000000000000       2.09071287804111548E-006
   1.1250000000000000      -3.65273571191463913E-006
   1.2500000000000000       6.97094203398486378E-006
   1.3750000000000000      -6.70078749975271746E-006
   1.5000000000000000       9.25799974346518768E-006
   1.6250000000000000      -8.99672328478216796E-006
   1.7500000000000000       1.16895999453035325E-005
   1.8750000000000000      -1.04502273876898523E-005
   2.0000000000000000       1.07228668480542646E-005
   2.1250000000000000      -5.90566816600966971E-006
   2.2500000000000000       3.13798187142990676E-006
   2.3750000000000000       2.53205436436368706E-006
   2.5000000000000000      -2.52209231103246478E-006
   2.6250000000000000       2.27585487502328704E-006
   2.7500000000000000       4.96298977367237372E-006
   2.8750000000000000      -1.03622831176246965E-005
   3.0000000000000000       1.79670044639493510E-005
   3.1250000000000000      -1.75385318601788915E-005
   3.2500000000000000       1.48167107325554219E-005
   3.3750000000000000      -3.18043825769973163E-006
   3.5000000000000000      -6.66979491095752801E-006
   3.6250000000000000       1.81109590012087544E-005
   3.7500000000000000      -1.97639630056482779E-005
   3.8750000000000000       1.83297560200992667E-005
   4.0000000000000000      -7.60825407825043390E-006
   4.1250000000000000      -1.40922587066097033E-007
   4.2500000000000000       8.71967462215347832E-006
   4.3750000000000000      -7.02863561201296462E-006
   4.5000000000000000       3.99050964459208958E-006
   4.6250000000000000       5.81574573510844611E-006
   4.7500000000000000      -9.25498539071807647E-006
   4.8750000000000000       1.21265955510039410E-005
   5.0000000000000000      -5.19908741707763682E-006
   5.1250000000000000       5.02981469059468175E-007
   5.2500000000000000       7.00501992782133971E-006
   5.3750000000000000      -4.64848248083660811E-006
   5.5000000000000000       1.75073079228909311E-006
   5.6250000000000000       8.47464559403982849E-006
   5.7500000000000000      -1.17003603302643511E-005
   5.8750000000000000       1.45680854436915746E-005
   6.0000000000000000      -6.74475543864230563E-006
   6.1250000000000000       1.64635304222333521E-006
   6.2500000000000000       6.60369040210248812E-006
   6.3750000000000000      -4.39956973886752045E-006
   6.5000000000000000       3.00529414176749875E-006
   6.6250000000000000       4.42919728161530217E-006
   6.7500000000000000      -1.94109892627095616E-006
   6.8750000000000000      -1.85391085677139856E-006
   7.0000000000000000       1.61850115151665144E-005
   7.1250000000000000      -2.35973321141072975E-005
   7.2500000000000000       2.90245380482412541E-005
   7.3750000000000000      -1.75515709428874250E-005
   7.5000000000000000       3.72151908866847296E-006
   7.6250000000000000       1.70813709473769257E-005
   7.7500000000000000      -2.45321951011352037E-005
   7.8750000000000000       2.68302541387848377E-005
   8.0000000000000000      -1.37145294377657598E-005
   8.1250000000000000       4.98861191878709458E-006
   8.2500000000000000       4.62435401653066550E-006
   8.3750000000000000       1.08559326788057001E-006
   8.5000000000000000      -6.12210759134848409E-006
   8.6250000000000000       1.70866104466813008E-005
   8.7500000000000000      -1.48653853503785657E-005
   8.8750000000000000       1.25095232671877093E-005
   9.0000000000000000      -1.23731314204012355E-006
   9.1250000000000000       1.92428678934623296E-006
   9.2500000000000000      -4.17561752260145366E-006
   9.3750000000000000       1.96231823847111969E-005
   9.5000000000000000      -2.62010603394709130E-005
   9.6250000000000000       3.08474000472867921E-005
   9.7500000000000000      -1.63861273989463071E-005
   9.8750000000000000       2.34969351653352182E-006
   10.000000000000000       1.77168469701037906E-005
   10.125000000000000      -2.16135407286326440E-005
   10.250000000000000       2.38982115307849508E-005
   10.375000000000000      -1.41228968242298723E-005
   10.500000000000000       1.48507291525560507E-005
   10.625000000000000      -1.32608946305996296E-005
   10.750000000000000       2.25731815884687851E-005
   10.875000000000000      -2.00982854628328658E-005
   11.000000000000000       1.76007905219297202E-005
   11.125000000000000       4.24486196562286970E-007
   11.250000000000000      -1.06706920532205445E-005
   11.375000000000000       2.26111850872740467E-005
   11.500000000000000      -1.58961828062120471E-005
   11.625000000000000       1.08137031774876829E-005
   11.750000000000000       3.46294664018745190E-006
   11.875000000000000      -4.00323826349674549E-006
   12.000000000000000       8.11285916291828256E-006
   12.125000000000000      -1.52831785383516910E-006
   12.250000000000000       6.57896625619389730E-006
   12.375000000000000      -5.91284438533629487E-006
   12.500000000000000       1.52563589315654838E-005
   12.625000000000000      -1.20951400428500126E-005
   12.750000000000000       1.38456812215105303E-005
   12.875000000000000      -3.58156722834387998E-006
   13.000000000000000       4.26565729776886883E-006
   13.125000000000000       1.28612627034267360E-006
   13.250000000000000       5.58982689265291329E-006
   13.375000000000000      -2.22256356658099163E-006
   13.500000000000000       6.23769924992140809E-006
   13.625000000000000       2.59787164035460248E-006
   13.750000000000000      -2.40893346654412463E-006
   13.875000000000000       1.21909886715033137E-005
   14.000000000000000      -1.08175977500484775E-005
   14.125000000000000       1.91283288904348827E-005
   14.250000000000000      -1.53269075113577033E-005
   14.375000000000000       1.91976152596712603E-005
   14.500000000000000      -8.75115832576137725E-006
   14.625000000000000       7.34514590567205390E-006
   14.750000000000000       3.28271777763373347E-006
   14.875000000000000       1.43871004044532194E-006
   15.000000000000000       1.36014769720017932E-006
   15.125000000000000       6.93657868864882002E-006
   15.250000000000000      -3.25274446759935866E-007
   15.375000000000000       1.38896330825259121E-006
   15.500000000000000       9.41509674539617617E-006
   15.625000000000000      -5.63496054444425212E-006
   15.750000000000000       1.04399326886871874E-005
   15.875000000000000      -3.69499095255142140E-006
   16.000000000000000       1.18327090969681428E-005
   16.125000000000000      -9.94825080457160997E-006
   16.250000000000000       1.73351843154297324E-005
   16.375000000000000      -6.42828426322443336E-006
   16.500000000000000       3.39848286671436138E-006
   16.625000000000000       9.85160486643001524E-006
   16.750000000000000      -3.60030659386676093E-006
   16.875000000000000       3.91052674625432536E-006
   17.000000000000000       7.42586667102302514E-006
   17.125000000000000       6.91727968229093085E-007
   17.250000000000000      -2.35792519242912110E-006
   17.375000000000000       1.66499487147437135E-005
   17.500000000000000      -1.18130489812213330E-005
   17.625000000000000       1.33360924169512016E-005
   17.750000000000000       4.30157434100337079E-007
   17.875000000000000       5.37107127125736566E-007
   18.000000000000000       1.02833477732891345E-005
   18.125000000000000      -7.72162345726023877E-006
   18.250000000000000       1.67294426905379666E-005
   18.375000000000000      -5.50585802374229221E-006
   18.500000000000000      -3.78632607156483702E-007
   18.625000000000000       2.16003861990792877E-005
   18.750000000000000      -1.94775784560590232E-005
   18.875000000000000       1.66211177596336100E-005
   19.000000000000000       7.67649850519187592E-006
   19.125000000000000      -1.18367529020306138E-005
   19.250000000000000       1.73134294990748537E-005
   19.375000000000000      -1.43367539184119829E-006
   19.500000000000000       3.50646995571927642E-006
   19.625000000000000       2.05090809110967038E-006
   19.750000000000000       7.60986275769310936E-006
   19.875000000000000       1.93994917151627337E-006
   20.000000000000000       3.08545538705335544E-006
   20.125000000000000      -1.24798604630633979E-006
   20.250000000000000       1.99621513382027623E-005
   20.375000000000000      -1.38189393943386051E-005
   20.500000000000000       1.07585767078547241E-006
   20.625000000000000       3.81639448596956317E-005
   20.750000000000000      -4.52903304963387873E-005
   20.875000000000000       3.27458756803095948E-005
   21.000000000000000       1.67374703171503128E-005
   21.125000000000000      -3.76885594073073918E-005
   21.250000000000000       3.96446861395155135E-005
   21.375000000000000      -2.70836435086591314E-006
   21.500000000000000      -1.23729270120577396E-005
   21.625000000000000       2.15233812347253075E-005
   21.750000000000000      -2.16680667115841412E-006
   21.875000000000000       3.01326154933614903E-006
   22.000000000000000       4.67111793112820858E-006
   22.125000000000000       2.92270496835910831E-006
   22.250000000000000       1.11283228861583122E-005
   22.375000000000000      -8.13810956693838315E-006
   22.500000000000000       1.47903678091737285E-005
   22.625000000000000       9.21991116393722286E-008
   22.750000000000000       1.18059285539342499E-006
   22.875000000000000       1.49401859264397893E-005
   23.000000000000000      -1.41151204036488545E-005
   23.125000000000000       2.13557594301956207E-005
   23.250000000000000       4.22555977584919471E-006
   23.375000000000000      -1.58845802728649341E-005
   23.500000000000000       2.26007988478996822E-005
   23.625000000000000       1.48531801697152083E-005
   23.750000000000000      -2.96620411524413466E-005
   23.875000000000000       2.24544168310638352E-005
   24.000000000000000       3.05147955303017624E-005
   24.125000000000000      -4.36024674199329663E-005
   24.250000000000000       2.55851302466456592E-005
   24.375000000000000       2.53803115090233333E-005
   24.500000000000000      -2.24004359544586044E-005
   24.625000000000000       1.79839306803298204E-006
   24.750000000000000       2.37645057010999239E-005
   24.875000000000000       8.95916956731098302E-006
   25.000000000000000      -2.97939406096089097E-005
   25.125000000000000       3.14328187057655623E-005
   25.250000000000000       1.48100566457259471E-005
   25.375000000000000      -2.56803135877738966E-005
   25.500000000000000       2.13562928648334554E-005
   25.625000000000000       7.67365648730426030E-006
   25.750000000000000      -2.34305856384381527E-007
   25.875000000000000       6.48160170971441392E-006
   26.000000000000000      -2.06712134233316960E-006
   26.125000000000000       1.07706799878150604E-005
   26.250000000000000       1.78844246439789159E-005
   26.375000000000000      -1.95450769800388053E-005
   26.500000000000000       5.58578909480629023E-006
   26.625000000000000       3.81922157012464249E-005
   26.750000000000000      -2.28758762738261447E-005
   26.875000000000000      -6.89302490817180120E-006
   27.000000000000000       3.17764392234725089E-005
   27.125000000000000       8.46816393353695453E-006
   27.250000000000000      -1.95955377215410827E-005
   27.375000000000000       1.05430855473324394E-006
   27.500000000000000       4.34089133194603456E-005
   27.625000000000000      -1.34270254970747058E-005
   27.750000000000000      -2.47223763352802282E-005
   27.875000000000000       3.91040215911757437E-005
   28.000000000000000       1.37829190844898984E-005
   28.125000000000000      -2.33753557273577934E-005
   28.250000000000000       6.49943440831487377E-006
   28.375000000000000       2.43937430753337187E-005
   28.500000000000000       4.29167029284432260E-006
   28.625000000000000      -6.74452728215593712E-006
   28.750000000000000      -5.60407839477711422E-006
   28.875000000000000       2.96159428309850038E-005
   29.000000000000000       1.56261421621937016E-005
   29.125000000000000      -3.79946751773550947E-005
   29.250000000000000       2.22054885445500617E-005
   29.375000000000000       3.78529132584253479E-005
   29.500000000000000      -2.51216742113398594E-005
   29.625000000000000      -4.12370491981861389E-006
   29.750000000000000       2.41019296233624759E-005
   29.875000000000000       1.26225080866436965E-005
   30.000000000000000      -4.51495239606514835E-006
   30.125000000000000      -8.27656775007418293E-006
   30.250000000000000       1.72965783655049281E-005
   30.375000000000000       2.44663561560233907E-005
   30.500000000000000      -1.40320153423506577E-005
   30.625000000000000      -1.12875636131420468E-005
   30.750000000000000       3.54873498579829104E-005
   30.875000000000000       7.53113003631954815E-006
   31.000000000000000      -1.78827894047259363E-005
   31.125000000000000       1.32823250813794882E-005
   31.250000000000000       1.30934042603986989E-005
   31.375000000000000       7.63465417385688440E-006
   31.500000000000000       1.69227249115432234E-006
   31.625000000000000      -4.07457924329719179E-006
   31.750000000000000       1.31475143595944689E-005
   31.875000000000000       1.86954192678911196E-005
   32.000000000000000      -2.20636008087327635E-006
   32.125000000000000      -1.33280995190666022E-005
   32.250000000000000       2.39923269188620816E-005
   32.375000000000000       2.17113371812452246E-005
   32.500000000000000      -2.02176940962958095E-005
   32.625000000000000       5.61680923235234006E-006
   32.750000000000000       2.27340717447677868E-005
   32.875000000000000       2.12695267537946492E-006
   33.000000000000000       1.56438694105900407E-006
   33.125000000000000       4.04867650562933329E-006
   33.250000000000000       7.14012300419965970E-006
   33.375000000000000       1.27135743699523194E-005
   33.500000000000000       7.13181703705052882E-006
   33.625000000000000      -7.52538988643578313E-006
   33.750000000000000       1.32297287135423010E-005
   33.875000000000000       2.01108150959348008E-005
   34.000000000000000      -1.71914949052919512E-005
   34.125000000000000       1.60059044662955707E-005
   34.250000000000000       2.56447565579187203E-005
   34.375000000000000      -2.62331449512575375E-005
   34.500000000000000       1.19343720733896405E-005
   34.625000000000000       3.48899008799182216E-005
   34.750000000000000      -9.98275371241339969E-006
   34.875000000000000      -1.10088538179023156E-005
   35.000000000000000       1.88479100170799318E-005
   35.125000000000000       2.03717585683954746E-005
   35.250000000000000      -5.97842144720556282E-006
   35.375000000000000       8.78653143586834458E-006
   35.500000000000000       6.61649567795378322E-006
   35.625000000000000      -1.63036319278354849E-005
   35.750000000000000       4.15395097063240329E-005
   35.875000000000000       2.24270486126731560E-005
   36.000000000000000      -4.67366832463040379E-005
   36.125000000000000       1.00537841754023509E-005
   36.250000000000000       4.36020645350504335E-005
   36.375000000000000       8.15141708087674148E-006
   36.500000000000000      -1.29553349496150924E-005
   36.625000000000000      -4.50865109361250145E-006
   36.750000000000000       1.62118106157604878E-005
   36.875000000000000       3.90517032821922933E-006
   37.000000000000000       3.34905799060993161E-005
   37.125000000000000       1.80922761604850664E-005
   37.250000000000000      -6.64164505302523964E-005
   37.375000000000000       1.90496119787341139E-005
   37.500000000000000       7.78276508635945049E-005
   37.625000000000000      -1.73204322668918301E-005
   37.750000000000000      -1.46444250385656659E-005
   37.875000000000000      -2.78508994609957420E-006
   38.000000000000000      -4.32321494211505307E-006
   38.125000000000000       4.82919707960813429E-005
   38.250000000000000       1.69365666132826012E-005
   38.375000000000000      -8.46225724952699308E-006
   38.500000000000000      -8.88376236687553861E-006
   38.625000000000000      -3.44063205203007936E-005
   38.750000000000000       4.53275065924626421E-005
   38.875000000000000       7.71885078769719439E-005
   39.000000000000000      -3.04482922288829689E-005
   39.125000000000000      -5.17970081821767978E-005
   39.250000000000000       1.06520805401069178E-005
   39.375000000000000       3.41727316311122859E-005
   39.500000000000000       3.05626981071593028E-005
   39.625000000000000       2.57823670356705755E-005
   39.750000000000000      -8.42728100602938156E-006
   39.875000000000000      -5.62475858114440844E-005
   40.000000000000000      -6.65420799140425880E-006
   40.125000000000000       7.40152269765126196E-005
   40.250000000000000       5.25468841178281779E-005
   40.375000000000000      -6.67264564161678921E-006
   40.500000000000000      -6.01861930050109765E-005
   40.625000000000000      -3.54438471764933986E-005
   40.750000000000000       6.64922704305317546E-005
   40.875000000000000       4.35110371337541445E-005
   41.000000000000000       2.49241664504461935E-007
   41.125000000000000       3.94308834997734835E-005
   41.250000000000000      -4.64839258112235645E-005
   41.375000000000000      -8.66384601024932613E-005
   41.500000000000000       6.75951591558976818E-005
   41.625000000000000       9.72220618857874951E-005
   41.750000000000000       4.59988033398791519E-006
   41.875000000000000      -1.64215091695325770E-005
   42.000000000000000      -4.00965165059898306E-005
   42.125000000000000      -4.14516219185732403E-005
   42.250000000000000       2.83460127642457313E-005
   42.375000000000000       7.75929861229644529E-005
   42.500000000000000       6.69004790953716105E-005
   42.625000000000000      -1.70973798970398269E-005
   42.750000000000000      -9.20881923080796880E-005
   42.875000000000000      -3.47354822830296122E-005
   43.000000000000000       5.46703350190799996E-005
   43.125000000000000       6.14198230415632094E-005
   43.250000000000000       4.67404955384695075E-005
   43.375000000000000       2.40108346985625934E-005
   43.500000000000000      -4.79716949366138816E-005
   43.625000000000000      -8.70957027454781751E-005
   43.750000000000000      -5.06730066616231379E-006
   43.875000000000000       8.50104871802818621E-005
   44.000000000000000       6.08751739996461961E-005
   44.125000000000000       2.12758383053284531E-005
   44.250000000000000       2.04703705602048918E-005
   44.375000000000000      -2.92028919685315734E-005
   44.500000000000000      -7.15466370064687550E-005
   44.625000000000000      -2.51051883403658329E-005
   44.750000000000000       2.46928763641997013E-005
   44.875000000000000       3.39400827257616965E-005
   45.000000000000000       5.02877850003115884E-005
   45.125000000000000       7.93703317649218303E-005
   45.250000000000000       7.04977261404958629E-005
   45.375000000000000      -2.20989095234794166E-005
   45.500000000000000      -1.10297014072282461E-004
   45.625000000000000      -8.02891711653304477E-005
   45.750000000000000      -2.10604749092671836E-005
   45.875000000000000      -1.05583920960706482E-005
   46.000000000000000       2.94451749339022402E-005
   46.125000000000000       8.23792962897326356E-005
   46.250000000000000       9.50639646739425418E-005
   46.375000000000000       1.28027913404785821E-004
   46.500000000000000       1.51988365773548774E-004
   46.625000000000000       5.90038307727886743E-005
   46.750000000000000      -1.14824680628634396E-004
   46.875000000000000      -2.44508767616726961E-004
   47.000000000000000      -2.58310748461615695E-004
   47.125000000000000      -1.80349862093035228E-004
   47.250000000000000      -8.20481748218821339E-005
   47.375000000000000       3.26316710036682036E-005
   47.500000000000000       1.67404534630189361E-004
   47.625000000000000       2.47476953177695356E-004
   47.750000000000000       2.61717699424839241E-004
   47.875000000000000       2.72919507362565366E-004
   48.000000000000000       2.58901833386123424E-004
   48.125000000000000       1.72541446531884616E-004
   48.250000000000000       5.33935612785812046E-005
   48.375000000000000      -1.38345192694437908E-005
   48.500000000000000       3.21833959107553516E-005
   48.625000000000000       1.49325022012837473E-004
   48.750000000000000       2.54300889874857776E-004
   48.875000000000000       4.11756647262718134E-004
   49.000000000000000       7.08861811465295540E-004
   49.125000000000000       1.03731852762122771E-003
   49.250000000000000       1.30424592590749964E-003
   49.375000000000000       1.60876656904560705E-003
   49.500000000000000       2.01576076068446606E-003
   49.625000000000000       2.45285386626074246E-003
   49.750000000000000       2.84918480901244107E-003
   49.875000000000000       3.18505104670441892E-003
   50.000000000000000       3.50940002734808059E-003
   50.125000000000000       3.91514324896226514E-003
   50.250000000000000       4.38272947228373743E-003
   50.375000000000000       4.78337971878472698E-003
   50.500000000000000       5.08881143445504350E-003
   50.625000000000000       5.42219283357399384E-003
   50.750000000000000       5.89475279407663567E-003
   50.875000000000000       6.45379753817227307E-003
   51.000000000000000       6.92891279351750058E-003
   51.125000000000000       7.28872798505748442E-003
   51.250000000000000       7.72042575072127719E-003
   51.375000000000000       8.33154058658670815E-003
   51.500000000000000       8.98382808695080866E-003
   51.625000000000000       9.52218320539610988E-003
   51.750000000000000       9.97156492855750393E-003
   51.875000000000000       1.04762403104025209E-002
   52.000000000000000       1.11234725381854898E-002
   52.125000000000000       1.18148818982655272E-002
   52.250000000000000       1.23964851408731296E-002
   52.375000000000000       1.28970400085639744E-002
   52.500000000000000       1.34404589219358998E-002
   52.625000000000000       1.40372340339372081E-002
   52.750000000000000       1.46503461982035402E-002
   52.875000000000000       1.52668084045423213E-002
   53.000000000000000       1.58402569882033321E-002
   53.125000000000000       1.63638005626204099E-002
   53.250000000000000       1.69107725861232065E-002
   53.375000000000000       1.75091802491080216E-002
   53.500000000000000       1.81355670391107997E-002
   53.625000000000000       1.87645540824326815E-002
   53.750000000000000       1.93362837211090710E-002
   53.875000000000000       1.98627587326257807E-002
   54.000000000000000       2.04724041421817486E-002
   54.125000000000000       2.11650105865505665E-002
   54.250000000000000       2.17958942529393775E-002
   54.375000000000000       2.23558970555103702E-002
   54.500000000000000       2.29428917248629995E-002
   54.625000000000000       2.35818702627035338E-002
   54.750000000000000       2.42621844184949254E-002
   54.875000000000000       2.49249396997383264E-002
   55.000000000000000       2.54946853016338910E-002
   55.125000000000000       2.60846399723889989E-002
   55.250000000000000       2.68240877064376652E-002
   55.375000000000000       2.75491865920339252E-002
   55.500000000000000       2.81228171099456546E-002
   55.625000000000000       2.87191946932645395E-002
   55.750000000000000       2.94420211498310387E-002
   55.875000000000000       3.01603087317758277E-002
   56.000000000000000       3.07962206537322758E-002
   56.125000000000000       3.13609173480591807E-002
   56.250000000000000       3.19214438736541498E-002
   56.375000000000000       3.26252847370901225E-002
   56.500000000000000       3.34075379526817193E-002
   56.625000000000000       3.40057340520022178E-002
   56.750000000000000       3.45056796047064490E-002
   56.875000000000000       3.52094102841127299E-002
   57.000000000000000       3.60182248650486730E-002
   57.125000000000000       3.66683827928653977E-002
   57.250000000000000       3.72116145966103276E-002
   57.375000000000000       3.78020899361044896E-002
   57.500000000000000       3.85184626653792411E-002
   57.625000000000000       3.93791698103628171E-002
   57.750000000000000       4.01388573719801481E-002
   57.875000000000000       4.05570958776734700E-002
   58.000000000000000       4.09251239381589194E-002
   58.125000000000000       4.16189807173433027E-002
   58.250000000000000       4.24933860130151317E-002
   58.375000000000000       4.32821414428794307E-002
   58.500000000000000       4.39362890231404860E-002
   58.625000000000000       4.44174006981088929E-002
   58.750000000000000       4.48806541554304939E-002
   58.875000000000000       4.57119210027831790E-002
   59.000000000000000       4.68241903359085110E-002
   59.125000000000000       4.75904603182192507E-002
   59.250000000000000       4.77685156829321528E-002
   59.375000000000000       4.78615045415961490E-002
   59.500000000000000       4.85315186547159300E-002
   59.625000000000000       4.98721886683581514E-002
   59.750000000000000       5.11054747654228481E-002
   59.875000000000000       5.14097198636438574E-002
   60.000000000000000       5.12163533682435390E-002
   60.125000000000000       5.17318700748620811E-002
   60.250000000000000       5.31505891169816447E-002
   60.375000000000000       5.44401580982707411E-002
   60.500000000000000       5.48568324524808040E-002
   60.625000000000000       5.47978849677910121E-002
   60.750000000000000       5.51477800090086415E-002
   60.875000000000000       5.62317639313095127E-002
   61.000000000000000       5.74682742135632085E-002
   61.125000000000000       5.81390103815491513E-002
   61.250000000000000       5.83520883561176318E-002
   61.375000000000000       5.87569536936542597E-002
   61.500000000000000       5.95858577027257100E-002
   61.625000000000000       6.05299379240185342E-002
   61.750000000000000       6.12517833928939368E-002
   61.875000000000000       6.16854977273706626E-002
   62.000000000000000       6.20593739983805251E-002
   62.125000000000000       6.26742935006229934E-002
   62.250000000000000       6.35757030413407059E-002
   62.375000000000000       6.45241349916323009E-002
   62.500000000000000       6.51573302930537335E-002
   62.625000000000000       6.52323172681068403E-002
   62.750000000000000       6.51726496019885831E-002
   62.875000000000000       6.60499317565746841E-002
   63.000000000000000       6.80925684297674499E-002
   63.125000000000000       6.95963067367189048E-002
   63.250000000000000       6.88101304079952458E-002
   63.375000000000000       6.68933888094019879E-002
   63.500000000000000       6.72682193036001214E-002
   63.625000000000000       7.13807865426591276E-002
   63.750000000000000       7.56246344436313778E-002
   63.875000000000000       7.45306567746896742E-002
   64.000000000000000       6.86860327237215074E-002
   64.125000000000000       6.57769937143621863E-002
   64.250000000000000       7.18837287023681021E-002
   64.375000000000000       8.25624461661089576E-002
   64.500000000000000       8.43511824157733708E-002
   64.625000000000000       7.29870879829054298E-002
   64.750000000000000       6.21432574037406940E-002
   64.875000000000000       6.66494145944339644E-002
   65.000000000000000       8.58996440013471002E-002
   65.125000000000000       9.76649273795143491E-002
   65.250000000000000       8.33725385696694882E-002
   65.375000000000000       6.00301461876990017E-002
   65.500000000000000       5.50102773361505828E-002
   65.625000000000000       7.81489224445772179E-002
   65.750000000000000       0.10915409301786079     
   65.875000000000000       0.10440419066413621     
   66.000000000000000       6.75500148481957829E-002
   66.125000000000000       4.36239369847912298E-002
   66.250000000000000       5.55697537691476479E-002
   66.375000000000000       0.10067191132812428     
   66.500000000000000       0.12926537377629096     
   66.625000000000000       9.58468316319162628E-002
   66.750000000000000       4.84463514864161976E-002
   66.875000000000000       3.56572405668000234E-002
   67.000000000000000       6.74808704481330984E-002
   67.125000000000000       0.12721588244912890     
   67.250000000000000       0.13673357824246415     
   67.375000000000000       7.88831084165156488E-002
   67.500000000000000       3.34395733058361830E-002
   67.625000000000000       3.10041131728467055E-002
   67.750000000000000       7.51808206862509404E-002
   67.875000000000000       0.14359157034870035     
   68.000000000000000       0.14172733479806382     
   68.125000000000000       7.17042586549354599E-002
   68.250000000000000       2.64749598664059324E-002
   68.375000000000000       2.49450428282199550E-002
   68.500000000000000       6.96002211639356883E-002
   68.625000000000000       0.14818865345268453     
   68.750000000000000       0.15639716568208878     
   68.875000000000000       7.93229512009716170E-002
   69.000000000000000       2.49438130442862643E-002
   69.125000000000000       1.41675270669929243E-002
   69.250000000000000       4.00621603319348887E-002
   69.375000000000000       0.11719235297099570     
   69.500000000000000       0.17885938033023610     
   69.625000000000000       0.12319763517499742     
   69.750000000000000       4.23565523801354565E-002
   69.875000000000000       9.68043121820006368E-003
   70.000000000000000       2.11060540586441216E-003
   70.125000000000000       8.21383774754682141E-004
   70.250000000000000       7.99301344983023034E-004
   70.375000000000000       1.02252738567212300E-003
   70.500000000000000       1.32081452487512190E-003
   70.625000000000000       1.68525400275030277E-003
   70.750000000000000       2.08773714014021897E-003
   70.875000000000000       2.47076488192876729E-003
   71.000000000000000       2.81631454454877011E-003
   71.125000000000000       3.17080905298341249E-003
   71.250000000000000       3.57599634847108154E-003
   71.375000000000000       3.99997770638575376E-003
   71.500000000000000       4.37507117400954236E-003
   71.625000000000000       4.69892699391246532E-003
   71.750000000000000       5.05347511905530553E-003
   71.875000000000000       5.50217387082125274E-003
   72.000000000000000       6.00157611315686387E-003
   72.125000000000000       6.45605743352209785E-003
   72.250000000000000       6.85096829427397046E-003
   72.375000000000000       7.28161730010914131E-003
   72.500000000000000       7.82878641562389371E-003
   72.625000000000000       8.44404971265795036E-003
   72.750000000000000       9.00505542115137732E-003
   72.875000000000000       9.47616342462904125E-003
   73.000000000000000       9.96013640637804024E-003
   73.125000000000000       1.05641378359781560E-002
   73.250000000000000       1.12529283091981520E-002
   73.375000000000000       1.18854715082594726E-002
   73.500000000000000       1.23930803395963466E-002
   73.625000000000000       1.28676733505399404E-002
   73.750000000000000       1.34429248107892710E-002
   73.875000000000000       1.41229800068872289E-002
   74.000000000000000       1.47792701432109784E-002
   74.125000000000000       1.53156867750758267E-002
   74.250000000000000       1.57873216563272738E-002
   74.375000000000000       1.63244862088633702E-002
   74.500000000000000       1.69691236152297413E-002
   74.625000000000000       1.76337099502925122E-002
   74.750000000000000       1.82224576217261854E-002
   74.875000000000000       1.87490031980752855E-002
   75.000000000000000       1.93048686787061323E-002
   75.125000000000000       1.99359867045725836E-002
   75.250000000000000       2.05935745012105244E-002
   75.375000000000000       2.12105191469247091E-002
   75.500000000000000       2.17885277013126419E-002
   75.625000000000000       2.23828578917067977E-002
   75.750000000000000       2.30200563603228450E-002
   75.875000000000000       2.36679251481455091E-002
   76.000000000000000       2.42913136177566498E-002
   76.125000000000000       2.49056239858893233E-002
   76.250000000000000       2.55513428009194778E-002
   76.375000000000000       2.62312489294085939E-002
   76.500000000000000       2.69042461618362073E-002
   76.625000000000000       2.75447841110223884E-002
   76.750000000000000       2.81798448267081038E-002
   76.875000000000000       2.88467873274279515E-002
   77.000000000000000       2.95315713145541218E-002
   77.125000000000000       3.01806579854910634E-002
   77.250000000000000       3.07775443864734301E-002
   77.375000000000000       3.13767135764592559E-002
   77.500000000000000       3.20379252415484983E-002
   77.625000000000000       3.27430956869352030E-002
   77.750000000000000       3.34135687386632255E-002
   77.875000000000000       3.40160040362120844E-002
   78.000000000000000       3.46161249086597220E-002
   78.125000000000000       3.52961522951712459E-002
   78.250000000000000       3.60371754700282362E-002
   78.375000000000000       3.67324715177241579E-002
   78.500000000000000       3.73327410795836756E-002
   78.625000000000000       3.79299055363918405E-002
   78.750000000000000       3.86407051343692146E-002
   78.875000000000000       3.94226377101244835E-002
   79.000000000000000       4.00864015485834987E-002
   79.125000000000000       4.05407668197672530E-002
   79.250000000000000       4.09674216325009583E-002
   79.375000000000000       4.16489997104575738E-002
   79.500000000000000       4.26088944132283487E-002
   79.625000000000000       4.35208542444877819E-002
   79.750000000000000       4.40757848949894226E-002
   79.875000000000000       4.43970806517540659E-002
   80.000000000000000       4.49359027477929523E-002
   80.125000000000000       4.59027214182169199E-002
   80.250000000000000       4.69369165974677302E-002
   80.375000000000000       4.75049224881263638E-002
   80.500000000000000       4.76096991762782196E-002
   80.625000000000000       4.78798841544159082E-002
   80.750000000000000       4.88300819701944569E-002
   80.875000000000000       5.01785944576043363E-002
   81.000000000000000       5.11152435061272559E-002
   81.125000000000000       5.12908863230559647E-002
   81.250000000000000       5.12967315269498014E-002
   81.375000000000000       5.19519807452144891E-002
   81.500000000000000       5.32818557139631971E-002
   81.625000000000000       5.44707919530059495E-002
   81.750000000000000       5.48766182279241330E-002
   81.875000000000000       5.48405562487898623E-002
   82.000000000000000       5.52316009513078923E-002
   82.125000000000000       5.63485416302628578E-002
   82.250000000000000       5.75949233202014965E-002
   82.375000000000000       5.82748204827149008E-002
   82.500000000000000       5.84506939728645369E-002
   82.625000000000000       5.87743079668817531E-002
   82.750000000000000       5.96140161838919352E-002
   82.875000000000000       6.06584872371905975E-002
   83.000000000000000       6.13951535546966159E-002
   83.125000000000000       6.17427613976289993E-002
   83.250000000000000       6.20739734621723327E-002
   83.375000000000000       6.27440534648223136E-002
   83.500000000000000       6.37362872974950589E-002
   83.625000000000000       6.46816117833829279E-002
   83.750000000000000       6.51565771377599218E-002
   83.875000000000000       6.51368041728901948E-002
   84.000000000000000       6.52649399855883133E-002
   84.125000000000000       6.63677770483957069E-002
   84.250000000000000       6.82995041096023797E-002
   84.375000000000000       6.94940992184634176E-002
   84.500000000000000       6.86364424404693474E-002
   84.625000000000000       6.69742032411502763E-002
   84.750000000000000       6.76596054479435133E-002
   84.875000000000000       7.18186029261189129E-002
   85.000000000000000       7.56784163886504296E-002
   85.125000000000000       7.41001069270246226E-002
   85.250000000000000       6.83185090352799174E-002
   85.375000000000000       6.61433969443582931E-002
   85.500000000000000       7.29536457303070623E-002
   85.625000000000000       8.32444788491284587E-002
   85.750000000000000       8.36486985294841306E-002
   85.875000000000000       7.16761802907492779E-002
   86.000000000000000       6.18775516026633596E-002
   86.125000000000000       6.81695155733187813E-002
   86.250000000000000       8.79383570692785638E-002
   86.375000000000000       9.74192625923445688E-002
   86.500000000000000       8.07923092938644116E-002
   86.625000000000000       5.82457957388663045E-002
   86.750000000000000       5.63133521750577015E-002
   86.875000000000000       8.21543437972168111E-002
   87.000000000000000       0.11091206631966904     
   87.125000000000000       0.10074640367397458     
   87.250000000000000       6.34908031979776188E-002
   87.375000000000000       4.33885282045547854E-002
   87.500000000000000       5.98507331008814175E-002
   87.625000000000000       0.10615398608595841     
   87.750000000000000       0.12783264412064871     
   87.875000000000000       8.77008615703365191E-002
   88.000000000000000       3.02805323000528842E-002
   88.125000000000000      -3.70634420161084222E-002
   88.250000000000000      -9.64777151809309563E-002
   88.375000000000000      -1.95124991160883152E-002
   88.500000000000000       6.86135641764550885E-002
   88.625000000000000       4.21530236112042239E-002
   88.750000000000000       1.00762990187462757E-002
   88.875000000000000      -9.81022438724656054E-003
   89.000000000000000      -4.48544910329101709E-002
   89.125000000000000      -1.31227956328246083E-002
   89.250000000000000       3.67913565244644136E-002
   89.375000000000000       1.63645555969504017E-002
   89.500000000000000        0.0000000000000000     
