  -20.875000000000000       3.02299669593661131E-003
  -20.625000000000000       3.02299669593661131E-003
  -20.375000000000000       3.57367985106792768E-003
  -20.125000000000000       4.66387342597362684E-003
  -19.875000000000000       6.24388508833330011E-003
  -19.625000000000000       8.27104411688985713E-003
  -19.375000000000000       1.06649369956486016E-002
  -19.125000000000000       1.33413012455108164E-002
  -18.875000000000000       1.62404957027790994E-002
  -18.625000000000000       1.92742804876336084E-002
  -18.375000000000000       2.24445070115686096E-002
  -18.125000000000000       2.57376890008684349E-002
  -17.875000000000000       2.91663455918184031E-002
  -17.625000000000000       3.27799223598213701E-002
  -17.375000000000000       3.65135947874240321E-002
  -17.125000000000000       4.03659292109825527E-002
  -16.875000000000000       4.42588621289695602E-002
  -16.625000000000000       4.81446323964559719E-002
  -16.375000000000000       5.20440295613571330E-002
  -16.125000000000000       5.59324280684596123E-002
  -15.875000000000000       5.98136895683022626E-002
  -15.625000000000000       6.36375811594399182E-002
  -15.375000000000000       6.73690225893017608E-002
  -15.125000000000000       7.09574189263175031E-002
  -14.875000000000000       7.44448789159844887E-002
  -14.625000000000000       7.77886961589029091E-002
  -14.375000000000000       8.09589151344377311E-002
  -14.125000000000000       8.39369269589556599E-002
  -13.875000000000000       8.66861281819954060E-002
  -13.625000000000000       8.92238324778038272E-002
  -13.375000000000000       9.15298086215174667E-002
  -13.125000000000000       9.35819646810839290E-002
  -12.875000000000000       9.53284211114293067E-002
  -12.625000000000000       9.68297019293735683E-002
  -12.375000000000000       9.80403718173118582E-002
  -12.125000000000000       9.89504501677053033E-002
  -11.875000000000000       9.95380721855859407E-002
  -11.625000000000000       9.98528141533465419E-002
  -11.375000000000000       9.98455360325835872E-002
  -11.125000000000000       9.95280728038401008E-002
  -10.875000000000000       9.89014137385737652E-002
  -10.625000000000000       9.79933098111441525E-002
  -10.375000000000000       9.67704738924259900E-002
  -10.125000000000000       9.52595166954841865E-002
  -9.8750000000000000       9.34782987734092408E-002
  -9.6250000000000000       9.14356230736869668E-002
  -9.3750000000000000       8.91149388590857378E-002
  -9.1250000000000000       8.65621183584936171E-002
  -8.8750000000000000       8.38012115044340783E-002
  -8.6250000000000000       8.08200242637883426E-002
  -8.3750000000000000       7.76286561492109950E-002
  -8.1250000000000000       7.42900324379150434E-002
  -7.8750000000000000       7.08125549588195236E-002
  -7.6250000000000000       6.71849023325914452E-002
  -7.3750000000000000       6.34464852709315241E-002
  -7.1250000000000000       5.96371557722346762E-002
  -6.8750000000000000       5.57748559292224749E-002
  -6.6250000000000000       5.18765037970198017E-002
  -6.3750000000000000       4.79602882144700565E-002
  -6.1250000000000000       4.40286912537014019E-002
  -5.8750000000000000       4.01697442716663425E-002
  -5.6250000000000000       3.63780451324973442E-002
  -5.3750000000000000       3.26726938305592421E-002
  -5.1250000000000000       2.90335055534257716E-002
  -4.8750000000000000       2.55406393252331290E-002
  -4.6250000000000000       2.21691962250775247E-002
  -4.3750000000000000       1.90477428568711950E-002
  -4.1250000000000000       1.60925517408380299E-002
  -3.8750000000000000       1.33592640824261102E-002
  -3.6250000000000000       1.07883758488963016E-002
  -3.3750000000000000       8.44892442583594985E-003
  -3.1250000000000000       6.34172315978086699E-003
  -2.8750000000000000       4.57671143223420049E-003
  -2.6250000000000000       3.13248710596189008E-003
  -2.3750000000000000       2.04986422296186271E-003
  -2.1250000000000000       1.27619888496178797E-003
  -1.8750000000000000       7.49069315955526926E-004
  -1.6250000000000000       4.25181848971155482E-004
  -1.3750000000000000       2.28097832821668909E-004
  -1.1250000000000000       1.10183565786883638E-004
 -0.87500000000000000       6.45165510656607718E-005
 -0.62500000000000000       1.74811762036050727E-005
 -0.37500000000000000       1.82231402379554119E-005
 -0.12500000000000000       2.51265030063530798E-006
  0.12500000000000000      -4.22111305178879576E-007
  0.37500000000000000       7.37068384644054571E-006
  0.62500000000000000      -8.40378221243297462E-006
  0.87500000000000000       8.32658527606062256E-006
   1.1250000000000000      -5.40523945415152711E-006
   1.3750000000000000       1.52497820714378050E-006
   1.6250000000000000       1.98009154385918557E-006
   1.8750000000000000      -3.58100643126171056E-006
   2.1250000000000000       2.63563412436216114E-006
   2.3750000000000000       4.21836696075376247E-007
   2.6250000000000000      -4.18864893298022894E-006
   2.8750000000000000       6.98294745764377996E-006
   3.1250000000000000      -7.75123256587987821E-006
   3.3750000000000000       6.71787551425358175E-006
   3.6250000000000000      -5.30510290869968415E-006
   3.8750000000000000       5.23348349561684995E-006
   4.1250000000000000      -7.26911854661750707E-006
   4.3750000000000000       1.04700874827261140E-005
   4.6250000000000000      -1.26251201636463183E-005
   4.8750000000000000       1.18053313611190276E-005
   5.1250000000000000      -8.00203687703472967E-006
   5.3750000000000000       3.47276118675095828E-006
   5.6250000000000000      -1.19453218509067776E-006
   5.8750000000000000       2.39555332559331225E-006
   6.1250000000000000      -5.25916202352245624E-006
   6.3750000000000000       6.29408912932869565E-006
   6.6250000000000000      -3.57258718214836818E-006
   6.8750000000000000      -1.09195456604847826E-006
   7.1250000000000000       3.55021741852778304E-006
   7.3750000000000000      -1.50587084500296024E-006
   7.6250000000000000      -2.66298055450808947E-006
   7.8750000000000000       4.00885991732659138E-006
   8.1250000000000000      -5.29360445157002582E-007
   8.3750000000000000      -4.02058867389940498E-006
   8.6250000000000000       4.13658455833130637E-006
   8.8750000000000000       4.83598780058037358E-007
   9.1250000000000000      -3.82785092502832138E-006
   9.3750000000000000       1.01652725616216457E-006
   9.6250000000000000       4.61333048842776011E-006
   9.8750000000000000      -5.28538902956462300E-006
   10.125000000000000      -9.29643543416849100E-008
   10.375000000000000       3.29853036516197449E-006
   10.625000000000000       1.38296038816343757E-006
   10.875000000000000      -7.38799838400875101E-006
   11.125000000000000       5.17161876969792166E-006
   11.375000000000000       1.62506824620277495E-006
   11.625000000000000      -6.91793442415079623E-007
   11.875000000000000      -7.59293896035251357E-006
   12.125000000000000       8.80129549128362027E-006
   12.375000000000000      -2.43255903251382316E-007
   12.625000000000000      -1.66720253124535016E-006
   12.875000000000000      -8.01783031234563388E-006
   13.125000000000000       1.01331866174429100E-005
   13.375000000000000       1.31888983493466439E-006
   13.625000000000000      -3.16465367487136338E-006
   13.875000000000000      -9.23773571277699225E-006
   14.125000000000000       7.05469292153715063E-006
   14.375000000000000       8.76567864956056444E-006
   14.625000000000000      -3.03641946393601231E-006
   14.875000000000000      -1.07713200499465406E-005
   15.125000000000000      -5.42401204573605092E-006
   15.375000000000000       1.59818789223522249E-005
   15.625000000000000       8.06343680443241270E-006
   15.875000000000000      -3.24625267783586304E-006
   16.125000000000000      -2.36166248321740708E-005
   16.375000000000000      -5.66002191398275070E-006
   16.625000000000000       1.60004523151681516E-005
   16.875000000000000       2.85982243849030256E-005
   17.125000000000000       9.92398393860268612E-006
   17.375000000000000      -3.07217785292058509E-005
   17.625000000000000      -4.31304790036513344E-005
   17.875000000000000      -2.85930981932346802E-005
   18.125000000000000       3.32009021862261105E-005
   18.375000000000000       8.06299020409064642E-005
   18.625000000000000       9.00421527577351886E-005
   18.875000000000000       3.28704612051717118E-005
   19.125000000000000      -8.88637015523764467E-005
   19.375000000000000      -2.13313009531635134E-004
   19.625000000000000      -3.04962250597907048E-004
   19.875000000000000      -2.71309131454417081E-004
   20.125000000000000      -6.80762599072009893E-005
   20.375000000000000       3.53627020964971154E-004
   20.625000000000000       1.03930305354477072E-003
   20.875000000000000       1.98369364239176210E-003
   21.125000000000000       3.22005283010299344E-003
   21.375000000000000       4.73194968588083222E-003
   21.625000000000000       6.51519421978774289E-003
   21.875000000000000       8.57600636748775610E-003
   22.125000000000000       1.08782500051802858E-002
   22.375000000000000       1.34301649470631862E-002
   22.625000000000000       1.62076252415739169E-002
   22.875000000000000       1.91842383348759006E-002
   23.125000000000000       2.23638771095276585E-002
   23.375000000000000       2.57044880986821364E-002
   23.625000000000000       2.91949386900117354E-002
   23.875000000000000       3.28230528388249315E-002
   24.125000000000000       3.65443165659532637E-002
   24.375000000000000       4.03560052270438979E-002
   24.625000000000000       4.42302639045846421E-002
   24.875000000000000       4.81286319441409025E-002
   25.125000000000000       5.20496895832711429E-002
   25.375000000000000       5.59560446932917330E-002
   25.625000000000000       5.98169358209801466E-002
   25.875000000000000       6.36295177226355035E-002
   26.125000000000000       6.73530407103793555E-002
   26.375000000000000       7.09628429383633019E-002
   26.625000000000000       7.44556502360344818E-002
   26.875000000000000       7.77917325783668429E-002
   27.125000000000000       8.09501494557881840E-002
   27.375000000000000       8.39298722660341973E-002
   27.625000000000000       8.66953659177081837E-002
   27.875000000000000       8.92269971314786914E-002
   28.125000000000000       9.15284897316824692E-002
   28.375000000000000       9.35718314944665175E-002
   28.625000000000000       9.53364389417416525E-002
   28.875000000000000       9.68313691319048070E-002
   29.125000000000000       9.80406150732150844E-002
   29.375000000000000       9.89416488722140441E-002
   29.625000000000000       9.95456651245463231E-002
   29.875000000000000       9.98535059467890729E-002
   30.125000000000000       9.98439109643372846E-002
   30.375000000000000       9.95229011850704282E-002
   30.625000000000000       9.89088017369575967E-002
   30.875000000000000       9.79919268507559449E-002
   31.125000000000000       9.67671753620608088E-002
   31.375000000000000       9.52596096598385678E-002
   31.625000000000000       9.34835841624389458E-002
   31.875000000000000       9.14310097431985658E-002
   32.125000000000000       8.91139223318294926E-002
   32.375000000000000       8.65659462094186538E-002
   32.625000000000000       8.38007279056539739E-002
   32.875000000000000       8.08158876792300085E-002
   33.125000000000000       7.76326767378848481E-002
   33.375000000000000       7.42905617983601052E-002
   33.625000000000000       7.08085460989022059E-002
   33.875000000000000       6.71875653131458889E-002
   34.125000000000000       6.34479911417764747E-002
   34.375000000000000       5.96336055548161853E-002
   34.625000000000000       5.57759478837885209E-002
   34.875000000000000       5.18800763842019452E-002
   35.125000000000000       4.79539941253407792E-002
   35.375000000000000       4.40339504157249567E-002
   35.625000000000000       4.01673487183407604E-002
   35.875000000000000       3.63792396646824834E-002
   36.125000000000000       3.26692210693725199E-002
   36.375000000000000       2.90415075903027835E-002
   36.625000000000000       2.55288339938720688E-002
   36.875000000000000       2.21818213452414995E-002
   37.125000000000000       1.90372727693899797E-002
   37.375000000000000       1.60998208593915310E-002
   37.625000000000000       1.33540305989607779E-002
   37.875000000000000       1.07936809519336568E-002
   38.125000000000000       8.44220655085000174E-003
   38.375000000000000       6.34947439444538166E-003
   38.625000000000000       4.56972849283863655E-003
   38.875000000000000       3.13667578483004580E-003
   39.125000000000000       2.04944249364586622E-003
   39.375000000000000       1.27356362275431222E-003
   39.625000000000000       7.52651565484146936E-004
   39.875000000000000       4.23205764634827417E-004
   40.125000000000000       2.26585304890232486E-004
   40.375000000000000       1.15626063360954579E-004
   40.625000000000000       5.62972787841679038E-005
   40.875000000000000       2.61822185711806056E-005
   41.125000000000000       1.16437099205744175E-005
   41.375000000000000       4.95688620654423229E-006
   41.625000000000000       2.02212460069089933E-006
   41.875000000000000       7.91253528986444546E-007
   42.125000000000000       2.97260155105777616E-007
   42.375000000000000       1.07312994576286417E-007
   42.625000000000000       3.72581199319315725E-008
   42.875000000000000       1.24502756957166065E-008
   43.125000000000000       4.00720750343522059E-009
   43.375000000000000       1.24309733404964909E-009
   43.625000000000000       3.71916866475486610E-010
   43.875000000000000       1.07380054023813871E-010
   44.125000000000000       2.99351644721947947E-011
   44.375000000000000       8.06209732281481240E-012
   44.625000000000000       2.09863372650374412E-012
   44.875000000000000       5.28260425554017802E-013
   45.125000000000000       1.28638362567704520E-013
   45.375000000000000       3.03165991887482597E-014
   45.625000000000000       6.91741232915278794E-015
   45.875000000000000       1.52867602140699234E-015
   46.125000000000000       3.27296689109495568E-016
   46.375000000000000       6.79139208030012984E-017
   46.625000000000000       1.36613964558054696E-017
   46.875000000000000       2.66483551114172377E-018
   47.125000000000000       5.04193139504127920E-019
   47.375000000000000       9.25506570226566799E-020
   47.625000000000000       1.64860249683267417E-020
   47.875000000000000       2.85034477197186638E-021
   48.125000000000000       4.78419123979476794E-022
   48.375000000000000       7.79700659365443794E-023
   48.625000000000000       1.23403679795261591E-023
   48.875000000000000       1.89703804823399685E-024
   49.125000000000000       2.83291175826174829E-025
   49.375000000000000       4.11012582109338024E-026
   49.625000000000000       5.79419401219323050E-027
   49.875000000000000       7.93766023426124497E-028
   50.125000000000000       1.05680362345484324E-028
   50.375000000000000       1.36752197694838406E-029
   50.625000000000000       1.72006054443025946E-030
   50.875000000000000       2.10304733836071896E-031
   51.125000000000000       2.49960942083027824E-032
   51.375000000000000       2.88822082871012432E-033
   51.625000000000000       3.24441667273451149E-034
   51.875000000000000       3.54322898102384716E-035
   52.125000000000000       3.76202879638296877E-036
   52.375000000000000       3.88333462097704139E-037
   52.625000000000000       3.89710751521079169E-038
   52.875000000000000       3.80211688846026093E-039
   53.125000000000000       3.60612033934858749E-040
   53.375000000000000       3.32482140376412407E-041
   53.625000000000000       2.97979874893975558E-042
   53.875000000000000       2.59578440783916657E-043
   54.125000000000000       2.19776525767714948E-044
   54.375000000000000       1.80837374216587954E-045
   54.625000000000000       1.44593139282473833E-046
   54.875000000000000       1.12334533503094461E-047
   55.125000000000000       8.47878212214795857E-049
   55.375000000000000       6.21658106591539967E-050
   55.625000000000000       4.42696137539394411E-051
   55.875000000000000       3.06145941719711943E-052
   56.125000000000000       2.05563951531440571E-053
   56.375000000000000       1.33993067271108305E-054
   56.625000000000000       8.47714999619111577E-056
   56.875000000000000       5.20425535875683193E-057
   57.125000000000000       3.09963868553117407E-058
   57.375000000000000       1.79061864097835672E-059
   57.625000000000000       1.00305201713482288E-060
   57.875000000000000       5.44695193643410121E-062
   58.125000000000000       2.86659971637085748E-063
   58.375000000000000       1.46160348947729104E-064
   58.625000000000000       7.21768875968942614E-066
   58.875000000000000       3.45080844594148289E-067
   59.125000000000000       1.59674746358604381E-068
   59.375000000000000       7.14780666188530276E-070
   59.625000000000000       3.09419987692133818E-071
   59.875000000000000       1.29470080678217578E-072
   60.125000000000000       5.23395945105100912E-074
   60.375000000000000       2.04320837584693729E-075
   60.625000000000000       7.69810838612765704E-077
   60.875000000000000       2.79767533078885513E-078
   61.125000000000000       9.80143117982246517E-080
   61.375000000000000       3.30811328996589491E-081
   61.625000000000000       1.07490784310259547E-082
   61.875000000000000       3.36003099618442493E-084
   62.125000000000000       1.00961537565694192E-085
   62.375000000000000       2.91370074182281024E-087
   62.625000000000000       8.06900580350345981E-089
   62.875000000000000       2.14221268968221690E-090
   63.125000000000000       5.44656626939444185E-092
   63.375000000000000       1.32469647689960316E-093
   63.625000000000000       3.07837115366823153E-095
   63.875000000000000       6.82608760593217361E-097
   64.125000000000000       1.44230466260547840E-098
   64.375000000000000       2.89942203564696628E-100
   64.625000000000000       5.53618330214638551E-102
   64.875000000000000       1.00221715401183637E-103
   65.125000000000000       1.71670772429384673E-105
   65.375000000000000       2.77623828999031982E-107
   65.625000000000000       4.22847769831606450E-109
   65.875000000000000       6.04924711332212039E-111
   66.125000000000000       8.10388812642307977E-113
   66.375000000000000       1.01316915889038967E-114
   66.625000000000000       1.17758878179002343E-116
   66.875000000000000       1.26683541055699262E-118
   67.125000000000000       1.25506405328398259E-120
   67.375000000000000       1.13835769024859045E-122
   67.625000000000000       9.38766024874257706E-125
   67.875000000000000       6.98107538693501700E-127
   68.125000000000000       4.63482346768170095E-129
   68.375000000000000       2.71343215430372996E-131
   68.625000000000000       1.37899887060027552E-133
   68.875000000000000       5.95986688510651022E-136
   69.125000000000000       2.12973475252760195E-138
   69.375000000000000       6.04122160459757146E-141
   69.625000000000000       1.27534601749402235E-143
   69.875000000000000       1.78116821045935913E-146
   70.125000000000000       1.23435080419913936E-149
   70.375000000000000        0.0000000000000000     
   70.625000000000000        0.0000000000000000     
   70.875000000000000        0.0000000000000000     
   71.125000000000000        0.0000000000000000     
   71.375000000000000        0.0000000000000000     
   71.625000000000000        0.0000000000000000     
   71.875000000000000        0.0000000000000000     
   72.125000000000000        0.0000000000000000     
   72.375000000000000        0.0000000000000000     
   72.625000000000000        0.0000000000000000     
   72.875000000000000        0.0000000000000000     
   73.125000000000000        0.0000000000000000     
   73.375000000000000        0.0000000000000000     
   73.625000000000000        0.0000000000000000     
   73.875000000000000        0.0000000000000000     
   74.125000000000000        0.0000000000000000     
   74.375000000000000        0.0000000000000000     
   74.625000000000000        0.0000000000000000     
   74.875000000000000        0.0000000000000000     
   75.125000000000000        0.0000000000000000     
   75.375000000000000        0.0000000000000000     
   75.625000000000000        0.0000000000000000     
   75.875000000000000        0.0000000000000000     
   76.125000000000000        0.0000000000000000     
   76.375000000000000        0.0000000000000000     
   76.625000000000000        0.0000000000000000     
   76.875000000000000        0.0000000000000000     
   77.125000000000000        0.0000000000000000     
   77.375000000000000        0.0000000000000000     
   77.625000000000000        0.0000000000000000     
   77.875000000000000        0.0000000000000000     
   78.125000000000000        0.0000000000000000     
   78.375000000000000        0.0000000000000000     
   78.625000000000000        0.0000000000000000     
   78.875000000000000        0.0000000000000000     
   79.125000000000000        0.0000000000000000     
   79.375000000000000        0.0000000000000000     
