  -20.875000000000000      -5.65669959491898373E-006
  -20.625000000000000      -5.65669959491898373E-006
  -20.375000000000000       7.04347894431607230E-006
  -20.125000000000000      -8.91688931222308084E-007
  -19.875000000000000       4.55231935277587235E-006
  -19.625000000000000      -8.93460260232550448E-006
  -19.375000000000000       1.51587377219677370E-006
  -19.125000000000000       1.97062091386009354E-006
  -18.875000000000000       2.42637794476145065E-006
  -18.625000000000000       4.82997304324695337E-006
  -18.375000000000000      -1.12117547280854801E-005
  -18.125000000000000      -3.80868421970401830E-006
  -17.875000000000000       6.43837773615919198E-006
  -17.625000000000000       1.47818877938162382E-005
  -17.375000000000000      -5.37056951764202911E-006
  -17.125000000000000      -1.91781533798597452E-005
  -16.875000000000000      -4.48142152676128901E-006
  -16.625000000000000       1.96634882555731060E-005
  -16.375000000000000       1.11816655755648687E-005
  -16.125000000000000       1.03499832865892145E-006
  -15.875000000000000      -1.81491857081354322E-005
  -15.625000000000000      -2.53933407363614002E-005
  -15.375000000000000       3.97762645269160035E-006
  -15.125000000000000       2.67102240453737316E-005
  -14.875000000000000       4.11309213198799938E-005
  -14.625000000000000      -2.58295035742071947E-006
  -14.375000000000000      -3.35045095636157049E-005
  -14.125000000000000      -5.66818616529188982E-005
  -13.875000000000000      -4.22681696710980358E-005
  -13.625000000000000       1.79355048453998565E-005
  -13.375000000000000       9.28251283542678811E-005
  -13.125000000000000       1.10688612348700319E-004
  -12.875000000000000       9.17424711904854095E-005
  -12.625000000000000      -8.48432382425131748E-006
  -12.375000000000000      -1.62048416657664321E-004
  -12.125000000000000      -2.96354496903341040E-004
  -11.875000000000000      -3.79393852459397835E-004
  -11.625000000000000      -3.41105942734414209E-004
  -11.375000000000000      -1.14127623859470485E-004
  -11.125000000000000       3.28721516435629259E-004
  -10.875000000000000       1.01406052811544309E-003
  -10.625000000000000       1.98831383305267655E-003
  -10.375000000000000       3.21899235334827984E-003
  -10.125000000000000       4.73869420818811247E-003
  -9.8750000000000000       6.53340723515401060E-003
  -9.6250000000000000       8.58876445764213819E-003
  -9.3750000000000000       1.08936620596507897E-002
  -9.1250000000000000       1.34586464199438344E-002
  -8.8750000000000000       1.62214296666266522E-002
  -8.6250000000000000       1.92115543712828955E-002
  -8.3750000000000000       2.23909653105894418E-002
  -8.1250000000000000       2.57273110703198464E-002
  -7.8750000000000000       2.92229828436595604E-002
  -7.6250000000000000       3.28546420638694270E-002
  -7.3750000000000000       3.65696299580654111E-002
  -7.1250000000000000       4.03867732839533269E-002
  -6.8750000000000000       4.42614756475280535E-002
  -6.6250000000000000       4.81577445956451675E-002
  -6.3750000000000000       5.20806308826835124E-002
  -6.1250000000000000       5.59827614517858230E-002
  -5.8750000000000000       5.98533888561020161E-002
  -5.6250000000000000       6.36529432730346817E-002
  -5.3750000000000000       6.73795111335730584E-002
  -5.1250000000000000       7.09984724840170695E-002
  -4.8750000000000000       7.44771734254173062E-002
  -4.6250000000000000       7.78107330397907193E-002
  -4.3750000000000000       8.09856840553758034E-002
  -4.1250000000000000       8.39467241707127498E-002
  -3.8750000000000000       8.67107163299650069E-002
  -3.6250000000000000       8.92522103072612011E-002
  -3.3750000000000000       9.15450060685681355E-002
  -3.1250000000000000       9.35854682363743556E-002
  -2.8750000000000000       9.53422314938340287E-002
  -2.6250000000000000       9.68543688232692268E-002
  -2.3750000000000000       9.80405603877338161E-002
  -2.1250000000000000       9.89485839567449260E-002
  -1.8750000000000000       9.95490369547721576E-002
  -1.6250000000000000       9.98553964781952186E-002
  -1.3750000000000000       9.98453101563143153E-002
  -1.1250000000000000       9.95149390990473504E-002
 -0.87500000000000000       9.89039720296934211E-002
 -0.62500000000000000       9.79815648775183012E-002
 -0.37500000000000000       9.67641446698301877E-002
 -0.12500000000000000       9.52443153499121092E-002
  0.12500000000000000       9.34598685545975083E-002
  0.37500000000000000       9.14184315585709062E-002
  0.62500000000000000       8.91031042720397404E-002
  0.87500000000000000       8.65480764044057049E-002
   1.1250000000000000       8.37606326922065575E-002
   1.3750000000000000       8.07925032144836408E-002
   1.6250000000000000       7.76236641158188356E-002
   1.8750000000000000       7.42704921306748395E-002
   2.1250000000000000       7.07686542447291678E-002
   2.3750000000000000       6.71365622943936591E-002
   2.6250000000000000       6.34371523182705732E-002
   2.8750000000000000       5.96213209240958053E-002
   3.1250000000000000       5.57539849901225459E-002
   3.3750000000000000       5.18205352637775007E-002
   3.6250000000000000       4.79035926759308756E-002
   3.8750000000000000       4.40188142342587477E-002
   4.1250000000000000       4.01677107938627209E-002
   4.3750000000000000       3.63686168452501818E-002
   4.6250000000000000       3.26163200628988292E-002
   4.8750000000000000       2.89761178914787476E-002
   5.1250000000000000       2.54869274757073272E-002
   5.3750000000000000       2.21789058917827991E-002
   5.6250000000000000       1.90588407082039127E-002
   5.8750000000000000       1.61107788579594804E-002
   6.1250000000000000       1.33219291842193704E-002
   6.3750000000000000       1.07352874643031632E-002
   6.6250000000000000       8.36648559075745327E-003
   6.8750000000000000       6.29921801908531979E-003
   7.1250000000000000       4.56087907940398024E-003
   7.3750000000000000       3.16480365588179104E-003
   7.6250000000000000       2.11578491094861418E-003
   7.8750000000000000       1.34866002754592410E-003
   8.1250000000000000       8.27198116785717399E-004
   8.3750000000000000       4.88490026412881492E-004
   8.6250000000000000       2.74709454267698099E-004
   8.8750000000000000       1.46716938433642151E-004
   9.1250000000000000       8.30129404933030392E-005
   9.3750000000000000       3.34434772710562721E-005
   9.6250000000000000       2.27010091219272787E-005
   9.8750000000000000       8.06093608465377328E-006
   10.125000000000000       3.02456747380110881E-006
   10.375000000000000       1.73258319637443300E-006
   10.625000000000000       3.59650836591224089E-006
   10.875000000000000      -4.84446433014858307E-006
   11.125000000000000       4.72097381587549302E-006
   11.375000000000000      -1.35791292570053387E-006
   11.625000000000000      -1.85862710896976924E-006
   11.875000000000000       2.42832947031552874E-006
   12.125000000000000       5.33656114714075788E-008
   12.375000000000000      -2.78957658362661403E-006
   12.625000000000000       2.53948802891210475E-006
   12.875000000000000       1.06170622766771117E-006
   13.125000000000000      -4.79718139099247363E-006
   13.375000000000000       5.07563516643618389E-006
   13.625000000000000      -1.94428344014975058E-006
   13.875000000000000      -6.35070165570322687E-007
   14.125000000000000      -8.63646568799243374E-007
   14.375000000000000       5.17653398836356132E-006
   14.625000000000000      -7.32594626272684990E-006
   14.875000000000000       4.55955800660704126E-006
   15.125000000000000      -1.21820048013559439E-007
   15.375000000000000      -4.93523722337135726E-007
   15.625000000000000      -3.19480577806028491E-006
   15.875000000000000       5.49313886823371835E-006
   16.125000000000000      -2.03722868805756567E-006
   16.375000000000000      -3.67904023528106268E-006
   16.625000000000000       4.61846923406773628E-006
   16.875000000000000      -4.22014266310890759E-007
   17.125000000000000      -1.45905818514518481E-006
   17.375000000000000      -3.11280835185650742E-006
   17.625000000000000       7.77514464523836561E-006
   17.875000000000000      -4.95187426260841952E-006
   18.125000000000000      -1.53359449539478603E-006
   18.375000000000000       1.78503470890786513E-006
   18.625000000000000       3.48663928535945526E-006
   18.875000000000000      -3.19612235839591483E-006
   19.125000000000000      -4.67968749001931023E-006
   19.375000000000000       7.88855976744908460E-006
   19.625000000000000      -1.32117988803459965E-006
   19.875000000000000      -2.37492207411597633E-006
   20.125000000000000      -4.00844795452917507E-006
   20.375000000000000       6.81618419370956437E-006
   20.625000000000000       2.56438041196012005E-006
   20.875000000000000      -8.22108000692463180E-006
   21.125000000000000       2.27294750549280264E-007
   21.375000000000000       3.11675902331882582E-006
   21.625000000000000       6.92724142685225794E-006
   21.875000000000000      -7.61342271424915373E-006
   22.125000000000000      -6.37268599527007742E-006
   22.375000000000000       6.65030840389024748E-006
   22.625000000000000       5.62250030313003469E-006
   22.875000000000000       1.34333375788123685E-006
   23.125000000000000      -1.29967894370427738E-005
   23.375000000000000      -2.27508972423219294E-006
   23.625000000000000       1.13902519987644216E-005
   23.875000000000000       7.00674314859915596E-006
   24.125000000000000      -2.25776116572466491E-006
   24.375000000000000      -1.77190951947464618E-005
   24.625000000000000      -4.05940726035383120E-006
   24.875000000000000       1.50450190214355149E-005
   25.125000000000000       1.48607058109309667E-005
   25.375000000000000       3.07222701666528652E-006
   25.625000000000000      -2.36423245764397083E-005
   25.875000000000000      -2.21985349582084956E-005
   26.125000000000000       4.47115017517483508E-006
   26.375000000000000       2.68320440941014949E-005
   26.625000000000000       3.65713633160423708E-005
   26.875000000000000       4.74299591634861945E-006
   27.125000000000000      -3.86810435101150575E-005
   27.375000000000000      -5.58182149290903942E-005
   27.625000000000000      -4.16330989468077304E-005
   27.875000000000000       1.98797902460293779E-005
   28.125000000000000       8.77494998831856836E-005
   28.375000000000000       1.15485815984435439E-004
   28.625000000000000       9.06808368345061831E-005
   28.875000000000000      -1.10235861213342533E-005
   29.125000000000000      -1.59258151199208738E-004
   29.375000000000000      -2.96405820776324475E-004
   29.625000000000000      -3.81816307579674016E-004
   29.875000000000000      -3.39230917480193316E-004
   30.125000000000000      -1.12725322802737817E-004
   30.375000000000000       3.24116988519605200E-004
   30.625000000000000       1.01920086175079534E-003
   30.875000000000000       1.98544495636179558E-003
   31.125000000000000       3.21899062523239507E-003
   31.375000000000000       4.73964917411821146E-003
   31.625000000000000       6.53418308371166850E-003
   31.875000000000000       8.58499993178810789E-003
   32.125000000000000       1.08993463345966411E-002
   32.375000000000000       1.34535225451760249E-002
   32.625000000000000       1.62239550796036795E-002
   32.875000000000000       1.92118554845959189E-002
   33.125000000000000       2.23894171872132119E-002
   33.375000000000000       2.57279258258373555E-002
   33.625000000000000       2.92246041440977038E-002
   33.875000000000000       3.28511395055706423E-002
   34.125000000000000       3.65733156196516168E-002
   34.375000000000000       4.03848602164558895E-002
   34.625000000000000       4.42605348598170967E-002
   34.875000000000000       4.81612099579875608E-002
   35.125000000000000       5.20761057443798955E-002
   35.375000000000000       5.59865800500276012E-002
   35.625000000000000       5.98514545906125989E-002
   35.875000000000000       6.36528985669518876E-002
   36.125000000000000       6.73806328152069534E-002
   36.375000000000000       7.09976248982347596E-002
   36.625000000000000       7.44766424240241587E-002
   36.875000000000000       7.78129849947899188E-002
   37.125000000000000       8.09822692169420710E-002
   37.375000000000000       8.39500901949591372E-002
   37.625000000000000       8.67087802554363102E-002
   37.875000000000000       8.92516731150992948E-002
   38.125000000000000       9.15483775600353655E-002
   38.375000000000000       9.35796704407466096E-002
   38.625000000000000       9.53494390196200081E-002
   38.875000000000000       9.68470586485417340E-002
   39.125000000000000       9.80467299955805616E-002
   39.375000000000000       9.89444504369343392E-002
   39.625000000000000       9.95507372924730183E-002
   39.875000000000000       9.98560206368952347E-002
   40.125000000000000       9.98428714419106050E-002
   40.375000000000000       9.95184448414472567E-002
   40.625000000000000       9.89002141338131413E-002
   40.875000000000000       9.79848324248743241E-002
   41.125000000000000       9.67619439666802944E-002
   41.375000000000000       9.52450894745357768E-002
   41.625000000000000       9.34606426792211065E-002
   41.875000000000000       9.14162308554210962E-002
   42.125000000000000       8.91063718193957910E-002
   42.375000000000000       8.65443185085253974E-002
   42.625000000000000       8.37641384346066026E-002
   42.875000000000000       8.07900645000799028E-002
   43.125000000000000       7.76242882745187268E-002
   43.375000000000000       7.42721924683754919E-002
   43.625000000000000       7.07645207249185115E-002
   43.875000000000000       6.71427319022402935E-002
   44.125000000000000       6.34298421435429832E-002
   44.375000000000000       5.96285284498818471E-002
   44.625000000000000       5.57481871944947444E-002
   44.875000000000000       5.18239067552447308E-002
   45.125000000000000       4.79030554837689554E-002
   45.375000000000000       4.40168781597301689E-002
   45.625000000000000       4.01710768181091915E-002
   45.875000000000000       3.63652020068163662E-002
   46.125000000000000       3.26185720178980079E-002
   46.375000000000000       2.89755868900855550E-002
   46.625000000000000       2.54860798899249411E-002
   46.875000000000000       2.21800275734166975E-002
   47.125000000000000       1.90587960021210735E-002
   47.375000000000000       1.61088445924700077E-002
   47.625000000000000       1.33257477824610948E-002
   47.875000000000000       1.07307623259995585E-002
   48.125000000000000       8.36995095309981535E-003
   48.375000000000000       6.29827723137433518E-003
   48.625000000000000       4.55896601190654630E-003
   48.875000000000000       3.16848931746810392E-003
   49.125000000000000       2.11228235264984080E-003
   49.375000000000000       1.35028132798414337E-003
   49.625000000000000       8.27812872303396001E-004
   49.875000000000000       4.86941903036580042E-004
   50.125000000000000       2.75010567580727004E-004
   50.375000000000000       1.49242351410528828E-004
   50.625000000000000       7.78890657256096057E-005
   50.875000000000000       3.91277522169077672E-005
   51.125000000000000       1.89364832678822918E-005
   51.375000000000000       8.83678464239924625E-006
   51.625000000000000       3.97953340387399730E-006
   51.875000000000000       1.73085508039313776E-006
   52.125000000000000       7.27631675130608403E-007
   52.375000000000000       2.95869305236655958E-007
   52.625000000000000       1.16445899917693309E-007
   52.875000000000000       4.43881310377933980E-008
   53.125000000000000       1.63981452112033960E-008
   53.375000000000000       5.87435003615295364E-009
   53.625000000000000       2.04173845877615835E-009
   53.875000000000000       6.88874832026874910E-010
   54.125000000000000       2.25731788909394123E-010
   54.375000000000000       7.18716999964638598E-011
   54.625000000000000       2.22446481864297825E-011
   54.875000000000000       6.69537607368554846E-012
   55.125000000000000       1.96054126690248137E-012
   55.375000000000000       5.58713718221513555E-013
   55.625000000000000       1.55012715201461959E-013
   55.875000000000000       4.18845959358908265E-014
   56.125000000000000       1.10252203934485485E-014
   56.375000000000000       2.82810864020479220E-015
   56.625000000000000       7.07137832735328533E-016
   56.875000000000000       1.72396453178094405E-016
   57.125000000000000       4.09902027424427317E-017
   57.375000000000000       9.50746980561400068E-018
   57.625000000000000       2.15170829548124441E-018
   57.875000000000000       4.75259492179047632E-019
   58.125000000000000       1.02470262935558754E-019
   58.375000000000000       2.15710220785775689E-020
   58.625000000000000       4.43436364912259058E-021
   58.875000000000000       8.90343093679387992E-022
   59.125000000000000       1.74631618965739674E-022
   59.375000000000000       3.34655461335896946E-023
   59.625000000000000       6.26684678502870760E-024
   59.875000000000000       1.14693683112849839E-024
   60.125000000000000       2.05177163648870528E-025
   60.375000000000000       3.58818071195966682E-026
   60.625000000000000       6.13520329751368119E-027
   60.875000000000000       1.02575495519050927E-027
   61.125000000000000       1.67712757138037622E-028
   61.375000000000000       2.68189280780758668E-029
   61.625000000000000       4.19480646821767004E-030
   61.875000000000000       6.41826129565358584E-031
   62.125000000000000       9.60716031643823894E-032
   62.375000000000000       1.40695312643935376E-032
   62.625000000000000       2.01606038253656690E-033
   62.875000000000000       2.82681107431179957E-034
   63.125000000000000       3.87870822275245641E-035
   63.375000000000000       5.20834817862722424E-036
   63.625000000000000       6.84476863149380231E-037
   63.875000000000000       8.80409123773651562E-038
   64.125000000000000       1.10839945519797575E-038
   64.375000000000000       1.36587512441466156E-039
   64.625000000000000       1.64756843086091590E-040
   64.875000000000000       1.94538926074744720E-041
   65.125000000000000       2.24859347842743163E-042
   65.375000000000000       2.54428381541933849E-043
   65.625000000000000       2.81823466250744427E-044
   65.875000000000000       3.05598050301602466E-045
   66.125000000000000       3.24405880169217826E-046
   66.375000000000000       3.37126192214615903E-047
   66.625000000000000       3.42973756769329541E-048
   66.875000000000000       3.41578819761738326E-049
   67.125000000000000       3.33025666083335824E-050
   67.375000000000000       3.17844231732421476E-051
   67.625000000000000       2.96955919574775197E-052
   67.875000000000000       2.71581299362211255E-053
   68.125000000000000       2.43122512156630531E-054
   68.375000000000000       2.13036071121890503E-055
   68.625000000000000       1.82711959021087721E-056
   68.875000000000000       1.53372618575148821E-057
   69.125000000000000       1.26001242425355909E-058
   69.375000000000000       1.01303623746235507E-059
   69.625000000000000       7.97027301434513589E-061
   69.875000000000000       6.13609726079685758E-062
   70.125000000000000       4.62224180575460425E-063
   70.375000000000000       3.40661317149906710E-064
   70.625000000000000       2.45622863303268956E-065
   70.875000000000000       1.73242453240412162E-066
   71.125000000000000       1.19520064211962428E-067
   71.375000000000000       8.06468179117186938E-069
   71.625000000000000       5.32169604488152065E-070
   71.875000000000000       3.43386522987806686E-071
   72.125000000000000       2.16639728427184117E-072
   72.375000000000000       1.33617478160624445E-073
   72.625000000000000       8.05572476088613771E-075
   72.875000000000000       4.74684623729320845E-076
   73.125000000000000       2.73341125091474012E-077
   73.375000000000000       1.53794602044468929E-078
   73.625000000000000       8.45371100347766947E-080
   73.875000000000000       4.53894085220863881E-081
   74.125000000000000       2.38006999666106040E-082
   74.375000000000000       1.21864376722960792E-083
   74.625000000000000       6.09166156069897881E-085
   74.875000000000000       2.97223434600284009E-086
   75.125000000000000       1.41524297641345700E-087
   75.375000000000000       6.57488149780812121E-089
   75.625000000000000       2.97959891711125188E-090
   75.875000000000000       1.31686166653219410E-091
   76.125000000000000       5.67452871475790134E-093
   76.375000000000000       2.38350818634027152E-094
   76.625000000000000       9.75630721445745032E-096
   76.875000000000000       3.89059128049026975E-097
   77.125000000000000       1.51105662519504401E-098
   77.375000000000000       5.71410921507252642E-100
   77.625000000000000       2.10319901517034627E-101
   77.875000000000000       7.53235785209710205E-103
   78.125000000000000       2.62390391438030902E-104
   78.375000000000000       8.88733461980957611E-106
   78.625000000000000       2.92572892248233484E-107
   78.875000000000000       9.35774875703727049E-109
   79.125000000000000       2.99407880640774026E-110
   79.375000000000000       2.99407880640774026E-110
