  -20.875000000000000       1.98354914552949598E-006
  -20.625000000000000       1.98354914552949598E-006
  -20.375000000000000      -4.43781060250562384E-006
  -20.125000000000000       3.45200702129104867E-006
  -19.875000000000000       4.05649472657153439E-007
  -19.625000000000000      -4.49304984826072817E-006
  -19.375000000000000       6.02503682641967209E-006
  -19.125000000000000      -4.08918149223022181E-006
  -18.875000000000000       2.47970071956210792E-007
  -18.625000000000000       2.71807674400207078E-006
  -18.375000000000000      -2.95358972055428138E-006
  -18.125000000000000       8.87896475077563258E-007
  -17.875000000000000       1.24979935080653657E-006
  -17.625000000000000      -1.33478247900544132E-006
  -17.375000000000000      -9.28858395705894039E-007
  -17.125000000000000       3.91247080189515340E-006
  -16.875000000000000      -5.62469787798394009E-006
  -16.625000000000000       5.46913291387171478E-006
  -16.375000000000000      -4.54448975695997968E-006
  -16.125000000000000       4.21854984597935115E-006
  -15.875000000000000      -4.44351494482618482E-006
  -15.625000000000000       3.65195703845377984E-006
  -15.375000000000000      -5.38968983515199298E-007
  -15.125000000000000      -4.02596173704195659E-006
  -14.875000000000000       7.15356894998090515E-006
  -14.625000000000000      -6.42640828856777761E-006
  -14.375000000000000       2.43593125802845389E-006
  -14.125000000000000       1.38231727626800617E-006
  -13.875000000000000      -1.83908675072754169E-006
  -13.625000000000000      -9.36107374167845600E-007
  -13.375000000000000       3.72035634524458577E-006
  -13.125000000000000      -3.69482083359423962E-006
  -12.875000000000000       1.51837287484596675E-006
  -12.625000000000000      -4.66186974929750852E-007
  -12.375000000000000       2.44528516059618548E-006
  -12.125000000000000      -5.50139246006430392E-006
  -11.875000000000000       6.00758036252587405E-006
  -11.625000000000000      -3.17784508209687277E-006
  -11.375000000000000       3.49596299201612452E-007
  -11.125000000000000      -1.04523782992114269E-006
  -10.875000000000000       4.42316745288249096E-006
  -10.625000000000000      -6.05961205504169580E-006
  -10.375000000000000       3.55341116987739051E-006
  -10.125000000000000       1.23493402098011726E-007
  -9.8750000000000000      -3.02216970543286703E-007
  -9.6250000000000000      -3.10259797168066392E-006
  -9.3750000000000000       5.22609646456128608E-006
  -9.1250000000000000      -2.80571975528258403E-006
  -8.8750000000000000      -1.16491953778273012E-006
  -8.6250000000000000       1.58024618425136333E-006
  -8.3750000000000000       1.28531997380048630E-006
  -8.1250000000000000      -1.96668596046113029E-006
  -7.8750000000000000      -1.89661757601190335E-006
  -7.6250000000000000       5.29443411319493283E-006
  -7.3750000000000000      -2.82624114040047918E-006
  -7.1250000000000000      -2.86412938801203942E-006
  -6.8750000000000000       4.44673082366111750E-006
  -6.6250000000000000      -7.42942801556697003E-007
  -6.3750000000000000      -1.83273248802783938E-006
  -6.1250000000000000       1.27441617511587066E-007
  -5.8750000000000000       1.09089855589348038E-007
  -5.6250000000000000       5.92254670176473898E-006
  -5.3750000000000000      -1.24801219640797412E-005
  -5.1250000000000000       1.12619117806886069E-005
  -4.8750000000000000      -5.06806295498217101E-006
  -4.6250000000000000       3.54838022939676373E-006
  -4.3750000000000000      -7.05400446227284881E-006
  -4.1250000000000000       6.76575493715190603E-006
  -3.8750000000000000      -1.74751212207641818E-006
  -3.6250000000000000       1.71161966336916631E-006
  -3.3750000000000000      -8.55998586981767106E-006
  -3.1250000000000000       1.07584307489140268E-005
  -2.8750000000000000      -3.75075132380553794E-006
  -2.6250000000000000      -6.96667684036047731E-007
  -2.3750000000000000      -4.03856385730652284E-006
  -2.1250000000000000       7.13042664892666892E-006
  -1.8750000000000000      -2.48978284241900738E-006
  -1.6250000000000000       1.85985792348068348E-006
  -1.3750000000000000      -9.95929834540220334E-006
  -1.1250000000000000       1.15838967763825628E-005
 -0.87500000000000000      -1.37818578101344472E-006
 -0.62500000000000000      -3.24974307645150114E-006
 -0.37500000000000000      -3.17257054518033173E-006
 -0.12500000000000000       3.14896221859275683E-006
  0.12500000000000000       4.90825322612464389E-006
  0.37500000000000000      -2.47815155352973627E-006
  0.62500000000000000      -5.34168721434069743E-006
  0.87500000000000000      -2.37371169015130092E-006
   1.1250000000000000       1.36299953025867872E-005
   1.3750000000000000      -6.71689540573270740E-006
   1.6250000000000000      -5.28193303525102231E-007
   1.8750000000000000      -8.08471386009117945E-006
   2.1250000000000000       8.12011057335630664E-006
   2.3750000000000000       4.18490640277611817E-006
   2.6250000000000000       2.46231992997235390E-006
   2.8750000000000000      -1.58947087558992739E-005
   3.1250000000000000       4.08251242642201495E-006
   3.3750000000000000       4.47201697619330592E-006
   3.6250000000000000       1.00819035718828501E-005
   3.8750000000000000      -7.28057850087967818E-006
   4.1250000000000000      -5.44270817688147713E-006
   4.3750000000000000      -1.24745345026618789E-005
   4.6250000000000000       1.95183921140750812E-005
   4.8750000000000000       4.37196435777282525E-006
   5.1250000000000000       2.96938490707334150E-006
   5.3750000000000000      -1.84188582387061183E-005
   5.6250000000000000      -5.13813027569491071E-006
   5.8750000000000000      -3.29779114769498987E-007
   6.1250000000000000       2.26247715482653292E-005
   6.3750000000000000       1.02787987212356713E-005
   6.6250000000000000      -1.27476590279810671E-005
   6.8750000000000000      -1.92040740404553136E-005
   7.1250000000000000      -1.32170800590342928E-005
   7.3750000000000000       8.97784274502434308E-006
   7.6250000000000000       2.81438569344788394E-005
   7.8750000000000000       2.22009151007521166E-005
   8.1250000000000000      -8.19632690624714618E-006
   8.3750000000000000      -3.42394493232126246E-005
   8.6250000000000000      -3.06323770314028575E-005
   8.8750000000000000      -1.16517318943067983E-005
   9.1250000000000000       2.81142577393004922E-005
   9.3750000000000000       5.82366940897951227E-005
   9.6250000000000000       3.82310009257033417E-005
   9.8750000000000000       1.35029285286312692E-006
   10.125000000000000      -5.61388393328715531E-005
   10.375000000000000      -7.99561726643874856E-005
   10.625000000000000      -8.04923406390834292E-005
   10.875000000000000      -1.26005326115555212E-005
   11.125000000000000       6.97569716522882519E-005
   11.375000000000000       1.41380818059744245E-004
   11.625000000000000       1.71145164828040907E-004
   11.875000000000000       1.39288276535722569E-004
   12.125000000000000       1.82875208285232906E-005
   12.375000000000000      -1.44571303984203608E-004
   12.625000000000000      -3.34994020581014132E-004
   12.875000000000000      -4.76003607874795655E-004
   13.125000000000000      -5.57244037453843337E-004
   13.375000000000000      -4.76449634808809894E-004
   13.625000000000000      -2.17525037376634247E-004
   13.875000000000000       2.57161093296065805E-004
   14.125000000000000       9.78075174537753516E-004
   14.375000000000000       1.96913730964737646E-003
   14.625000000000000       3.22875108706247504E-003
   14.875000000000000       4.75949914198765638E-003
   15.125000000000000       6.55520454918444295E-003
   15.375000000000000       8.63065733926703452E-003
   15.625000000000000       1.09471213467224118E-002
   15.875000000000000       1.34951065584066245E-002
   16.125000000000000       1.62840660428212741E-002
   16.375000000000000       1.92703568943797809E-002
   16.625000000000000       2.24543630989071340E-002
   16.875000000000000       2.57910757250139622E-002
   17.125000000000000       2.92926247092628739E-002
   17.375000000000000       3.29224782184906611E-002
   17.625000000000000       3.66516429245809655E-002
   17.875000000000000       4.04528848825904883E-002
   18.125000000000000       4.43345025173302321E-002
   18.375000000000000       4.82380579550009125E-002
   18.625000000000000       5.21595309814750357E-002
   18.875000000000000       5.60536155595837693E-002
   19.125000000000000       5.99193053120118252E-002
   19.375000000000000       6.37370959721532682E-002
   19.625000000000000       6.74516478283935655E-002
   19.875000000000000       7.10594222399870551E-002
   20.125000000000000       7.45410090505706641E-002
   20.375000000000000       7.78808139267468946E-002
   20.625000000000000       8.10408480883924032E-002
   20.875000000000000       8.40086187895957015E-002
   21.125000000000000       8.67524437486509731E-002
   21.375000000000000       8.92984949659234445E-002
   21.625000000000000       9.15929963961125138E-002
   21.875000000000000       9.36213777660564739E-002
   22.125000000000000       9.53813217706484390E-002
   22.375000000000000       9.68598144680042489E-002
   22.625000000000000       9.80673301653992857E-002
   22.875000000000000       9.89730805645071543E-002
   23.125000000000000       9.95650525333823117E-002
   23.375000000000000       9.98410579137606058E-002
   23.625000000000000       9.98346590815916424E-002
   23.875000000000000       9.95166418184094403E-002
   24.125000000000000       9.88981195259108214E-002
   24.375000000000000       9.79647783575518932E-002
   24.625000000000000       9.67189028841754922E-002
   24.875000000000000       9.52101169237922207E-002
   25.125000000000000       9.34291881028253557E-002
   25.375000000000000       9.13824040546506455E-002
   25.625000000000000       8.90621066501965097E-002
   25.875000000000000       8.64946921572199157E-002
   26.125000000000000       8.36969598322105796E-002
   26.375000000000000       8.07168086168172649E-002
   26.625000000000000       7.75650385624485628E-002
   26.875000000000000       7.42202841252431189E-002
   27.125000000000000       7.07214243530651376E-002
   27.375000000000000       6.70715321201307557E-002
   27.625000000000000       6.33226220759940950E-002
   27.875000000000000       5.95185374547651663E-002
   28.125000000000000       5.56760920209443400E-002
   28.375000000000000       5.17953813327310247E-002
   28.625000000000000       4.78764692322972141E-002
   28.875000000000000       4.39554406521593319E-002
   29.125000000000000       4.00434850473274442E-002
   29.375000000000000       3.62149612286103359E-002
   29.625000000000000       3.25117560896116820E-002
   29.875000000000000       2.89354573064909450E-002
   30.125000000000000       2.55077141178273147E-002
   30.375000000000000       2.22082939526807577E-002
   30.625000000000000       1.90387014148810166E-002
   30.875000000000000       1.60077568470175999E-002
   31.125000000000000       1.31665063267898414E-002
   31.375000000000000       1.05654681555253718E-002
   31.625000000000000       8.23554527721045981E-003
   31.875000000000000       6.24651571757424591E-003
   32.125000000000000       4.59752946822205178E-003
   32.375000000000000       3.27479281408035554E-003
   32.625000000000000       2.26636609910646101E-003
   32.875000000000000       1.52012427070478484E-003
   33.125000000000000       9.91793104844506269E-004
   33.375000000000000       6.20895380431566238E-004
   33.625000000000000       3.80886329739760872E-004
   33.875000000000000       2.33327286725063448E-004
   34.125000000000000       1.27607657086140910E-004
   34.375000000000000       7.25727446308465621E-005
   34.625000000000000       4.37987792268293864E-005
   34.875000000000000       2.11511827413320098E-005
   35.125000000000000       1.02978405439869146E-005
   35.375000000000000       3.34023775552651871E-006
   35.625000000000000       6.89944771829195113E-006
   35.875000000000000       1.88255586046495243E-006
   36.125000000000000      -5.40834797530179066E-006
   36.375000000000000       4.47197997593926850E-006
   36.625000000000000       2.34043365648717584E-006
   36.875000000000000      -3.48475916807121448E-006
   37.125000000000000      -4.16423160470854704E-007
   37.375000000000000       7.97230637596826648E-007
   37.625000000000000       3.57651630364934555E-006
   37.875000000000000      -3.03967679160926961E-006
   38.125000000000000      -4.19858596130533772E-006
   38.375000000000000       6.57512263790924985E-006
   38.625000000000000       4.67322677220699253E-007
   38.875000000000000      -5.11828693129178157E-006
   39.125000000000000       6.84508730788888032E-007
   39.375000000000000       2.09643685977626582E-006
   39.625000000000000       2.77313089767965365E-006
   39.875000000000000      -3.46747004982402661E-006
   40.125000000000000      -4.79532049883025162E-006
   40.375000000000000       6.84802525110161571E-006
   40.625000000000000       2.65768165063468869E-006
   40.875000000000000      -6.33649479715422087E-006
   41.125000000000000      -1.23441072416894192E-006
   41.375000000000000       2.48809469081896646E-006
   41.625000000000000       4.24738569791502289E-006
   41.875000000000000      -5.39991734425444953E-007
   42.125000000000000      -8.42843894101187389E-006
   42.375000000000000       1.66215572239038059E-006
   42.625000000000000       8.89412371786906899E-006
   42.875000000000000      -1.55291773971897349E-006
   43.125000000000000      -5.85552181540792273E-006
   43.375000000000000      -2.82180169623747462E-006
   43.625000000000000       3.08611625876696830E-006
   43.875000000000000       8.90796624659083073E-006
   44.125000000000000      -1.95933450873730687E-006
   44.375000000000000      -1.16767300202246107E-005
   44.625000000000000      -1.01048429368465884E-007
   44.875000000000000       8.83275990310355431E-006
   45.125000000000000       5.32893442080441771E-006
   45.375000000000000      -1.96072007936511294E-006
   45.625000000000000      -1.14214082499177816E-005
   45.875000000000000      -5.86125055951263198E-006
   46.125000000000000       1.24285043778052689E-005
   46.375000000000000       1.16508672963501842E-005
   46.625000000000000      -4.10979931435402152E-006
   46.875000000000000      -1.19778241198772608E-005
   47.125000000000000      -1.05212336598770708E-005
   47.375000000000000       3.66891550148876251E-006
   47.625000000000000       2.01765751999203221E-005
   47.875000000000000       1.12154518153045319E-005
   48.125000000000000      -1.24262051921026730E-005
   48.375000000000000      -2.03488769703214204E-005
   48.625000000000000      -1.17901374460585398E-005
   48.875000000000000       7.81050508224196557E-006
   49.125000000000000       2.86264085004078099E-005
   49.375000000000000       2.26094797880007073E-005
   49.625000000000000      -9.42274254188699052E-006
   49.875000000000000      -3.25466016991181049E-005
   50.125000000000000      -3.22335609608454302E-005
   50.375000000000000      -1.07750383646127064E-005
   50.625000000000000       2.85048293517621896E-005
   50.875000000000000       5.62825636191308529E-005
   51.125000000000000       4.16956327604720502E-005
   51.375000000000000      -3.20952096401287126E-006
   51.625000000000000      -5.11695492154694940E-005
   51.875000000000000      -8.45602327871731541E-005
   52.125000000000000      -7.68921387753537930E-005
   52.375000000000000      -1.48964280645348830E-005
   52.625000000000000       7.08966701040917837E-005
   52.875000000000000       1.40829571496558603E-004
   53.125000000000000       1.71921013359732709E-004
   53.375000000000000       1.37504678042497084E-004
   53.625000000000000       2.15432368916265206E-005
   53.875000000000000      -1.49246470763050979E-004
   54.125000000000000      -3.29492538665047811E-004
   54.375000000000000      -4.81377165399298108E-004
   54.625000000000000      -5.52979935605803002E-004
   54.875000000000000      -4.78966733173282605E-004
   55.125000000000000      -2.16787382655263131E-004
   55.375000000000000       2.57599480133419905E-004
   55.625000000000000       9.77463811211767711E-004
   55.875000000000000       1.96894598770473109E-003
   56.125000000000000       3.23024650594055506E-003
   56.375000000000000       4.75693764062904735E-003
   56.625000000000000       6.55791274716020951E-003
   56.875000000000000       8.62901684750003867E-003
   57.125000000000000       1.09467457525203732E-002
   57.375000000000000       1.34977033069122246E-002
   57.625000000000000       1.62799331097129782E-002
   57.875000000000000       1.92747405831408813E-002
   58.125000000000000       2.24509993777736762E-002
   58.375000000000000       2.57928068293623615E-002
   58.625000000000000       2.92921556515172050E-002
   58.875000000000000       3.29228374386351941E-002
   59.125000000000000       3.66501212879991531E-002
   59.375000000000000       4.04561796644783145E-002
   59.625000000000000       4.43299381052108116E-002
   59.875000000000000       4.82424524527629642E-002
   60.125000000000000       5.21569215651814036E-002
   60.375000000000000       5.60535770292754712E-002
   60.625000000000000       5.99215716607914700E-002
   60.875000000000000       6.37340687177208043E-002
   61.125000000000000       6.74538328890305072E-002
   61.375000000000000       7.10587839762602813E-002
   61.625000000000000       7.45407629394015947E-002
   61.875000000000000       7.78803818975177531E-002
   62.125000000000000       8.10432698889412273E-002
   62.375000000000000       8.40042134399012763E-002
   62.625000000000000       8.67573135884824459E-002
   62.875000000000000       8.92952890700711432E-002
   63.125000000000000       9.15932290103667612E-002
   63.375000000000000       9.36236857552678603E-002
   63.625000000000000       9.53783239882546319E-002
   63.875000000000000       9.68616373007169240E-002
   64.125000000000000       9.80671207256357813E-002
   64.375000000000000       9.89729719040568778E-002
   64.625000000000000       9.95636116253408171E-002
   64.875000000000000       9.98447344294048772E-002
   65.125000000000000       9.98301145003530205E-002
   65.375000000000000       9.95194982374702775E-002
   65.625000000000000       9.88986891641620430E-002
   65.875000000000000       9.79613349444955345E-002
   66.125000000000000       9.67227964777050003E-002
   66.375000000000000       9.52080115120118031E-002
   66.625000000000000       9.34293489038213881E-002
   66.875000000000000       9.13823184379129738E-002
   67.125000000000000       8.90639534166355329E-002
   67.375000000000000       8.64914157943833944E-002
   67.625000000000000       8.36991392929610917E-002
   67.875000000000000       8.07181263805786114E-002
   68.125000000000000       7.75604464948569938E-002
   68.375000000000000       7.42252151146536449E-002
   68.625000000000000       7.07191797437497771E-002
   68.875000000000000       6.70707611661804093E-002
   69.125000000000000       6.33240227759075125E-002
   69.375000000000000       5.95187359074180466E-002
   69.625000000000000       5.56748887629634759E-002
   69.875000000000000       5.17948120517167099E-002
   70.125000000000000       4.78803244169468886E-002
   70.375000000000000       4.39504053572183223E-002
   70.625000000000000       4.00457149289458053E-002
   70.875000000000000       3.62172069050073625E-002
   71.125000000000000       3.25075321077423485E-002
   71.375000000000000       2.89378593030413349E-002
   71.625000000000000       2.55079157680912494E-002
   71.875000000000000       2.22081994920589679E-002
   72.125000000000000       1.90365741428810478E-002
   72.375000000000000       1.60102162572089909E-002
   72.625000000000000       1.31675569757426156E-002
   72.875000000000000       1.05603753720058900E-002
   73.125000000000000       8.24040730799781816E-003
   73.375000000000000       6.24615368371125856E-003
   73.625000000000000       4.59425750222828763E-003
   73.875000000000000       3.27720796222314911E-003
   74.125000000000000       2.26665432511452981E-003
   74.375000000000000       1.52014520844994034E-003
   74.625000000000000       9.88814937246554424E-004
   74.875000000000000       6.24088482027803596E-004
   75.125000000000000       3.82374382628473226E-004
   75.375000000000000       2.27550301046226659E-004
   75.625000000000000       1.31601235889818003E-004
   75.875000000000000       7.40099314076849628E-005
   76.125000000000000       4.04968513392740337E-005
   76.375000000000000       2.15726717262657052E-005
   76.625000000000000       1.11939199973405802E-005
   76.875000000000000       5.66099266698127831E-006
   77.125000000000000       2.79166378514195776E-006
   77.375000000000000       1.34311411916767438E-006
   77.625000000000000       6.30744395460196127E-007
   77.875000000000000       2.89265160768301726E-007
   78.125000000000000       1.29628864388194179E-007
   78.375000000000000       5.68436043290323129E-008
   78.625000000000000       2.45501033128956693E-008
   78.875000000000000       1.08327551044325646E-008
   79.125000000000000       5.84270020048898633E-009
   79.375000000000000       5.84270020048898633E-009
