  -20.875000000000000      -4.11453821328361307E-007
  -20.625000000000000      -4.11453821328361307E-007
  -20.375000000000000       1.34350344593904617E-006
  -20.125000000000000      -2.49088050089941996E-006
  -19.875000000000000       3.71336795278284785E-006
  -19.625000000000000      -4.69138003817910967E-006
  -19.375000000000000       5.15009578842983408E-006
  -19.125000000000000      -5.06772414063919276E-006
  -18.875000000000000       4.69294422814817605E-006
  -18.625000000000000      -4.33356911547572778E-006
  -18.375000000000000       4.06307403970227042E-006
  -18.125000000000000      -3.58550442980098367E-006
  -17.875000000000000       2.41451464574927095E-006
  -17.625000000000000      -2.94747197984947076E-007
  -17.375000000000000      -2.42405264240532364E-006
  -17.125000000000000       4.78429379933053696E-006
  -16.875000000000000      -5.69862937557277331E-006
  -16.625000000000000       4.66836650819950433E-006
  -16.375000000000000      -2.25896711328070536E-006
  -16.125000000000000      -7.51669362440582039E-008
  -15.875000000000000       8.21754271117924077E-007
  -15.625000000000000       5.84918187637589347E-007
  -15.375000000000000      -3.28356871679587408E-006
  -15.125000000000000       5.45259330310080799E-006
  -14.875000000000000      -5.50653115442811402E-006
  -14.625000000000000       3.23131858589227029E-006
  -14.375000000000000      -1.72428638290978421E-008
  -14.125000000000000      -2.05930075097317764E-006
  -13.875000000000000       1.69655476325702061E-006
  -13.625000000000000       7.10486394507635104E-007
  -13.375000000000000      -3.42307278919497319E-006
  -13.125000000000000       4.74638406786146883E-006
  -12.875000000000000      -4.34607603074009871E-006
  -12.625000000000000       3.38355462374742942E-006
  -12.375000000000000      -3.31712270812387579E-006
  -12.125000000000000       4.39714960070450201E-006
  -11.875000000000000      -5.24912205447210315E-006
  -11.625000000000000       4.05464136216117683E-006
  -11.375000000000000      -3.75366687178946726E-007
  -11.125000000000000      -4.06971263832786070E-006
  -10.875000000000000       6.56658496011168343E-006
  -10.625000000000000      -5.63972183728244048E-006
  -10.375000000000000       2.35599623592455422E-006
  -10.125000000000000       6.06579769789810398E-007
  -9.8750000000000000      -1.37008736678433423E-006
  -9.6250000000000000       4.75082782243878808E-007
  -9.3750000000000000      -7.05269086065779660E-008
  -9.1250000000000000       1.42182138757128694E-006
  -8.8750000000000000      -3.30938985231317609E-006
  -8.6250000000000000       3.14727406551658270E-006
  -8.3750000000000000       1.59745285992850708E-007
  -8.1250000000000000      -4.64240007322221016E-006
  -7.8750000000000000       6.90149328485696579E-006
  -7.6250000000000000      -5.48331453607332752E-006
  -7.3750000000000000       2.41104597043100295E-006
  -7.1250000000000000      -1.03172092765344569E-006
  -6.8750000000000000       2.38425417202136680E-006
  -6.6250000000000000      -4.16756574981138205E-006
  -6.3750000000000000       3.62105688403520166E-006
  -6.1250000000000000      -1.03325313720579985E-006
  -5.8750000000000000      -4.26635005118508486E-007
  -5.6250000000000000      -1.36420560213403978E-006
  -5.3750000000000000       4.48446006536197475E-006
  -5.1250000000000000      -4.89437565533799874E-006
  -4.8750000000000000       1.34819908048894121E-006
  -4.6250000000000000       2.73659636747120595E-006
  -4.3750000000000000      -3.13894517499709192E-006
  -4.1250000000000000      -1.30761520934775233E-007
  -3.8750000000000000       3.07843877145117693E-006
  -3.6250000000000000      -3.11974344769998222E-006
  -3.3750000000000000       2.49109619919331668E-006
  -3.1250000000000000      -4.82162376410953740E-006
  -2.8750000000000000       9.35127664656295158E-006
  -2.6250000000000000      -1.11261090919279129E-005
  -2.3750000000000000       7.62268284412697607E-006
  -2.1250000000000000      -2.78140578199747983E-006
  -1.8750000000000000       2.20519145285087804E-006
  -1.6250000000000000      -5.67735263270529995E-006
  -1.3750000000000000       7.67927701040052094E-006
  -1.1250000000000000      -5.47871441610602771E-006
 -0.87500000000000000       2.91475210482333120E-006
 -0.62500000000000000      -3.92771515492791635E-006
 -0.37500000000000000       5.67816389831903181E-006
 -0.12500000000000000      -2.59110993765322546E-006
  0.12500000000000000      -4.20831054765711402E-006
  0.37500000000000000       7.28806926987571428E-006
  0.62500000000000000      -3.81911495894140157E-006
  0.87500000000000000       2.01012310984334486E-007
   1.1250000000000000      -2.30641214978364140E-006
   1.3750000000000000       6.52121864585098277E-006
   1.6250000000000000      -6.43544741557237996E-006
   1.8750000000000000       4.15083717210374617E-006
   2.1250000000000000      -6.40441786324935987E-006
   2.3750000000000000       1.15036880948572243E-005
   2.6250000000000000      -1.06462501731576782E-005
   2.8750000000000000       3.22412467679627060E-006
   3.1250000000000000       6.34863421918926381E-007
   3.3750000000000000       3.35759791810611641E-006
   3.6250000000000000      -6.48067224015350666E-006
   3.8750000000000000       2.85230409446580504E-006
   4.1250000000000000       2.18654802919490546E-007
   4.3750000000000000       2.86475513726658104E-006
   4.6250000000000000      -4.08430302778014962E-006
   4.8750000000000000      -2.46680476142033803E-006
   5.1250000000000000       6.68300604243295910E-006
   5.3750000000000000      -6.83530787470850663E-008
   5.6250000000000000      -7.01316809401843623E-006
   5.8750000000000000       3.93388503699264730E-006
   6.1250000000000000       2.96258432370827223E-007
   6.3750000000000000       3.88442876405160651E-006
   6.6250000000000000      -6.70583519551880271E-006
   6.8750000000000000       7.92132882386129351E-007
   7.1250000000000000       7.62667881682117514E-007
   7.3750000000000000       8.06951949179128300E-006
   7.6250000000000000      -1.00343021428197231E-005
   7.8750000000000000      -7.36467093443571269E-007
   8.1250000000000000       4.83556419674155369E-006
   8.3750000000000000       2.02353177805267704E-006
   8.6250000000000000      -1.08060023360045422E-006
   8.8750000000000000      -5.58216558990043425E-006
   9.1250000000000000      -3.94559913710903486E-007
   9.3750000000000000       7.73896891389895536E-006
   9.6250000000000000       1.64309672376872101E-006
   9.8750000000000000      -7.66018363055689119E-006
   10.125000000000000      -4.71481688618811395E-006
   10.375000000000000       8.95362752565949639E-006
   10.625000000000000       1.70071251710399199E-006
   10.875000000000000       7.70831795633643882E-007
   11.125000000000000      -7.55358746147824849E-006
   11.375000000000000      -5.70764567779277095E-006
   11.625000000000000       1.12822856432149288E-005
   11.875000000000000       5.11407920799151850E-006
   12.125000000000000      -2.80557265712353478E-006
   12.375000000000000      -1.29933299377530583E-005
   12.625000000000000       2.38281482791948177E-006
   12.875000000000000       4.82118815010540319E-006
   13.125000000000000       1.04803988730933643E-005
   13.375000000000000      -6.83254459242192934E-007
   13.625000000000000      -1.43482311551380204E-005
   13.875000000000000      -8.93981891982958752E-006
   14.125000000000000       1.27170084747295516E-005
   14.375000000000000       9.49964201873395598E-006
   14.625000000000000       7.86839053148342667E-006
   14.875000000000000      -1.43685028605504769E-005
   15.125000000000000      -1.19244076015409996E-005
   15.375000000000000      -9.57591016610091117E-006
   15.625000000000000       1.92362353584940839E-005
   15.875000000000000       2.01464290141061006E-005
   16.125000000000000       9.94392820111034966E-007
   16.375000000000000      -1.59198794777618314E-005
   16.625000000000000      -2.21963520126764394E-005
   16.875000000000000      -1.28348157141715525E-005
   17.125000000000000       1.75581282516168769E-005
   17.375000000000000       3.23988261297442819E-005
   17.625000000000000       2.19131694301420745E-005
   17.875000000000000      -1.11782594156753089E-005
   18.125000000000000      -3.66104536722644725E-005
   18.375000000000000      -3.44765433384628718E-005
   18.625000000000000      -2.14599922864042885E-005
   18.875000000000000       3.14324264018263098E-005
   19.125000000000000       5.74415450802877715E-005
   19.375000000000000       5.43192534796938721E-005
   19.625000000000000       1.29456665158106852E-005
   19.875000000000000      -3.87595222053430878E-005
   20.125000000000000      -8.62294742003012901E-005
   20.375000000000000      -9.58528115237596397E-005
   20.625000000000000      -5.71383396948824465E-005
   20.875000000000000       3.18538980542774151E-005
   21.125000000000000       1.14752656156818090E-004
   21.375000000000000       1.75760058677180666E-004
   21.625000000000000       1.93127946278462729E-004
   21.875000000000000       1.19110303716109191E-004
   22.125000000000000      -1.60814615837321577E-005
   22.375000000000000      -2.08172805500384558E-004
   22.625000000000000      -3.94264377206735863E-004
   22.875000000000000      -5.48758219247546435E-004
   23.125000000000000      -6.14053164315826175E-004
   23.375000000000000      -5.29954703656144110E-004
   23.625000000000000      -2.52120861347832894E-004
   23.875000000000000       2.30572978750784861E-004
   24.125000000000000       9.61722147639505471E-004
   24.375000000000000       1.96427860247736993E-003
   24.625000000000000       3.22736081454877248E-003
   24.875000000000000       4.77051740082321679E-003
   25.125000000000000       6.56511608244868608E-003
   25.375000000000000       8.64118206633277333E-003
   25.625000000000000       1.09675202908195053E-002
   25.875000000000000       1.35198509872358139E-002
   26.125000000000000       1.62998725226464920E-002
   26.375000000000000       1.92943397115979166E-002
   26.625000000000000       2.24787894832839119E-002
   26.875000000000000       2.58231142132459984E-002
   27.125000000000000       2.93201724983464182E-002
   27.375000000000000       3.29401921502628231E-002
   27.625000000000000       3.66849643853162516E-002
   27.875000000000000       4.04941830527350763E-002
   28.125000000000000       4.43545553811759141E-002
   28.375000000000000       4.82671879298584433E-002
   28.625000000000000       5.21854073882673380E-002
   28.875000000000000       5.60945429948244978E-002
   29.125000000000000       5.99531519811223185E-002
   29.375000000000000       6.37525399328823378E-002
   29.625000000000000       6.74752932837263536E-002
   29.875000000000000       7.10984753528108027E-002
   30.125000000000000       7.45765897531908833E-002
   30.375000000000000       7.78935700526559027E-002
   30.625000000000000       8.10590055508070700E-002
   30.875000000000000       8.40266909850945626E-002
   31.125000000000000       8.67928338975414437E-002
   31.375000000000000       8.93199344658925642E-002
   31.625000000000000       9.15922366830377865E-002
   31.875000000000000       9.36283803988533780E-002
   32.125000000000000       9.54008401455987698E-002
   32.375000000000000       9.68897684765456235E-002
   32.625000000000000       9.80727990962948215E-002
   32.875000000000000       9.89628031414419018E-002
   33.125000000000000       9.95556030647476442E-002
   33.375000000000000       9.98533772093791461E-002
   33.625000000000000       9.98540909251386527E-002
   33.875000000000000       9.95161802156124958E-002
   34.125000000000000       9.88721453846077847E-002
   34.375000000000000       9.79381854705823895E-002
   34.625000000000000       9.67155070624411140E-002
   34.875000000000000       9.52186295783727654E-002
   35.125000000000000       9.34293995515902420E-002
   35.375000000000000       9.13561687471409756E-002
   35.625000000000000       8.90170045010681699E-002
   35.875000000000000       8.64572490600232502E-002
   36.125000000000000       8.36945923672291064E-002
   36.375000000000000       8.07172977593321184E-002
   36.625000000000000       7.75517054336020417E-002
   36.875000000000000       7.41889872341247036E-002
   37.125000000000000       7.06581723867014677E-002
   37.375000000000000       6.70227486418764895E-002
   37.625000000000000       6.33020621248243792E-002
   37.875000000000000       5.95185542367696399E-002
   38.125000000000000       5.56728901408119897E-002
   38.375000000000000       5.17723645104923164E-002
   38.625000000000000       4.78324243859936798E-002
   38.875000000000000       4.38796877048966832E-002
   39.125000000000000       3.99895795444797225E-002
   39.375000000000000       3.61910748740562199E-002
   39.625000000000000       3.25015996076641403E-002
   39.875000000000000       2.89516214324641585E-002
   40.125000000000000       2.55169999089488869E-002
   40.375000000000000       2.21917666007913246E-002
   40.625000000000000       1.89919603000022127E-002
   40.875000000000000       1.59453102779918941E-002
   41.125000000000000       1.31030722209407556E-002
   41.375000000000000       1.05023761614282569E-002
   41.625000000000000       8.20568596976513701E-003
   41.875000000000000       6.25055718877848363E-003
   42.125000000000000       4.61997038022117761E-003
   42.375000000000000       3.32075410535808335E-003
   42.625000000000000       2.32777824462387407E-003
   42.875000000000000       1.58220185353961538E-003
   43.125000000000000       1.04566413527887314E-003
   43.375000000000000       6.70501082585874225E-004
   43.625000000000000       4.21909229308063466E-004
   43.875000000000000       2.61836798688577180E-004
   44.125000000000000       1.48542784633509602E-004
   44.375000000000000       8.58273395836587900E-005
   44.625000000000000       5.57611330095587201E-005
   44.875000000000000       2.66728310063494009E-005
   45.125000000000000       1.16120718279385419E-005
   45.375000000000000       8.37085715594028904E-006
   45.625000000000000       5.59739681354277041E-006
   45.875000000000000       4.24007818485202020E-006
   46.125000000000000      -2.95958316778811761E-006
   46.375000000000000      -1.92148725469563245E-006
   46.625000000000000       6.94327230144218537E-006
   46.875000000000000      -4.11362445726955890E-007
   47.125000000000000      -5.86195025892815047E-006
   47.375000000000000       2.02880905671823204E-006
   47.625000000000000       3.09780827238392928E-006
   47.875000000000000       3.12437156707707109E-007
   48.125000000000000      -2.55596343146994550E-006
   48.375000000000000      -3.61383187741595622E-006
   48.625000000000000       5.05184283391535241E-006
   48.875000000000000       4.28022813431269312E-006
   49.125000000000000      -7.06960571815626893E-006
   49.375000000000000      -2.66640693679277134E-006
   49.625000000000000       5.67973542329251804E-006
   49.875000000000000       2.13887385404883801E-006
   50.125000000000000      -1.86522192595890563E-006
   50.375000000000000      -4.53567513194641801E-006
   50.625000000000000      -1.25307264990753747E-006
   50.875000000000000       8.00792106981984076E-006
   51.125000000000000       2.22780381291472860E-006
   51.375000000000000      -9.15712014844490807E-006
   51.625000000000000      -2.48163672240112060E-006
   51.875000000000000       6.37337831660235430E-006
   52.125000000000000       4.09845376501375043E-006
   52.375000000000000      -8.87255028189403643E-007
   52.625000000000000      -7.08998257822393687E-006
   52.875000000000000      -4.74060877615448742E-006
   53.125000000000000       8.93857784449715238E-006
   53.375000000000000       8.48750052209198401E-006
   53.625000000000000      -6.64279887179975748E-006
   53.875000000000000      -9.33822286948779745E-006
   54.125000000000000      -5.36025630897468723E-007
   54.375000000000000       6.70021193491329730E-006
   54.625000000000000       9.59627880407160023E-006
   54.875000000000000      -3.99496384459668431E-007
   55.125000000000000      -1.46698333159755037E-005
   55.375000000000000      -7.88953249770220985E-006
   55.625000000000000       1.04184039602929311E-005
   55.875000000000000       1.32079136497838477E-005
   56.125000000000000       3.03184695434948092E-006
   56.375000000000000      -9.07082972027040326E-006
   56.625000000000000      -1.68230043066126783E-005
   56.875000000000000      -5.85596865743622837E-006
   57.125000000000000       1.71296878567133589E-005
   57.375000000000000       2.07068860375923437E-005
   57.625000000000000       1.42893774442259882E-006
   57.875000000000000      -1.65170917612482762E-005
   58.125000000000000      -2.22256655729737539E-005
   58.375000000000000      -1.17609490847307574E-005
   58.625000000000000       1.55914857445799318E-005
   58.875000000000000       3.45616832863089387E-005
   59.125000000000000       2.05364455042842959E-005
   59.375000000000000      -1.14519563552312942E-005
   59.625000000000000      -3.43265267628213198E-005
   59.875000000000000      -3.84292045311248256E-005
   60.125000000000000      -1.67837865372872711E-005
   60.375000000000000       2.72090910748881671E-005
   60.625000000000000       6.03014159763673086E-005
   60.875000000000000       5.30709459097893576E-005
   61.125000000000000       1.30943011149018154E-005
   61.375000000000000      -3.88080908122953583E-005
   61.625000000000000      -8.53268121335920684E-005
   61.875000000000000      -9.79780944491359201E-005
   62.125000000000000      -5.42714800318242025E-005
   62.375000000000000       2.93984922125474933E-005
   62.625000000000000       1.15534435636213228E-004
   62.875000000000000       1.77348277111429909E-004
   63.125000000000000       1.89463146932671662E-004
   63.375000000000000       1.23653049155151212E-004
   63.625000000000000      -1.99832498023493532E-005
   63.875000000000000      -2.05964952255692317E-004
   64.125000000000000      -3.94733986107790777E-004
   64.375000000000000      -5.49100855881239211E-004
   64.625000000000000      -6.14163577162870050E-004
   64.875000000000000      -5.28653126135816983E-004
   65.125000000000000      -2.54261679053541679E-004
   65.375000000000000       2.32244449875750741E-004
   65.625000000000000       9.61983343128774981E-004
   65.875000000000000       1.96146095119573323E-003
   66.125000000000000       3.23198557732636959E-003
   66.375000000000000       4.76587834796697498E-003
   66.625000000000000       6.56797226210822666E-003
   66.875000000000000       8.64082268908642273E-003
   67.125000000000000       1.09661380815820712E-002
   67.375000000000000       1.35213726221569547E-002
   67.625000000000000       1.62994361648716515E-002
   67.875000000000000       1.92937857545111661E-002
   68.125000000000000       2.24789984434022871E-002
   68.375000000000000       2.58247196973217449E-002
   68.625000000000000       2.93164821149424389E-002
   68.875000000000000       3.29445516332031868E-002
   69.125000000000000       3.66822213282177040E-002
   69.375000000000000       4.04938030709499353E-002
   69.625000000000000       4.43577152326248836E-002
   69.875000000000000       4.82633721055793496E-002
   70.125000000000000       5.21879773464578867E-002
   70.375000000000000       5.60943016552434698E-002
   70.625000000000000       5.99532887984612350E-002
   70.875000000000000       6.37529679062051741E-002
   71.125000000000000       6.74791802047298717E-002
   71.375000000000000       7.11007691831682664E-002
   71.625000000000000       7.45837941569247598E-002
   71.875000000000000       7.79120068553083300E-002
   72.125000000000000       8.10816539782401591E-002
   72.375000000000000       8.40799218926653741E-002
   72.625000000000000       8.68815441285030882E-002
   72.875000000000000       8.94698553791064000E-002
   73.125000000000000       9.18521794865110042E-002
   73.375000000000000       9.40488224297190839E-002
   73.625000000000000       9.60736295224703524E-002
   73.875000000000000       9.79350705796950549E-002
   74.125000000000000       9.96563677984915186E-002
   74.375000000000000       0.10128568523538450     
   74.625000000000000       0.10287979184678417     
   74.875000000000000       0.10447809394902172     
   75.125000000000000       0.10609414182821338     
   75.375000000000000       0.10772800362619306     
   75.625000000000000       0.10937790147610993     
   75.875000000000000       0.11103407565467555     
   76.125000000000000       0.11266389642154809     
   76.375000000000000       0.11421160517222514     
   76.625000000000000       0.11562175967440835     
   76.875000000000000       0.11686935515247068     
   77.125000000000000       0.11797042136289967     
   77.375000000000000       0.11896354046039527     
   77.625000000000000       0.11987759827586861     
   77.875000000000000       0.12071085477393907     
   78.125000000000000       0.12143467217104188     
   78.375000000000000       0.12201506968703439     
   78.625000000000000       0.12243399602074222     
   78.875000000000000       0.12269614616240160     
   79.125000000000000       0.12281967313798627     
   79.375000000000000       0.12281967313798627     
