  -20.750000000000000        0.0000000000000000     
  -20.500000000000000      -7.62863660798304612E-003
  -20.250000000000000      -1.52460583953553715E-002
  -20.000000000000000      -2.27602052230536159E-002
  -19.750000000000000      -3.01002408034554449E-002
  -19.500000000000000      -3.72708250256109166E-002
  -19.250000000000000      -4.42397944778840785E-002
  -19.000000000000000      -5.09216139255544847E-002
  -18.750000000000000      -5.72715819968138071E-002
  -18.500000000000000      -6.32634466817001417E-002
  -18.250000000000000      -6.88684554514482766E-002
  -18.000000000000000      -7.40899820231762096E-002
  -17.750000000000000      -7.88744625849779890E-002
  -17.500000000000000      -8.31179148514519794E-002
  -17.250000000000000      -8.67979574664177883E-002
  -17.000000000000000      -8.99130216847700836E-002
  -16.750000000000000      -9.24838157413598871E-002
  -16.500000000000000      -9.46069572964842037E-002
  -16.250000000000000      -9.63216922838092821E-002
  -16.000000000000000      -9.76684759016388654E-002
  -15.750000000000000      -9.87011020576589598E-002
  -15.500000000000000      -9.93979112370392687E-002
  -15.250000000000000      -9.97921778072499849E-002
  -15.000000000000000      -9.98784392123944209E-002
  -14.750000000000000      -9.96433064149163938E-002
  -14.500000000000000      -9.91206313978877374E-002
  -14.250000000000000      -9.82758182429379901E-002
  -14.000000000000000      -9.71475944380775225E-002
  -13.750000000000000      -9.57225684096167928E-002
  -13.500000000000000      -9.40126440779962269E-002
  -13.250000000000000      -9.20425158701174140E-002
  -13.000000000000000      -8.97960849948182815E-002
  -12.750000000000000      -8.73246406600680924E-002
  -12.500000000000000      -8.46020957188400591E-002
  -12.250000000000000      -8.16856992823953298E-002
  -12.000000000000000      -7.85574754544885595E-002
  -11.750000000000000      -7.52657801821787764E-002
  -11.500000000000000      -7.18099264014709221E-002
  -11.250000000000000      -6.82238680943592912E-002
  -11.000000000000000      -6.45249577204169145E-002
  -10.750000000000000      -6.07337530957067148E-002
  -10.500000000000000      -5.68817438919298410E-002
  -10.250000000000000      -5.29799448632318759E-002
  -10.000000000000000      -4.90684791549817270E-002
  -9.7500000000000000      -4.51533479644951330E-002
  -9.5000000000000000      -4.12775693251091202E-002
  -9.2500000000000000      -3.74466791900865126E-002
  -9.0000000000000000      -3.37008351516313032E-002
  -8.7500000000000000      -3.00497222252582366E-002
  -8.5000000000000000      -2.65248480195460073E-002
  -8.2500000000000000      -2.31445364717773744E-002
  -8.0000000000000000      -1.99265099809658036E-002
  -7.7500000000000000      -1.69007548245820247E-002
  -7.5000000000000000      -1.40689282588162372E-002
  -7.2500000000000000      -1.14712004484031800E-002
  -7.0000000000000000      -9.09741884894042785E-003
  -6.7500000000000000      -6.98814261530245409E-003
  -6.5000000000000000      -5.13489198381797234E-003
  -6.2500000000000000      -3.55958267681436924E-003
  -6.0000000000000000      -2.27355020618158054E-003
  -5.7500000000000000      -1.25866546835200687E-003
  -5.5000000000000000      -5.50159317712962210E-004
  -5.2500000000000000      -7.97411425098172144E-005
  -5.0000000000000000       1.27726415252159796E-004
  -4.7500000000000000       1.77174791461673809E-004
  -4.5000000000000000       1.07186088308151373E-004
  -4.2500000000000000       9.34629549329270520E-006
  -4.0000000000000000      -4.40918254306045185E-005
  -3.7500000000000000      -4.57022578956648359E-005
  -3.5000000000000000      -9.85401414217773532E-006
  -3.2500000000000000       3.09858115742959556E-005
  -3.0000000000000000       1.16251265691601968E-005
  -2.7500000000000000      -2.84916346072473217E-006
  -2.5000000000000000      -1.52679782551445553E-005
  -2.2500000000000000      -4.70486751877467914E-006
  -2.0000000000000000       1.44298964877496125E-005
  -1.7500000000000000       5.69481461299181221E-006
  -1.5000000000000000      -1.63779919715611089E-005
  -1.2500000000000000       2.57678378263817016E-006
  -1.0000000000000000       9.97947241167584917E-006
 -0.75000000000000000      -5.19588488305929315E-006
 -0.50000000000000000      -5.48375883376748297E-006
 -0.25000000000000000       7.41918699149790627E-006
   0.0000000000000000        0.0000000000000000     
  0.25000000000000000      -7.41918699149790627E-006
  0.50000000000000000       5.48375883376748297E-006
  0.75000000000000000       5.19588488305929315E-006
   1.0000000000000000      -9.97947241167584917E-006
   1.2500000000000000      -2.57678378263817016E-006
   1.5000000000000000       1.63779919715611089E-005
   1.7500000000000000      -5.69481461299181221E-006
   2.0000000000000000      -1.44298964877496125E-005
   2.2500000000000000       4.70486751877467914E-006
   2.5000000000000000       1.52679782551445553E-005
   2.7500000000000000       2.84916346072473217E-006
   3.0000000000000000      -1.16251265691601968E-005
   3.2500000000000000      -3.09858115742959556E-005
   3.5000000000000000       9.85401414217773532E-006
   3.7500000000000000       4.57022578956648359E-005
   4.0000000000000000       4.40918254306045185E-005
   4.2500000000000000      -9.34629549329270520E-006
   4.5000000000000000      -1.07186088308151373E-004
   4.7500000000000000      -1.77174791461673809E-004
   5.0000000000000000      -1.27726415252159796E-004
   5.2500000000000000       7.97411425098172144E-005
   5.5000000000000000       5.50159317712962210E-004
   5.7500000000000000       1.25866546835200687E-003
   6.0000000000000000       2.27355020618158054E-003
   6.2500000000000000       3.55958267681436924E-003
   6.5000000000000000       5.13489198381797234E-003
   6.7500000000000000       6.98814261530245409E-003
   7.0000000000000000       9.09741884894042785E-003
   7.2500000000000000       1.14712004484031800E-002
   7.5000000000000000       1.40689282588162372E-002
   7.7500000000000000       1.69007548245820247E-002
   8.0000000000000000       1.99265099809658036E-002
   8.2500000000000000       2.31445364717773744E-002
   8.5000000000000000       2.65248480195460073E-002
   8.7500000000000000       3.00497222252582366E-002
   9.0000000000000000       3.37008351516313032E-002
   9.2500000000000000       3.74466791900865126E-002
   9.5000000000000000       4.12775693251091202E-002
   9.7500000000000000       4.51533479644951330E-002
   10.000000000000000       4.90684791549817270E-002
   10.250000000000000       5.29799448632318759E-002
   10.500000000000000       5.68817438919298410E-002
   10.750000000000000       6.07337530957067148E-002
   11.000000000000000       6.45249577204169145E-002
   11.250000000000000       6.82238680943593190E-002
   11.500000000000000       7.18099264014710470E-002
   11.750000000000000       7.52657801821797895E-002
   12.000000000000000       7.85574754544956788E-002
   12.250000000000000       8.16856992824412098E-002
   12.500000000000000       8.46020957191196965E-002
   12.750000000000000       8.73246406616786652E-002
   13.000000000000000       8.97960850035791347E-002
   13.250000000000000       9.20425159150973921E-002
   13.500000000000000       9.40126442958096470E-002
   13.750000000000000       9.57225694036546865E-002
   14.000000000000000       9.71475987097255855E-002
   14.250000000000000       9.82758355109727699E-002
   14.500000000000000       9.91206969947848598E-002
   14.750000000000000       9.96435403040410589E-002
   15.000000000000000       9.98792209665900488E-002
   15.250000000000000       9.97946238487859294E-002
   15.500000000000000       9.94050651636198823E-002
   15.750000000000000       9.87206285153121171E-002
   16.000000000000000       9.77181327722372317E-002
   16.250000000000000       9.64391488624943838E-002
   16.500000000000000       9.48649486998552338E-002
   16.750000000000000       9.30092717987614781E-002
   17.000000000000000       9.09043921302245816E-002
   17.250000000000000       8.85302886922556126E-002
   17.500000000000000       8.59250612212952292E-002
   17.750000000000000       8.31073685042723054E-002
   18.000000000000000       8.00681061510931658E-002
   18.250000000000000       7.68545736511137417E-002
   18.500000000000000       7.34808633807522704E-002
   18.750000000000000       6.99455985803681402E-002
   19.000000000000000       6.62982439799391920E-002
   19.250000000000000       6.25575146508161595E-002
   19.500000000000000       5.87223958174753619E-002
   19.750000000000000       5.48392656037598042E-002
   20.000000000000000       5.09396122386701206E-002
   20.250000000000000       4.70200878920155954E-002
   20.500000000000000       4.31127374918278475E-002
   20.750000000000000       3.92652448603587126E-002
   21.000000000000000       3.54841008838448005E-002
   21.250000000000000       3.17740294966602499E-002
   21.500000000000000       2.81794070156165012E-002
   21.750000000000000       2.47390248003043628E-002
   22.000000000000000       2.14515707918644348E-002
   22.250000000000000       1.83177201729320775E-002
   22.500000000000000       1.53766300543847333E-002
   22.750000000000000       1.26740165835543001E-002
   23.000000000000000       1.02174166990521200E-002
   23.250000000000000       7.98611819966546684E-003
   23.500000000000000       5.97812412791697174E-003
   23.750000000000000       4.23290591929436841E-003
   24.000000000000000       2.80714636984326880E-003
   24.250000000000000       1.73233122583784250E-003
   24.500000000000000       9.91370445454497172E-004
   24.750000000000000       5.25456057401611993E-004
   25.000000000000000       2.57991403371032218E-004
   25.250000000000000       1.17456578685134921E-004
   25.500000000000000       4.96568705983942252E-005
   25.750000000000000       1.95264576531883926E-005
   26.000000000000000       7.15392658062142285E-006
   26.250000000000000       2.44604153599127584E-006
   26.500000000000000       7.81754195606472036E-007
   26.750000000000000       2.33889124666391985E-007
   27.000000000000000       6.55968971357418194E-008
   27.250000000000000       1.72680347922480114E-008
   27.500000000000000       4.27164808948853665E-009
   27.750000000000000       9.94037832488557635E-010
   28.000000000000000       2.17813410146526372E-010
   28.250000000000000       4.49799964378018120E-011
   28.500000000000000       8.76087856975314300E-012
   28.750000000000000       1.61054560458070260E-012
   29.000000000000000       2.79617394818095334E-013
   29.250000000000000       4.58729043245587313E-014
   29.500000000000000       7.11462390919342415E-015
   29.750000000000000       1.04357283462869875E-015
   30.000000000000000       1.44813698889250817E-016
   30.250000000000000       1.90161973789384960E-017
   30.500000000000000       2.36345044300407321E-018
   30.750000000000000       2.78054905803750138E-019
   31.000000000000000       3.09670010261574286E-020
   31.250000000000000       3.26472227126241662E-021
   31.500000000000000       3.25788811136906251E-022
   31.750000000000000       3.07682656068817940E-023
   32.000000000000000       2.74947565083912876E-024
   32.250000000000000       2.32406238377872995E-025
   32.500000000000000       1.85752385895076235E-026
   32.750000000000000       1.40317698473549663E-027
   33.000000000000000       1.00126206339919086E-028
   33.250000000000000       6.74476691393514977E-030
   33.500000000000000       4.28602470104428343E-031
   33.750000000000000       2.56714494456656503E-032
   34.000000000000000       1.44791983180658839E-033
   34.250000000000000       7.68199234451173938E-035
   34.500000000000000       3.82927286802331069E-036
   34.750000000000000       1.79095381635007512E-037
   35.000000000000000       7.84725399652981580E-039
   35.250000000000000       3.21568809026810831E-040
   35.500000000000000       1.23003572592657685E-041
   35.750000000000000       4.38235638049431297E-043
   36.000000000000000       1.45070808950475599E-044
   36.250000000000000       4.44967883543878261E-046
   36.500000000000000       1.26060883207325449E-047
   36.750000000000000       3.28672445614247727E-049
   37.000000000000000       7.85356996637359957E-051
   37.250000000000000       1.71155441606896343E-052
   37.500000000000000       3.38277763351410981E-054
   37.750000000000000       6.02285297105980919E-056
   38.000000000000000       9.58259506723138668E-058
   38.250000000000000       1.34914385982975866E-059
   38.500000000000000       1.66049128224787348E-061
   38.750000000000000       1.75905676498284727E-063
   39.000000000000000       1.57156213400636298E-065
   39.250000000000000       1.15147093840064798E-067
   39.500000000000000       6.64367777004030046E-070
   39.750000000000000       2.83048156183113263E-072
   40.000000000000000       7.91670001596110249E-075
   40.250000000000000       1.09045454765304379E-077
   40.500000000000000        0.0000000000000000     
   40.750000000000000        0.0000000000000000     
   41.000000000000000        0.0000000000000000     
   41.250000000000000        0.0000000000000000     
   41.500000000000000        0.0000000000000000     
   41.750000000000000        0.0000000000000000     
   42.000000000000000        0.0000000000000000     
   42.250000000000000        0.0000000000000000     
   42.500000000000000        0.0000000000000000     
   42.750000000000000        0.0000000000000000     
   43.000000000000000        0.0000000000000000     
   43.250000000000000        0.0000000000000000     
   43.500000000000000        0.0000000000000000     
   43.750000000000000        0.0000000000000000     
   44.000000000000000        0.0000000000000000     
   44.250000000000000        0.0000000000000000     
   44.500000000000000        0.0000000000000000     
   44.750000000000000        0.0000000000000000     
   45.000000000000000        0.0000000000000000     
   45.250000000000000        0.0000000000000000     
   45.500000000000000        0.0000000000000000     
   45.750000000000000        0.0000000000000000     
   46.000000000000000        0.0000000000000000     
   46.250000000000000        0.0000000000000000     
   46.500000000000000        0.0000000000000000     
   46.750000000000000        0.0000000000000000     
   47.000000000000000        0.0000000000000000     
   47.250000000000000        0.0000000000000000     
   47.500000000000000        0.0000000000000000     
   47.750000000000000        0.0000000000000000     
   48.000000000000000        0.0000000000000000     
   48.250000000000000        0.0000000000000000     
   48.500000000000000        0.0000000000000000     
   48.750000000000000        0.0000000000000000     
   49.000000000000000        0.0000000000000000     
   49.250000000000000        0.0000000000000000     
   49.500000000000000        0.0000000000000000     
   49.750000000000000        0.0000000000000000     
   50.000000000000000        0.0000000000000000     
   50.250000000000000        0.0000000000000000     
   50.500000000000000        0.0000000000000000     
   50.750000000000000        0.0000000000000000     
   51.000000000000000        0.0000000000000000     
   51.250000000000000        0.0000000000000000     
   51.500000000000000        0.0000000000000000     
   51.750000000000000        0.0000000000000000     
   52.000000000000000        0.0000000000000000     
   52.250000000000000        0.0000000000000000     
   52.500000000000000        0.0000000000000000     
   52.750000000000000        0.0000000000000000     
   53.000000000000000        0.0000000000000000     
   53.250000000000000        0.0000000000000000     
   53.500000000000000        0.0000000000000000     
   53.750000000000000        0.0000000000000000     
   54.000000000000000        0.0000000000000000     
   54.250000000000000        0.0000000000000000     
   54.500000000000000        0.0000000000000000     
   54.750000000000000        0.0000000000000000     
   55.000000000000000        0.0000000000000000     
   55.250000000000000        0.0000000000000000     
   55.500000000000000        0.0000000000000000     
   55.750000000000000        0.0000000000000000     
   56.000000000000000        0.0000000000000000     
   56.250000000000000        0.0000000000000000     
   56.500000000000000        0.0000000000000000     
   56.750000000000000        0.0000000000000000     
   57.000000000000000        0.0000000000000000     
   57.250000000000000        0.0000000000000000     
   57.500000000000000        0.0000000000000000     
   57.750000000000000        0.0000000000000000     
   58.000000000000000        0.0000000000000000     
   58.250000000000000        0.0000000000000000     
   58.500000000000000        0.0000000000000000     
   58.750000000000000        0.0000000000000000     
   59.000000000000000        0.0000000000000000     
   59.250000000000000        0.0000000000000000     
   59.500000000000000        0.0000000000000000     
   59.750000000000000        0.0000000000000000     
   60.000000000000000        0.0000000000000000     
   60.250000000000000        0.0000000000000000     
   60.500000000000000        0.0000000000000000     
   60.750000000000000        0.0000000000000000     
   61.000000000000000        0.0000000000000000     
   61.250000000000000        0.0000000000000000     
   61.500000000000000        0.0000000000000000     
   61.750000000000000        0.0000000000000000     
   62.000000000000000        0.0000000000000000     
   62.250000000000000        0.0000000000000000     
   62.500000000000000        0.0000000000000000     
   62.750000000000000        0.0000000000000000     
   63.000000000000000        0.0000000000000000     
   63.250000000000000        0.0000000000000000     
   63.500000000000000        0.0000000000000000     
   63.750000000000000        0.0000000000000000     
   64.000000000000000        0.0000000000000000     
   64.250000000000000        0.0000000000000000     
   64.500000000000000        0.0000000000000000     
   64.750000000000000        0.0000000000000000     
   65.000000000000000        0.0000000000000000     
   65.250000000000000        0.0000000000000000     
   65.500000000000000        0.0000000000000000     
   65.750000000000000        0.0000000000000000     
   66.000000000000000        0.0000000000000000     
   66.250000000000000        0.0000000000000000     
   66.500000000000000        0.0000000000000000     
   66.750000000000000        0.0000000000000000     
   67.000000000000000        0.0000000000000000     
   67.250000000000000        0.0000000000000000     
   67.500000000000000        0.0000000000000000     
   67.750000000000000        0.0000000000000000     
   68.000000000000000        0.0000000000000000     
   68.250000000000000        0.0000000000000000     
   68.500000000000000        0.0000000000000000     
   68.750000000000000        0.0000000000000000     
   69.000000000000000        0.0000000000000000     
   69.250000000000000        0.0000000000000000     
   69.500000000000000        0.0000000000000000     
   69.750000000000000        0.0000000000000000     
   70.000000000000000        0.0000000000000000     
   70.250000000000000        0.0000000000000000     
   70.500000000000000        0.0000000000000000     
   70.750000000000000        0.0000000000000000     
   71.000000000000000        0.0000000000000000     
   71.250000000000000        0.0000000000000000     
   71.500000000000000        0.0000000000000000     
   71.750000000000000        0.0000000000000000     
   72.000000000000000        0.0000000000000000     
   72.250000000000000        0.0000000000000000     
   72.500000000000000        0.0000000000000000     
   72.750000000000000        0.0000000000000000     
   73.000000000000000        0.0000000000000000     
   73.250000000000000        0.0000000000000000     
   73.500000000000000        0.0000000000000000     
   73.750000000000000        0.0000000000000000     
   74.000000000000000        0.0000000000000000     
   74.250000000000000        0.0000000000000000     
   74.500000000000000        0.0000000000000000     
   74.750000000000000        0.0000000000000000     
   75.000000000000000        0.0000000000000000     
   75.250000000000000        0.0000000000000000     
   75.500000000000000        0.0000000000000000     
   75.750000000000000        0.0000000000000000     
   76.000000000000000        0.0000000000000000     
   76.250000000000000        0.0000000000000000     
   76.500000000000000        0.0000000000000000     
   76.750000000000000        0.0000000000000000     
   77.000000000000000        0.0000000000000000     
   77.250000000000000        0.0000000000000000     
   77.500000000000000        0.0000000000000000     
   77.750000000000000        0.0000000000000000     
   78.000000000000000        0.0000000000000000     
   78.250000000000000        0.0000000000000000     
   78.500000000000000        0.0000000000000000     
   78.750000000000000        0.0000000000000000     
   79.000000000000000        0.0000000000000000     
   79.250000000000000        0.0000000000000000     
