  -20.750000000000000        0.0000000000000000     
  -20.500000000000000       1.76372600050920094E-003
  -20.250000000000000       3.56108163780410186E-003
  -20.000000000000000       5.38779562554833093E-003
  -19.750000000000000       7.31846702975004482E-003
  -19.500000000000000       9.37227160116643580E-003
  -19.250000000000000       1.16132064195961036E-002
  -19.000000000000000       1.41012465522710861E-002
  -18.750000000000000       1.68477906776597769E-002
  -18.500000000000000       1.98751163726622049E-002
  -18.250000000000000       2.31365076737291148E-002
  -18.000000000000000       2.65781603363985028E-002
  -17.750000000000000       3.01354175792985270E-002
  -17.500000000000000       3.37811722190607677E-002
  -17.250000000000000       3.74910515883301945E-002
  -17.000000000000000       4.12922368615463858E-002
  -16.750000000000000       4.51833582496903030E-002
  -16.500000000000000       4.91056639196420300E-002
  -16.250000000000000       5.30532925779721443E-002
  -16.000000000000000       5.69348910915220482E-002
  -15.750000000000000       6.07694714346808940E-002
  -15.500000000000000       6.45559512323174850E-002
  -15.250000000000000       6.82633267038244285E-002
  -15.000000000000000       7.18619802743750147E-002
  -14.750000000000000       7.53100370210022796E-002
  -14.500000000000000       7.85936699843743647E-002
  -14.250000000000000       8.17009475949605768E-002
  -14.000000000000000       8.46513203797291391E-002
  -13.750000000000000       8.73540152484982013E-002
  -13.500000000000000       8.98260960829926763E-002
  -13.250000000000000       9.20546822513331892E-002
  -13.000000000000000       9.40425257470736964E-002
  -12.750000000000000       9.57402697879101983E-002
  -12.500000000000000       9.71623949314509572E-002
  -12.250000000000000       9.82876691625922255E-002
  -12.000000000000000       9.91216030353381794E-002
  -11.750000000000000       9.96572864079721538E-002
  -11.500000000000000       9.98779406082445920E-002
  -11.250000000000000       9.97883297113672657E-002
  -11.000000000000000       9.93989818296575345E-002
  -10.750000000000000       9.87137458923708633E-002
  -10.500000000000000       9.77069605530372365E-002
  -10.250000000000000       9.64168689979640753E-002
  -10.000000000000000       9.48435334158689164E-002
  -9.7500000000000000       9.29973906575122106E-002
  -9.5000000000000000       9.08687699501259938E-002
  -9.2500000000000000       8.85033137506363587E-002
  -9.0000000000000000       8.58943941101028841E-002
  -8.7500000000000000       8.30722806723658558E-002
  -8.5000000000000000       8.00369822656371160E-002
  -8.2500000000000000       7.68147244447347638E-002
  -8.0000000000000000       7.34282483555907112E-002
  -7.7500000000000000       6.99168457772180452E-002
  -7.5000000000000000       6.62655679605929915E-002
  -7.2500000000000000       6.24951813058371927E-002
  -7.0000000000000000       5.86735592032303355E-002
  -6.7500000000000000       5.48077336363533563E-002
  -6.5000000000000000       5.08987937238585958E-002
  -6.2500000000000000       4.69687197191829345E-002
  -6.0000000000000000       4.30661563860845475E-002
  -5.7500000000000000       3.92070767450237723E-002
  -5.5000000000000000       3.54468897151780926E-002
  -5.2500000000000000       3.17554424534165075E-002
  -5.0000000000000000       2.81465362147267500E-002
  -4.7500000000000000       2.46770008471638505E-002
  -4.5000000000000000       2.13753130300472841E-002
  -4.2500000000000000       1.82836992002484190E-002
  -4.0000000000000000       1.53949708364151325E-002
  -3.7500000000000000       1.27007291437107803E-002
  -3.5000000000000000       1.01763101768260825E-002
  -3.2500000000000000       7.90110159013375155E-003
  -3.0000000000000000       5.86577096671536333E-003
  -2.7500000000000000       4.18159709461829541E-003
  -2.5000000000000000       2.83458589198892557E-003
  -2.2500000000000000       1.82449403830152912E-003
  -2.0000000000000000       1.12740577968458615E-003
  -1.7500000000000000       6.51558680772500328E-004
  -1.5000000000000000       3.65234292553181204E-004
  -1.2500000000000000       1.94128460910986497E-004
  -1.0000000000000000       9.38692322687347956E-005
 -0.75000000000000000       5.07710298512727587E-005
 -0.50000000000000000       1.81458876903533629E-005
 -0.25000000000000000       1.14049290098041599E-005
   0.0000000000000000       3.99517556819258796E-006
  0.25000000000000000      -3.11585699913702502E-007
  0.50000000000000000       4.01699320734451314E-006
  0.75000000000000000      -3.73093823341729356E-006
   1.0000000000000000       3.41466900054099009E-006
   1.2500000000000000      -1.44541835892438236E-006
   1.5000000000000000      -1.16425841735875514E-006
   1.7500000000000000       3.71184559286683020E-006
   2.0000000000000000      -4.99732269085653701E-006
   2.2500000000000000       4.15852129910692642E-006
   2.5000000000000000      -1.08032813788167528E-006
   2.7500000000000000      -3.30032711941917013E-006
   3.0000000000000000       7.25730687029559978E-006
   3.2500000000000000      -9.05526755656930946E-006
   3.5000000000000000       7.92367129236471850E-006
   3.7500000000000000      -4.63252400967997970E-006
   4.0000000000000000       1.18032245995868777E-006
   4.2500000000000000       3.99554829343525960E-007
   4.5000000000000000       5.54737615531132572E-007
   4.7500000000000000      -2.73232266878651979E-006
   5.0000000000000000       3.69918010451017294E-006
   5.2500000000000000      -1.80774182304666755E-006
   5.5000000000000000      -2.23967852177055883E-006
   5.7500000000000000       5.63461500215045699E-006
   6.0000000000000000      -5.68183340399741402E-006
   6.2500000000000000       2.32113827737898069E-006
   6.5000000000000000       1.44585491802954974E-006
   6.7500000000000000      -2.10028593001691782E-006
   7.0000000000000000      -8.92078386312319100E-007
   7.2500000000000000       4.16673990460291739E-006
   7.5000000000000000      -3.67104193388448244E-006
   7.7500000000000000      -8.16324188213129787E-007
   8.0000000000000000       4.89703400676429285E-006
   8.2500000000000000      -4.20436657033178069E-006
   8.5000000000000000      -2.08480010200249502E-007
   8.7500000000000000       2.51548422678807993E-006
   9.0000000000000000       8.42933323172678124E-007
   9.2500000000000000      -6.03271872633928013E-006
   9.5000000000000000       6.18438815390598489E-006
   9.7500000000000000      -8.53015410441571746E-007
   10.000000000000000      -2.44688209894860860E-006
   10.250000000000000      -1.41286784407353102E-006
   10.500000000000000       6.79969115314889217E-006
   10.750000000000000      -4.87773578326888108E-006
   11.000000000000000      -2.18222723675733995E-006
   11.250000000000000       3.28369965323788149E-006
   11.500000000000000       3.43653306470905819E-006
   11.750000000000000      -5.81582972494303747E-006
   12.000000000000000      -1.91681959940432743E-006
   12.250000000000000       7.04203214495108862E-006
   12.500000000000000      -2.78625114378449144E-007
   12.750000000000000      -4.85999318883065844E-006
   13.000000000000000      -3.79425007696569294E-006
   13.250000000000000       1.06906844926139202E-005
   13.500000000000000      -1.49052453342339272E-006
   13.750000000000000      -4.27910981693631643E-006
   14.000000000000000      -8.06542888701330452E-006
   14.250000000000000       1.20184351040819406E-005
   14.500000000000000       3.89902374010012988E-006
   14.750000000000000      -3.61900047891791079E-006
   15.000000000000000      -1.36354294989520227E-005
   15.250000000000000       2.47077904812536547E-006
   15.500000000000000       1.50871117947861086E-005
   15.750000000000000       6.36168299431531007E-006
   16.000000000000000      -9.59519958156489656E-006
   16.250000000000000      -2.30404121762310390E-005
   16.500000000000000       1.87339209547173928E-006
   16.750000000000000       1.93157820884279084E-005
   17.000000000000000       2.92601242938787386E-005
   17.250000000000000      -2.27687027750617400E-006
   17.500000000000000      -3.57727629160289174E-005
   17.750000000000000      -4.38227550440484714E-005
   18.000000000000000      -1.58403194081872543E-005
   18.250000000000000       4.92358397391365018E-005
   18.500000000000000       8.64421080156710841E-005
   18.750000000000000       8.44994798855889135E-005
   19.000000000000000       4.75441000450605648E-006
   19.250000000000000      -1.20726943460819624E-004
   19.500000000000000      -2.43040372356526666E-004
   19.750000000000000      -3.12060943222113333E-004
   20.000000000000000      -2.37146712360549789E-004
   20.250000000000000       1.28948144212326582E-005
   20.500000000000000       5.01046528301730488E-004
   20.750000000000000       1.24977003030193857E-003
   21.000000000000000       2.26477252881081758E-003
   21.250000000000000       3.57397645222541247E-003
   21.500000000000000       5.15064891318767724E-003
   21.750000000000000       7.00640608652797897E-003
   22.000000000000000       9.12923122880994302E-003
   22.250000000000000       1.14924794761353272E-002
   22.500000000000000       1.41060009622755202E-002
   22.750000000000000       1.69322901575453544E-002
   23.000000000000000       1.99615584806779461E-002
   23.250000000000000       2.31857435134682210E-002
   23.500000000000000       2.65623200169902082E-002
   23.750000000000000       3.00915948242544973E-002
   24.000000000000000       3.37453994561447285E-002
   24.250000000000000       3.74887747180526268E-002
   24.500000000000000       4.13214969858402142E-002
   24.750000000000000       4.52026740317787307E-002
   25.000000000000000       4.91075373117376077E-002
   25.250000000000000       5.30302521657958978E-002
   25.500000000000000       5.69252958919404944E-002
   25.750000000000000       6.07758331176752806E-002
   26.000000000000000       6.45710383441122637E-002
   26.250000000000000       6.82657974828724812E-002
   26.500000000000000       7.18483448448761219E-002
   26.750000000000000       7.53064180205234301E-002
   27.000000000000000       7.85975690081144873E-002
   27.250000000000000       8.17129660300646987E-002
   27.500000000000000       8.46432549508421284E-002
   27.750000000000000       8.73497361386813415E-002
   28.000000000000000       8.98246055584591141E-002
   28.250000000000000       9.20653729358258122E-002
   28.500000000000000       9.40387314969967358E-002
   28.750000000000000       9.57354097947213378E-002
   29.000000000000000       9.71621163063365600E-002
   29.250000000000000       9.82947111947371499E-002
   29.500000000000000       9.91196862157388281E-002
   29.750000000000000       9.96514705782473309E-002
   30.000000000000000       9.98813771413093743E-002
   30.250000000000000       9.97916134110204828E-002
   30.500000000000000       9.93967996024207739E-002
   30.750000000000000       9.87088681565874704E-002
   31.000000000000000       9.77137602441903591E-002
   31.250000000000000       9.64154561301199392E-002
   31.500000000000000       9.48410865337700471E-002
   31.750000000000000       9.29965376421018619E-002
   32.000000000000000       9.08749543382798980E-002
   32.250000000000000       8.84972810319099579E-002
   32.500000000000000       8.58952370434260815E-002
   32.750000000000000       8.30747961565926341E-002
   33.000000000000000       8.00367737856269024E-002
   33.250000000000000       7.68105200781643432E-002
   33.500000000000000       7.34331453895974151E-002
   33.750000000000000       6.99160294530298126E-002
   34.000000000000000       6.62618969186590107E-002
   34.250000000000000       6.24993480457417608E-002
   34.500000000000000       5.86726671248440218E-002
   34.750000000000000       5.48056333504233426E-002
   35.000000000000000       5.09002395787766446E-002
   35.250000000000000       4.69710408574603652E-002
   35.500000000000000       4.30604745526805555E-002
   35.750000000000000       3.92127113600259508E-002
   36.000000000000000       3.54446500366563735E-002
   36.250000000000000       3.17536347115934467E-002
   36.500000000000000       2.81502353948311843E-002
   36.750000000000000       2.46742685244948287E-002
   37.000000000000000       2.13758677676617395E-002
   37.250000000000000       1.82840987550728640E-002
   37.500000000000000       1.53961511588535487E-002
   37.750000000000000       1.26960966196092324E-002
   38.000000000000000       1.01842338477387499E-002
   38.250000000000000       7.89204632105819370E-003
   38.500000000000000       5.87302826770877851E-003
   38.750000000000000       4.17829674551919647E-003
   39.000000000000000       2.83350548442207282E-003
   39.250000000000000       1.82865228239900202E-003
   39.500000000000000       1.12240752323984052E-003
   39.750000000000000       6.55267492238343361E-004
   40.000000000000000       3.64060529673390632E-004
   40.250000000000000       1.92654359637579946E-004
   40.500000000000000       9.72005694438716453E-005
   40.750000000000000       4.68071968471169361E-005
   41.000000000000000       2.15372511467125038E-005
   41.250000000000000       9.47932362780605039E-006
   41.500000000000000       3.99517556824522597E-006
   41.750000000000000       1.61401968213460852E-006
   42.000000000000000       6.25629750940384466E-007
   42.250000000000000       2.32894770666825849E-007
   42.500000000000000       8.33318253783541411E-008
   42.750000000000000       2.86829144986851372E-008
   43.000000000000000       9.50446244596197518E-009
   43.250000000000000       3.03412701579469701E-009
   43.500000000000000       9.33753879834815260E-010
   43.750000000000000       2.77201651772798851E-010
   44.000000000000000       7.94290020018469873E-011
   44.250000000000000       2.19796857580823777E-011
   44.500000000000000       5.87688500860464288E-012
   44.750000000000000       1.51903076275028684E-012
   45.000000000000000       3.79731742303093376E-013
   45.250000000000000       9.18466455422222047E-014
   45.500000000000000       2.15030196811078878E-014
   45.750000000000000       4.87470499686122264E-015
   46.000000000000000       1.07044132218920286E-015
   46.250000000000000       2.27764722222470662E-016
   46.500000000000000       4.69735725714295305E-017
   46.750000000000000       9.39269626004710660E-018
   47.000000000000000       1.82143850013071043E-018
   47.250000000000000       3.42638902478797467E-019
   47.500000000000000       6.25402886289865470E-020
   47.750000000000000       1.10784845842732552E-020
   48.000000000000000       1.90496806847730989E-021
   48.250000000000000       3.18027864378366110E-022
   48.500000000000000       5.15572746634925440E-023
   48.750000000000000       8.11770669240313256E-024
   49.000000000000000       1.24154093544647329E-024
   49.250000000000000       1.84473168554199594E-025
   49.500000000000000       2.66320583736515489E-026
   49.750000000000000       3.73615904675724010E-027
   50.000000000000000       5.09377529610433447E-028
   50.250000000000000       6.74975209850850767E-029
   50.500000000000000       8.69369665419918783E-030
   50.750000000000000       1.08847901582426467E-030
   51.000000000000000       1.32483021768394145E-031
   51.250000000000000       1.56763906336387885E-032
   51.500000000000000       1.80340888831958061E-033
   51.750000000000000       2.01705031864504399E-034
   52.000000000000000       2.19341768293131883E-035
   52.250000000000000       2.31905632039187861E-036
   52.500000000000000       2.38388587415347781E-037
   52.750000000000000       2.38252950537408901E-038
   53.000000000000000       2.31504702287557494E-039
   53.250000000000000       2.18693386048384044E-040
   53.500000000000000       2.00838475970992129E-041
   53.750000000000000       1.79295853111131413E-042
   54.000000000000000       1.55588571478324067E-043
   54.250000000000000       1.31231078316549276E-044
   54.500000000000000       1.07574662267100360E-045
   54.750000000000000       8.56950075885476905E-047
   55.000000000000000       6.63324973229194898E-048
   55.250000000000000       4.98850638328121346E-049
   55.500000000000000       3.64444173138077339E-050
   55.750000000000000       2.58610085190370315E-051
   56.000000000000000       1.78215767636828189E-052
   56.250000000000000       1.19250354796258383E-053
   56.500000000000000       7.74652640780061881E-055
   56.750000000000000       4.88430756317004805E-056
   57.000000000000000       2.98852133914509978E-057
   57.250000000000000       1.77406409407886615E-058
   57.500000000000000       1.02149755919346980E-059
   57.750000000000000       5.70359799905205184E-061
   58.000000000000000       3.08734484721288012E-062
   58.250000000000000       1.61964351412078377E-063
   58.500000000000000       8.23222244117378456E-065
   58.750000000000000       4.05261089030969852E-066
   59.000000000000000       1.93161542360332964E-067
   59.250000000000000       8.91071742676864979E-069
   59.500000000000000       3.97684970975256493E-070
   59.750000000000000       1.71639709325317910E-071
   60.000000000000000       7.16068703182717212E-073
   60.250000000000000       2.88631756060808684E-074
   60.500000000000000       1.12348504447994584E-075
   60.750000000000000       4.22077023702409479E-077
   61.000000000000000       1.52957235114230823E-078
   61.250000000000000       5.34366211103180843E-080
   61.500000000000000       1.79853218238536503E-081
   61.750000000000000       5.82785561651503889E-083
   62.000000000000000       1.81673559943869442E-084
   62.250000000000000       5.44410236384280530E-086
   62.500000000000000       1.56692412905021357E-087
   62.750000000000000       4.32779206545050613E-089
   63.000000000000000       1.14594229035909236E-090
   63.250000000000000       2.90594273552100566E-092
   63.500000000000000       7.04944419996686623E-094
   63.750000000000000       1.63396853745540279E-095
   64.000000000000000       3.61400377090346634E-097
   64.250000000000000       7.61688599727637282E-099
   64.500000000000000       1.52737300017744312E-100
   64.750000000000000       2.90915417384769326E-102
   65.000000000000000       5.25351463703318725E-104
   65.250000000000000       8.97687982254735420E-106
   65.500000000000000       1.44822382139329079E-107
   65.750000000000000       2.20050175120387983E-109
   66.000000000000000       3.14055517599949214E-111
   66.250000000000000       4.19734378013888736E-113
   66.500000000000000       5.23537167099430175E-115
   66.750000000000000       6.07088491743497890E-117
   67.000000000000000       6.51597680441198556E-119
   67.250000000000000       6.44071848511423335E-121
   67.500000000000000       5.82859991207927875E-123
   67.750000000000000       4.79587448317308403E-125
   68.000000000000000       3.55848779666072451E-127
   68.250000000000000       2.35731008988969093E-129
   68.500000000000000       1.37705219646206086E-131
   68.750000000000000       6.98313942809328223E-134
   69.000000000000000       3.01152228224807378E-136
   69.250000000000000       1.07385343148257213E-138
   69.500000000000000       3.03963464089590635E-141
   69.750000000000000       6.40337354957874967E-144
   70.000000000000000       8.92435631435978276E-147
   70.250000000000000       6.17175402099569681E-150
   70.500000000000000        0.0000000000000000     
   70.750000000000000        0.0000000000000000     
   71.000000000000000        0.0000000000000000     
   71.250000000000000        0.0000000000000000     
   71.500000000000000        0.0000000000000000     
   71.750000000000000        0.0000000000000000     
   72.000000000000000        0.0000000000000000     
   72.250000000000000        0.0000000000000000     
   72.500000000000000        0.0000000000000000     
   72.750000000000000        0.0000000000000000     
   73.000000000000000        0.0000000000000000     
   73.250000000000000        0.0000000000000000     
   73.500000000000000        0.0000000000000000     
   73.750000000000000        0.0000000000000000     
   74.000000000000000        0.0000000000000000     
   74.250000000000000        0.0000000000000000     
   74.500000000000000        0.0000000000000000     
   74.750000000000000        0.0000000000000000     
   75.000000000000000        0.0000000000000000     
   75.250000000000000        0.0000000000000000     
   75.500000000000000        0.0000000000000000     
   75.750000000000000        0.0000000000000000     
   76.000000000000000        0.0000000000000000     
   76.250000000000000        0.0000000000000000     
   76.500000000000000        0.0000000000000000     
   76.750000000000000        0.0000000000000000     
   77.000000000000000        0.0000000000000000     
   77.250000000000000        0.0000000000000000     
   77.500000000000000        0.0000000000000000     
   77.750000000000000        0.0000000000000000     
   78.000000000000000        0.0000000000000000     
   78.250000000000000        0.0000000000000000     
   78.500000000000000        0.0000000000000000     
   78.750000000000000        0.0000000000000000     
   79.000000000000000        0.0000000000000000     
   79.250000000000000        0.0000000000000000     
