  -20.750000000000000        0.0000000000000000     
  -20.500000000000000      -1.52828810650166468E-005
  -20.250000000000000       3.54349242718603363E-006
  -20.000000000000000       7.69019180401456642E-006
  -19.750000000000000       7.14314395796040614E-006
  -19.500000000000000      -1.71124111459392832E-005
  -19.250000000000000      -1.74822874765389952E-006
  -19.000000000000000       1.34634216532506872E-005
  -18.750000000000000       1.79296732973909405E-006
  -18.500000000000000      -3.95795619104940919E-006
  -18.250000000000000      -1.44333518301467261E-005
  -18.000000000000000       1.01794941527076093E-005
  -17.750000000000000       4.93779318844843431E-006
  -17.500000000000000       5.00181194274878690E-006
  -17.250000000000000      -3.27602732535420416E-006
  -17.000000000000000      -1.80005782534828408E-005
  -16.750000000000000       3.80268375297874103E-007
  -16.500000000000000       1.51157153930994419E-005
  -16.250000000000000       1.99839595021732931E-005
  -16.000000000000000      -1.04383863349500005E-005
  -15.750000000000000      -2.52924097026636725E-005
  -15.500000000000000      -1.49947703261324981E-005
  -15.250000000000000       1.19448378497591287E-005
  -15.000000000000000       2.66026328359645976E-005
  -14.750000000000000       3.80734009556476437E-005
  -14.500000000000000      -9.03888928586034065E-006
  -14.250000000000000      -4.83054276470493702E-005
  -14.000000000000000      -5.37578426269361967E-005
  -13.750000000000000      -2.94204057222369954E-005
  -13.500000000000000       3.72057361363443867E-005
  -13.250000000000000       9.87970685580596839E-005
  -13.000000000000000       1.19787440166473159E-004
  -12.750000000000000       6.64547702276608373E-005
  -12.500000000000000      -4.27183886399776149E-005
  -12.250000000000000      -1.97234750461028894E-004
  -12.000000000000000      -3.25562721687280084E-004
  -11.750000000000000      -3.89258056375937304E-004
  -11.500000000000000      -2.95114813637945505E-004
  -11.250000000000000      -3.24914875676125565E-005
  -11.000000000000000       4.77322019871634904E-004
  -10.750000000000000       1.23396146818403039E-003
  -10.500000000000000       2.26795546119270023E-003
  -10.250000000000000       3.57100953154960727E-003
  -10.000000000000000       5.16782806100166050E-003
  -9.7500000000000000       7.01648484041420602E-003
  -9.5000000000000000       9.14513608177616906E-003
  -9.2500000000000000       1.15137154988899822E-002
  -9.0000000000000000       1.41262009936267245E-002
  -8.7500000000000000       1.69523916048730378E-002
  -8.5000000000000000       1.99896922010813841E-002
  -8.2500000000000000       2.32078658941794885E-002
  -8.0000000000000000       2.65910912792711174E-002
  -7.7500000000000000       3.01175578110500324E-002
  -7.5000000000000000       3.37752856477946325E-002
  -7.2500000000000000       3.75191465990525330E-002
  -7.0000000000000000       4.13461883931034169E-002
  -6.7500000000000000       4.52395926542881466E-002
  -6.5000000000000000       4.91338218868197368E-002
  -6.2500000000000000       5.30595587437520042E-002
  -6.0000000000000000       5.69565923009033373E-002
  -5.7500000000000000       6.08094450987185925E-002
  -5.5000000000000000       6.45902520954612924E-002
  -5.2500000000000000       6.83024947796855991E-002
  -5.0000000000000000       7.18725279457599620E-002
  -4.7500000000000000       7.53347536143959828E-002
  -4.5000000000000000       7.86120039502258006E-002
  -4.2500000000000000       8.17541283462719370E-002
  -4.0000000000000000       8.46510222843790683E-002
  -3.7500000000000000       8.73716261453452991E-002
  -3.5000000000000000       8.98469084417966857E-002
  -3.2500000000000000       9.20831710326810993E-002
  -3.0000000000000000       9.40449024134073774E-002
  -2.7500000000000000       9.57525083162335672E-002
  -2.5000000000000000       9.71733594578552684E-002
  -2.2500000000000000       9.83016092160699795E-002
  -2.0000000000000000       9.91205341063860768E-002
  -1.7500000000000000       9.96585169742851135E-002
  -1.5000000000000000       9.98816643221627498E-002
  -1.2500000000000000       9.97899259618665879E-002
  -1.0000000000000000       9.93920599383203984E-002
 -0.75000000000000000       9.86984866620175261E-002
 -0.50000000000000000       9.77093035346431188E-002
 -0.25000000000000000       9.64080668017840425E-002
   0.0000000000000000       9.48231882873609988E-002
  0.25000000000000000       9.29751060958381725E-002
  0.50000000000000000       9.08621825581810150E-002
  0.75000000000000000       8.84895317115724223E-002
   1.0000000000000000       8.58671428619637578E-002
   1.2500000000000000       8.30384031125522559E-002
   1.5000000000000000       8.00178939781347881E-002
   1.7500000000000000       7.68006327573296510E-002
   2.0000000000000000       7.34105352029432723E-002
   2.2500000000000000       6.98653859061778432E-002
   2.5000000000000000       6.62251062140426644E-002
   2.7500000000000000       6.24859470773099362E-002
   3.0000000000000000       5.86663351585801976E-002
   3.2500000000000000       5.47668210306131442E-002
   3.5000000000000000       5.08449406076853239E-002
   3.7500000000000000       4.69218600474666514E-002
   4.0000000000000000       4.30600019922456334E-002
   4.2500000000000000       3.92053843641147343E-002
   4.5000000000000000       3.54321833220181612E-002
   4.7500000000000000       3.16854490769791011E-002
   5.0000000000000000       2.80948933410569805E-002
   5.2500000000000000       2.46365466385618515E-002
   5.5000000000000000       2.13858122549468420E-002
   5.7500000000000000       1.83041962506994803E-002
   6.0000000000000000       1.53990037027318463E-002
   6.2500000000000000       1.26541085742660122E-002
   6.5000000000000000       1.01209231878808953E-002
   6.7500000000000000       7.81725607289668681E-003
   7.0000000000000000       5.83471010108877267E-003
   7.2500000000000000       4.17780797063484807E-003
   7.5000000000000000       2.87254424649966561E-003
   7.7500000000000000       1.90031433811709330E-003
   8.0000000000000000       1.19666682985708679E-003
   8.2500000000000000       7.29449017163973654E-004
   8.5000000000000000       4.24938704478825457E-004
   8.7500000000000000       2.35862229968568479E-004
   9.0000000000000000       1.27013952388747820E-004
   9.2500000000000000       6.95152797992037454E-005
   9.5000000000000000       2.68634911909376248E-005
   9.7500000000000000       2.16889095207678631E-005
   10.000000000000000       3.66857094635353310E-006
   10.250000000000000       4.15351471433127705E-006
   10.500000000000000       1.26040999334905208E-006
   10.750000000000000       2.76869021096286737E-006
   11.000000000000000      -5.21105771532806009E-006
   11.250000000000000       7.21993930219508075E-006
   11.500000000000000      -5.59483210709183943E-006
   11.750000000000000       2.20422657461709151E-006
   12.000000000000000       4.52767476578284957E-008
   12.250000000000000       1.05829675778601448E-006
   12.500000000000000      -4.32554940971590495E-006
   12.750000000000000       6.20910429175662656E-006
   13.000000000000000      -4.29726444606979754E-006
   13.250000000000000       6.75555001021953049E-008
   13.500000000000000       2.39160588589282033E-006
   13.750000000000000      -7.93497156142943862E-007
   14.000000000000000      -2.50804835192485380E-006
   14.250000000000000       2.90370704251661192E-006
   14.500000000000000       1.02151759287351094E-006
   14.750000000000000      -5.37436896949580749E-006
   15.000000000000000       5.38779455824647670E-006
   15.250000000000000      -1.53907830705429014E-006
   15.500000000000000      -6.25706721500660343E-007
   15.750000000000000      -2.35325941925225896E-006
   16.000000000000000       6.74206586596091521E-006
   16.250000000000000      -6.19989655945496050E-006
   16.500000000000000       7.77231678328916318E-007
   16.750000000000000       2.50565204612035015E-006
   17.000000000000000       3.56678523508725160E-007
   17.250000000000000      -3.85258606956864661E-006
   17.500000000000000       8.63525491600578235E-007
   17.750000000000000       5.74159180569040642E-006
   18.000000000000000      -6.62267049411062678E-006
   18.250000000000000       9.67094210284528516E-007
   18.500000000000000       1.31126556694073244E-006
   18.750000000000000       3.92531797635605148E-006
   19.000000000000000      -6.82770879526400715E-006
   19.250000000000000       2.23387068753411609E-007
   19.500000000000000       6.29178132759457581E-006
   19.750000000000000      -2.49577028832692137E-006
   20.000000000000000      -2.78943731123450050E-006
   20.250000000000000      -2.56620097862215083E-006
   20.500000000000000       9.14267662927843452E-006
   20.750000000000000      -2.63028848552806711E-006
   21.000000000000000      -6.14020443578555549E-006
   21.250000000000000       9.77291448582076220E-007
   21.500000000000000       4.90075449275416281E-006
   21.750000000000000       4.64737366956149799E-006
   22.000000000000000      -1.08206298183577568E-005
   22.250000000000000      -1.52484167884594788E-006
   22.500000000000000       6.63571285797337998E-006
   22.750000000000000       5.71828530619029168E-006
   23.000000000000000      -2.64669062412090832E-006
   23.250000000000000      -1.34662576198729079E-005
   23.500000000000000       3.55682365865842797E-006
   23.750000000000000       1.06793849940775156E-005
   24.000000000000000       5.86533743430798757E-006
   24.250000000000000      -7.12861339489100911E-006
   24.500000000000000      -1.76438997300794553E-005
   24.750000000000000       2.88592042146568690E-006
   25.000000000000000       1.58929470713529342E-005
   25.250000000000000       1.37840629427813264E-005
   25.500000000000000      -3.69632046896143301E-006
   25.750000000000000      -2.76456691220392810E-005
   26.000000000000000      -1.56204770476839478E-005
   26.250000000000000       1.04057595422064477E-005
   26.500000000000000       3.19904273921738135E-005
   26.750000000000000       3.26990319781253613E-005
   27.000000000000000      -8.01737172350713018E-006
   27.250000000000000      -4.54017207183745624E-005
   27.500000000000000      -5.62658913914568947E-005
   27.750000000000000      -3.02139043348027453E-005
   28.000000000000000       3.95973370190160005E-005
   28.250000000000000       9.88646073352379760E-005
   28.500000000000000       1.15490121356648858E-004
   28.750000000000000       7.26637027010730487E-005
   29.000000000000000      -4.70444657669709772E-005
   29.250000000000000      -1.96178028082082047E-004
   29.500000000000000      -3.25522005137530285E-004
   29.750000000000000      -3.87066647302148660E-004
   30.000000000000000      -3.00744586625487803E-004
   30.250000000000000      -2.53638748933205315E-005
   30.500000000000000       4.71874631571204517E-004
   30.750000000000000       1.23614451324401825E-003
   31.000000000000000       2.26781184022769623E-003
   31.250000000000000       3.57190891003038562E-003
   31.500000000000000       5.16421070999177004E-003
   31.750000000000000       7.02242740954492177E-003
   32.000000000000000       9.13917775880053462E-003
   32.250000000000000       1.15173039776903727E-002
   32.500000000000000       1.41257186186995974E-002
   32.750000000000000       1.69510689609538301E-002
   33.000000000000000       1.99905437888385010E-002
   33.250000000000000       2.32091157660482376E-002
   33.500000000000000       2.65877996116709592E-002
   33.750000000000000       3.01212724299928722E-002
   34.000000000000000       3.37732449737242063E-002
   34.250000000000000       3.75181991486140815E-002
   34.500000000000000       4.13499769974401410E-002
   34.750000000000000       4.52343548247111787E-002
   35.000000000000000       4.91387479291486295E-002
   35.250000000000000       5.30560958061806337E-002
   35.500000000000000       5.69586072223701861E-002
   35.750000000000000       6.08077898527110763E-002
   36.000000000000000       6.45930956859727956E-002
   36.250000000000000       6.82972309825235213E-002
   36.500000000000000       7.18805653043864956E-002
   36.750000000000000       7.53245979863962217E-002
   37.000000000000000       7.86229111388217772E-002
   37.250000000000000       8.17440059819544151E-002
   37.500000000000000       8.46591901325828566E-002
   37.750000000000000       8.73658877921927035E-002
   38.000000000000000       8.98504702817570777E-002
   38.250000000000000       9.20810274324427025E-002
   38.500000000000000       9.40465365000741904E-002
   38.750000000000000       9.57506650364834400E-002
   39.000000000000000       9.71757279805022106E-002
   39.250000000000000       9.82988380469264483E-002
   39.500000000000000       9.91232687574816057E-002
   39.750000000000000       9.96563607195152246E-002
   40.000000000000000       9.98828193928555930E-002
   40.250000000000000       9.97899185785949272E-002
   40.500000000000000       9.93911000340690354E-002
   40.750000000000000       9.86999670975439863E-002
   41.000000000000000       9.77078721941759543E-002
   41.250000000000000       9.64089340630434055E-002
   41.500000000000000       9.48231882873610404E-002
   41.750000000000000       9.29742388345788373E-002
   42.000000000000000       9.08636138986482489E-002
   42.250000000000000       8.84880512760460314E-002
   42.500000000000000       8.58681027662150098E-002
   42.750000000000000       8.30384104958237779E-002
   43.000000000000000       8.00167389074420143E-002
   43.250000000000000       7.68027890120996093E-002
   43.500000000000000       7.34078005518477156E-002
   43.750000000000000       6.98681570753214437E-002
   44.000000000000000       6.62227376913957777E-002
   44.250000000000000       6.24877903570600218E-002
   44.500000000000000       5.86647010719133083E-002
   44.750000000000000       5.47689646308514438E-002
   45.000000000000000       5.08413787677250081E-002
   45.250000000000000       4.69275984006192748E-002
   45.500000000000000       4.30518341440418381E-002
   45.750000000000000       3.92155067284323394E-002
   46.000000000000000       3.54212761334222470E-002
   46.250000000000000       3.16956047049789871E-002
   46.500000000000000       2.80868559824306099E-002
   46.750000000000000       2.46418104357238738E-002
   47.000000000000000       2.13829686644353492E-002
   47.250000000000000       1.83058514967069444E-002
   47.500000000000000       1.53969887812650183E-002
   47.750000000000000       1.26575715118373757E-002
   48.000000000000000       1.01159971455520060E-002
   48.250000000000000       7.82249390247370148E-003
   48.500000000000000       5.83092149675203120E-003
   48.750000000000000       4.17875542107316519E-003
   49.000000000000000       2.87458492057009922E-003
   49.250000000000000       1.89659971917431006E-003
   49.500000000000000       1.19995849745722764E-003
   49.750000000000000       7.28199145295317565E-004
   50.000000000000000       4.24087116721641975E-004
   50.250000000000000       2.37184873887789780E-004
   50.500000000000000       1.27496327315778106E-004
   50.750000000000000       6.59268009988293223E-005
   51.000000000000000       3.28218141667533872E-005
   51.250000000000000       1.57463403900083023E-005
   51.500000000000000       7.28592195627487618E-006
   51.750000000000000       3.25413623355742088E-006
   52.000000000000000       1.40403095834306432E-006
   52.250000000000000       5.85645150912853273E-007
   52.500000000000000       2.36330585154271597E-007
   52.750000000000000       9.23266279132920205E-008
   53.000000000000000       3.49408805263767962E-008
   53.250000000000000       1.28175007894151594E-008
   53.500000000000000       4.56019793126601369E-009
   53.750000000000000       1.57437882271428917E-009
   54.000000000000000       5.27717310480664132E-010
   54.250000000000000       1.71818177374728361E-010
   54.500000000000000       5.43638459265904838E-011
   54.750000000000000       1.67228928821589042E-011
   55.000000000000000       5.00322004714100510E-012
   55.250000000000000       1.45643835459448268E-012
   55.500000000000000       4.12664785099000601E-013
   55.750000000000000       1.13845455274673422E-013
   56.000000000000000       3.05906962989495242E-014
   56.250000000000000       8.00854213210618070E-015
   56.500000000000000       2.04331899971868631E-015
   56.750000000000000       5.08228671890238938E-016
   57.000000000000000       1.23264489193353422E-016
   57.250000000000000       2.91596556368026126E-017
   57.500000000000000       6.72971520076632459E-018
   57.750000000000000       1.51558386553542657E-018
   58.000000000000000       3.33139744261648235E-019
   58.250000000000000       7.14867633413325039E-020
   58.500000000000000       1.49783031093135050E-020
   58.750000000000000       3.06491363970449527E-021
   59.000000000000000       6.12589191384836896E-022
   59.250000000000000       1.19615879066369205E-022
   59.500000000000000       2.28215967953599973E-023
   59.750000000000000       4.25506927545273618E-024
   60.000000000000000       7.75412847741306725E-025
   60.250000000000000       1.38128779126977770E-025
   60.500000000000000       2.40555953608984603E-026
   60.750000000000000       4.09620523227685527E-027
   61.000000000000000       6.82073145504879563E-028
   61.250000000000000       1.11073638070719898E-028
   61.500000000000000       1.76915656717657669E-029
   61.750000000000000       2.75637649597975092E-030
   62.000000000000000       4.20113850511793366E-031
   62.250000000000000       6.26452787303002976E-032
   62.500000000000000       9.13980287459824484E-033
   62.750000000000000       1.30480112850459914E-033
   63.000000000000000       1.82280571304992500E-034
   63.250000000000000       2.49202434482726149E-035
   63.500000000000000       3.33430309954743515E-036
   63.750000000000000       4.36638109511849530E-037
   64.000000000000000       5.59657968876224671E-038
   64.250000000000000       7.02145074881430065E-039
   64.500000000000000       8.62284660934056989E-040
   64.750000000000000       1.03659377810648310E-040
   65.000000000000000       1.21986880227097944E-041
   65.250000000000000       1.40531827629208123E-042
   65.500000000000000       1.58489966428716362E-043
   65.750000000000000       1.74985013656071997E-044
   66.000000000000000       1.89136990921347344E-045
   66.250000000000000       2.00138765027809743E-046
   66.500000000000000       2.07331703448394816E-047
   66.750000000000000       2.10270658719781044E-048
   67.000000000000000       2.08769404975802662E-049
   67.250000000000000       2.02920100746279732E-050
   67.500000000000000       1.93083959544834699E-051
   67.750000000000000       1.79854436599253409E-052
   68.000000000000000       1.63998133455511663E-053
   68.250000000000000       1.46381579613060735E-054
   68.500000000000000       1.27893573202154555E-055
   68.750000000000000       1.09372657747119734E-056
   69.000000000000000       9.15477167936403192E-058
   69.250000000000000       7.49969977564428415E-059
   69.500000000000000       6.01277106882365352E-060
   69.750000000000000       4.71752921911627101E-061
   70.000000000000000       3.62189815284381872E-062
   70.250000000000000       2.72088357456708473E-063
   70.500000000000000       1.99988000250754286E-064
   70.750000000000000       1.43808338864866576E-065
   71.000000000000000       1.01161192993937678E-066
   71.250000000000000       6.96072986428721427E-068
   71.500000000000000       4.68452313178612372E-069
   71.750000000000000       3.08320281742166680E-070
   72.000000000000000       1.98435186806300422E-071
   72.250000000000000       1.24872363777152971E-072
   72.500000000000000       7.68234008819392482E-074
   72.750000000000000       4.62004279268202771E-075
   73.000000000000000       2.71560510710603197E-076
   73.250000000000000       1.55989483876551391E-077
   73.500000000000000       8.75525925357432228E-079
   73.750000000000000       4.80088655019750229E-080
   74.000000000000000       2.57147984543707180E-081
   74.250000000000000       1.34518243888191885E-082
   74.500000000000000       6.87130570479736629E-084
   74.750000000000000       3.42671013429280621E-085
   75.000000000000000       1.66806012590967542E-086
   75.250000000000000       7.92418389140470041E-088
   75.500000000000000       3.67294203929296723E-089
   75.750000000000000       1.66071143647343097E-090
   76.000000000000000       7.32308806730219036E-092
   76.250000000000000       3.14853871307736422E-093
   76.500000000000000       1.31955753148137353E-094
   76.750000000000000       5.38935505691191962E-096
   77.000000000000000       2.14443898019927859E-097
   77.250000000000000       8.31060403002264325E-099
   77.500000000000000       3.13589183241479068E-100
   77.750000000000000       1.15175583397158035E-101
   78.000000000000000       4.11609365438570457E-103
   78.250000000000000       1.43081384359486576E-104
   78.500000000000000       4.83608811621485820E-106
   78.750000000000000       1.58873081115510798E-107
   79.000000000000000       5.06607046042166571E-109
   79.250000000000000        0.0000000000000000     
