  -20.750000000000000        0.0000000000000000     
  -20.500000000000000      -1.38298381148577209E-006
  -20.250000000000000      -1.79881708062130794E-006
  -20.000000000000000       7.41956471625323785E-006
  -19.750000000000000      -8.39165137130965274E-006
  -19.500000000000000       2.58836809936218289E-006
  -19.250000000000000       2.21901349143964290E-006
  -19.000000000000000       8.90018358640466861E-007
  -18.750000000000000      -5.27817817938353172E-006
  -18.500000000000000      -5.07115608342352142E-007
  -18.250000000000000       1.19568010077758013E-005
  -18.000000000000000      -1.23378111640144480E-005
  -17.750000000000000       7.86455881680916396E-007
  -17.500000000000000       3.67027281500430038E-006
  -17.250000000000000       5.05400249121984746E-006
  -17.000000000000000      -8.15341586776547278E-006
  -16.750000000000000      -2.96302530763706941E-006
  -16.500000000000000       9.65572442572313206E-006
  -16.250000000000000      -2.91863628325600883E-006
  -16.000000000000000       4.03900425568016499E-007
  -15.750000000000000      -6.22307288625436387E-006
  -15.500000000000000       1.24086869068352084E-006
  -15.250000000000000       9.08354629262849182E-006
  -15.000000000000000       2.58596090611999466E-007
  -14.750000000000000      -1.45198140485224393E-005
  -14.500000000000000       4.92464180243372582E-006
  -14.250000000000000       4.75577356181825032E-006
  -14.000000000000000       8.40028269791327355E-006
  -13.750000000000000      -9.06107090867046923E-006
  -13.500000000000000      -8.31844109748620131E-006
  -13.250000000000000      -8.64036584181434718E-007
  -13.000000000000000       1.36415923528976205E-005
  -12.750000000000000       9.52602862950304813E-006
  -12.500000000000000      -1.20534858040762402E-005
  -12.250000000000000      -1.47044762295283635E-005
  -12.000000000000000      -2.26293411096495119E-006
  -11.750000000000000       1.34177629532628304E-005
  -11.500000000000000       2.12968344052747200E-005
  -11.250000000000000       1.26245616867281311E-006
  -11.000000000000000      -2.78653317251710732E-005
  -10.750000000000000      -1.89732718409519935E-005
  -10.500000000000000      -7.02778019589909934E-006
  -10.250000000000000       3.11969002905517482E-005
  -10.000000000000000       4.06190723519644857E-005
  -9.7500000000000000       1.46258641972906293E-005
  -9.5000000000000000      -2.88876511653708812E-005
  -9.2500000000000000      -5.79070646638668918E-005
  -9.0000000000000000      -6.18340716344286995E-005
  -8.7500000000000000      -3.11798525956692978E-006
  -8.5000000000000000       6.17943438865065900E-005
  -8.2500000000000000       1.21246057715606665E-004
  -8.0000000000000000       1.23249537826397213E-004
  -7.7500000000000000       5.82648576701263088E-005
  -7.5000000000000000      -7.43876012682423800E-005
  -7.2500000000000000      -2.33339742999855783E-004
  -7.0000000000000000      -3.64665616382093172E-004
  -6.7500000000000000      -4.22085528388631834E-004
  -6.5000000000000000      -3.29713108280291125E-004
  -6.2500000000000000      -4.41332671353579346E-005
  -6.0000000000000000       4.58293424888043936E-004
  -5.7500000000000000       1.22865699972923240E-003
  -5.5000000000000000       2.26976542259268435E-003
  -5.2500000000000000       3.56943209871994930E-003
  -5.0000000000000000       5.17291512686670393E-003
  -4.7500000000000000       7.02583299483318727E-003
  -4.5000000000000000       9.15073091858637812E-003
  -4.2500000000000000       1.15233251635372784E-002
  -4.0000000000000000       1.41369745665340073E-002
  -3.7500000000000000       1.69662228145890069E-002
  -3.5000000000000000       1.99953829965527907E-002
  -3.2500000000000000       2.32273135423843383E-002
  -3.0000000000000000       2.66009157638776028E-002
  -2.7500000000000000       3.01327113023507551E-002
  -2.5000000000000000       3.37865675480233593E-002
  -2.2500000000000000       3.75386952034995891E-002
  -2.0000000000000000       4.13598834016595807E-002
  -1.7500000000000000       4.52478073584424226E-002
  -1.5000000000000000       4.91587372379746340E-002
  -1.2500000000000000       5.30720211922096202E-002
  -1.0000000000000000       5.69649215285440991E-002
 -0.75000000000000000       6.08296813805081216E-002
 -0.50000000000000000       6.46100100698966257E-002
 -0.25000000000000000       6.83047811994846321E-002
   0.0000000000000000       7.18931569954057992E-002
  0.25000000000000000       7.53450799705135121E-002
  0.50000000000000000       7.86346168172340071E-002
  0.75000000000000000       8.17453822807380076E-002
   1.0000000000000000       8.46776957726265850E-002
   1.2500000000000000       8.73807196434513156E-002
   1.5000000000000000       8.98535541325374554E-002
   1.7500000000000000       9.20827191619153218E-002
   2.0000000000000000       9.40634599920067982E-002
   2.2500000000000000       9.57597964179503353E-002
   2.5000000000000000       9.71720678940282134E-002
   2.7500000000000000       9.82972524526806030E-002
   3.0000000000000000       9.91394962629853216E-002
   3.2500000000000000       9.96572376496357992E-002
   3.5000000000000000       9.98756004756455873E-002
   3.7500000000000000       9.97826860454166242E-002
   4.0000000000000000       9.94012436172120734E-002
   4.2500000000000000       9.87026802795249181E-002
   4.5000000000000000       9.76897354574584598E-002
   4.7500000000000000       9.64006219781585322E-002
   5.0000000000000000       9.48206269505993543E-002
   5.2500000000000000       9.29814912596156756E-002
   5.5000000000000000       9.08455228629804074E-002
   5.7500000000000000       8.84664987932147207E-002
   6.0000000000000000       8.58598779897381259E-002
   6.2500000000000000       8.30390939322243893E-002
   6.5000000000000000       8.00119418887977468E-002
   6.7500000000000000       7.67779062660091244E-002
   7.0000000000000000       7.33810258931883175E-002
   7.2500000000000000       6.98608247921996273E-002
   7.5000000000000000       6.62219426225016117E-002
   7.7500000000000000       6.24807547722606854E-002
   8.0000000000000000       5.86402587682436707E-002
   8.2500000000000000       5.47339166776645986E-002
   8.5000000000000000       5.08291304779332626E-002
   8.7500000000000000       4.69226779237743169E-002
   9.0000000000000000       4.30561069586635065E-002
   9.2500000000000000       3.92013601137705323E-002
   9.5000000000000000       3.53902767317957612E-002
   9.7500000000000000       3.16625665599282735E-002
   10.000000000000000       2.80700192293707740E-002
   10.250000000000000       2.46377588686124520E-002
   10.500000000000000       2.13986612285642676E-002
   10.750000000000000       1.83057430950649587E-002
   11.000000000000000       1.53860848775404201E-002
   11.250000000000000       1.26290296754903164E-002
   11.500000000000000       1.00782509940565840E-002
   11.750000000000000       7.79315352097167784E-003
   12.000000000000000       5.81982780711407920E-003
   12.250000000000000       4.18177602968238318E-003
   12.500000000000000       2.90026519895948687E-003
   12.750000000000000       1.93064614509574320E-003
   13.000000000000000       1.23271679107755288E-003
   13.250000000000000       7.66336943813984706E-004
   13.500000000000000       4.49496913813297405E-004
   13.750000000000000       2.58296464864484832E-004
   14.000000000000000       1.42855125579763792E-004
   14.250000000000000       7.72933291980219985E-005
   14.500000000000000       3.36480299869065062E-005
   14.750000000000000       2.58531360268810853E-005
   15.000000000000000       4.41370329233576837E-006
   15.250000000000000       5.61749158697245881E-006
   15.500000000000000       2.26034956243871202E-006
   15.750000000000000       2.14880995618167182E-006
   16.000000000000000      -3.89109701516313068E-006
   16.250000000000000       4.84052427860578510E-006
   16.500000000000000      -1.27444254025533361E-006
   16.750000000000000      -2.98225230070391529E-006
   17.000000000000000       4.21717850619789972E-006
   17.250000000000000      -1.65405546224069519E-006
   17.500000000000000      -8.09304492481817768E-007
   17.750000000000000      -6.30200613952807793E-007
   18.000000000000000       4.84510271540169627E-006
   18.250000000000000      -6.71096617414065332E-006
   18.500000000000000       3.50071257982502809E-006
   18.750000000000000       1.24436687284959819E-006
   19.000000000000000      -2.00649978218879436E-006
   19.250000000000000      -1.22044517586538738E-006
   19.500000000000000       2.56724497010604814E-006
   19.750000000000000       1.49196619538387930E-006
   20.000000000000000      -6.47576122366475522E-006
   20.250000000000000       5.75933805039359316E-006
   20.500000000000000      -4.55302779253113909E-007
   20.750000000000000      -1.70899371140671538E-006
   21.000000000000000      -1.83828659130325685E-006
   21.250000000000000       3.96052096755583145E-006
   21.500000000000000       9.43803484312984292E-007
   21.750000000000000      -6.89968520594470241E-006
   22.000000000000000       5.15561296300563186E-006
   22.250000000000000       9.98567947283090843E-007
   22.500000000000000      -1.11648266651074312E-006
   22.750000000000000      -4.03381539831912261E-006
   23.000000000000000       2.99358383482912586E-006
   23.250000000000000       5.24579371967356781E-006
   23.500000000000000      -7.49283384502222395E-006
   23.750000000000000       1.55882702001506234E-007
   24.000000000000000       2.85989045233111748E-006
   24.250000000000000       3.39691180665872385E-006
   24.500000000000000      -3.94455267945374229E-006
   24.750000000000000      -5.96743020045235635E-006
   25.000000000000000       8.32392190178868146E-006
   25.250000000000000       1.77760956323331332E-006
   25.500000000000000      -3.83953334911882686E-006
   25.750000000000000      -4.90913768995270620E-006
   26.000000000000000       1.58290205287919135E-006
   26.250000000000000       1.04296516707882392E-005
   26.500000000000000      -4.53786054004976891E-006
   26.750000000000000      -7.88436367539767763E-006
   27.000000000000000      -2.01590477637247851E-007
   27.250000000000000       6.46044967523393430E-006
   27.500000000000000       8.99144132182533564E-006
   27.750000000000000      -9.05677970367617540E-006
   28.000000000000000      -1.08492481368522256E-005
   28.250000000000000       3.50743374164295727E-006
   28.500000000000000       1.00155881958745902E-005
   28.750000000000000       1.01712785973374347E-005
   29.000000000000000      -9.62720566658309317E-006
   29.250000000000000      -1.81954767709988381E-005
   29.500000000000000      -1.48117514363087569E-007
   29.750000000000000       1.37035961508220999E-005
   30.000000000000000       1.96487836345021427E-005
   30.250000000000000       2.07015515015108721E-006
   30.500000000000000      -2.61110119197253398E-005
   30.750000000000000      -2.33534134950253714E-005
   31.000000000000000      -1.58266408344198216E-006
   31.250000000000000       2.67810503453409535E-005
   31.500000000000000       4.27142554822570791E-005
   31.750000000000000       1.46187355060752963E-005
   32.000000000000000      -2.94759500466891475E-005
   32.250000000000000      -5.84931602864196187E-005
   32.500000000000000      -5.90804341882099322E-005
   32.750000000000000      -7.73059176868334038E-006
   33.000000000000000       6.68858046831934718E-005
   33.250000000000000       1.17351707194511036E-004
   33.500000000000000       1.24831345917034896E-004
   33.750000000000000       5.90533703873063071E-005
   34.000000000000000      -7.66083474410131029E-005
   34.250000000000000      -2.31097585833736651E-004
   34.500000000000000      -3.65731376779039228E-004
   34.750000000000000      -4.22661119933576157E-004
   35.000000000000000      -3.27911432701650509E-004
   35.250000000000000      -4.61067305169139371E-005
   35.500000000000000       4.59227305934040674E-004
   35.750000000000000       1.22963065159226908E-003
   36.000000000000000       2.26668369094220864E-003
   36.250000000000000       3.57410520876897016E-003
   36.500000000000000       5.16767868044167369E-003
   36.750000000000000       7.03044895375789982E-003
   37.000000000000000       9.14770970721508550E-003
   37.250000000000000       1.15242427170626910E-002
   37.500000000000000       1.41381212197192064E-002
   37.750000000000000       1.69635122352343876E-002
   38.000000000000000       1.99989005474589462E-002
   38.250000000000000       2.32237606317678147E-002
   38.500000000000000       2.66039224437084124E-002
   38.750000000000000       3.01305257257254155E-002
   39.000000000000000       3.37879757443308587E-002
   39.250000000000000       3.75377802688210416E-002
   39.500000000000000       4.13606973902191019E-002
   39.750000000000000       4.52467361393351572E-002
   40.000000000000000       4.91602763491714445E-002
   40.250000000000000       5.30700098290140532E-002
   40.500000000000000       5.69672074405389375E-002
   40.750000000000000       6.08274613012997692E-002
   41.000000000000000       6.46117758097207034E-002
   41.250000000000000       6.83038028351020815E-002
   41.500000000000000       7.18931569954059518E-002
   41.750000000000000       7.53460583348961321E-002
   42.000000000000000       7.86328510774099293E-002
   42.250000000000000       8.17476023599462420E-002
   42.500000000000000       8.46754098606317951E-002
   42.750000000000000       8.73827310066470631E-002
   43.000000000000000       8.98520150213405477E-002
   43.250000000000000       9.20837903810225178E-002
   43.500000000000000       9.40626460034472978E-002
   43.750000000000000       9.57607113526288828E-002
   44.000000000000000       9.71706596977206655E-002
   44.250000000000000       9.82994380293060466E-002
   44.500000000000000       9.91364895831545884E-002
   44.750000000000000       9.96607905602524269E-002
   45.000000000000000       9.98720829247393971E-002
   45.250000000000000       9.97853966247712193E-002
   45.500000000000000       9.94000969640268239E-002
   45.750000000000000       9.87017627259996061E-002
   46.000000000000000       9.76927566688296223E-002
   46.250000000000000       9.63960060192338986E-002
   46.500000000000000       9.48258633970244236E-002
   46.750000000000000       9.29768181495666673E-002
   47.000000000000000       9.08486045946308995E-002
   47.250000000000000       8.84655251413517391E-002
   47.500000000000000       8.58589441086920757E-002
   47.750000000000000       8.30410673956058498E-002
   48.000000000000000       8.00101402132189776E-002
   48.250000000000000       7.67784818575541206E-002
   48.500000000000000       7.33820916535852102E-002
   48.750000000000000       6.98585826350334865E-002
   49.000000000000000       6.62241633686744546E-002
   49.250000000000000       6.24799662595433708E-002
   49.500000000000000       5.86386769601530133E-002
   49.750000000000000       5.47378110281856803E-002
   50.000000000000000       5.08240390171366754E-002
   50.250000000000000       4.69272905302834664E-002
   50.500000000000000       4.30533533212173330E-002
   50.750000000000000       3.92019462093930321E-002
   51.000000000000000       3.53908650306772182E-002
   51.250000000000000       3.16625736886194942E-002
   51.500000000000000       2.80679240462404569E-002
   51.750000000000000       2.46421747185576676E-002
   52.000000000000000       2.13932161124517836E-002
   52.250000000000000       1.83101232367189962E-002
   52.500000000000000       1.53843305577349779E-002
   52.750000000000000       1.26282219765088098E-002
   53.000000000000000       1.00798990448273413E-002
   53.250000000000000       7.79286768777413472E-003
   53.500000000000000       5.81771299051745110E-003
   53.750000000000000       4.18526703022380122E-003
   54.000000000000000       2.89783891882201350E-003
   54.250000000000000       1.93000089512805422E-003
   54.500000000000000       1.23634279523459722E-003
   54.750000000000000       7.61965473488201202E-004
   55.000000000000000       4.52027720852621383E-004
   55.250000000000000       2.58292173659465741E-004
   55.500000000000000       1.42263966955833685E-004
   55.750000000000000       7.55886530846802977E-005
   56.000000000000000       3.87742622670204164E-005
   56.250000000000000       1.92176856537806757E-005
   56.500000000000000       9.21015992292363312E-006
   56.750000000000000       4.27138620880537950E-006
   57.000000000000000       1.91831620020833010E-006
   57.250000000000000       8.34874759882133638E-007
   57.500000000000000       3.52336759584610639E-007
   57.750000000000000       1.44278432060487148E-007
   58.000000000000000       5.73599837238635008E-008
   58.250000000000000       2.21525921332090390E-008
   58.500000000000000       8.31531789575220498E-009
   58.750000000000000       3.03522230023850605E-009
   59.000000000000000       1.07787017739417913E-009
   59.250000000000000       3.72565586609017113E-010
   59.500000000000000       1.25396405400054982E-010
   59.750000000000000       4.11139859462490940E-011
   60.000000000000000       1.31366077239343264E-011
   60.250000000000000       4.09189542656424392E-012
   60.500000000000000       1.24297951145905332E-012
   60.750000000000000       3.68336334155572498E-013
   61.000000000000000       1.06512909495421819E-013
   61.250000000000000       3.00653556936022291E-014
   61.500000000000000       8.28628625165144232E-015
   61.750000000000000       2.23048959492695676E-015
   62.000000000000000       5.86541581679859550E-016
   62.250000000000000       1.50716971998550547E-016
   62.500000000000000       3.78522526868282664E-017
   62.750000000000000       9.29360690752935726E-018
   63.000000000000000       2.23116767807240229E-018
   63.250000000000000       5.23870081362623586E-019
   63.500000000000000       1.20321321223364981E-019
   63.750000000000000       2.70376864704898867E-020
   64.000000000000000       5.94540043295665378E-021
   64.250000000000000       1.27953035838778682E-021
   64.500000000000000       2.69555338151527138E-022
   64.750000000000000       5.55955387069220331E-023
   65.000000000000000       1.12276897049553376E-023
   65.250000000000000       2.22054824179835538E-024
   65.500000000000000       4.30137693708511451E-025
   65.750000000000000       8.16183353473564116E-026
   66.000000000000000       1.51723832965264388E-026
   66.250000000000000       2.76347891131465867E-027
   66.500000000000000       4.93222449636158242E-028
   66.750000000000000       8.62699624119813084E-029
   67.000000000000000       1.47893815946705079E-029
   67.250000000000000       2.48516625310827886E-030
   67.500000000000000       4.09369253749668688E-031
   67.750000000000000       6.61099200954820378E-032
   68.000000000000000       1.04675493639930322E-032
   68.250000000000000       1.62511391773349144E-033
   68.500000000000000       2.47408482882974483E-034
   68.750000000000000       3.69374676415272282E-035
   69.000000000000000       5.40840756624129945E-036
   69.250000000000000       7.76690069627878462E-037
   69.500000000000000       1.09402372440118502E-037
   69.750000000000000       1.51157368933268725E-038
   70.000000000000000       2.04869277931034028E-039
   70.250000000000000       2.72388660048606165E-040
   70.500000000000000       3.55290886962007795E-041
   70.750000000000000       4.54651492667435095E-042
   71.000000000000000       5.70805067926543596E-043
   71.250000000000000       7.03113298955859939E-044
   71.500000000000000       8.49773673512384702E-045
   71.750000000000000       1.00770269398393125E-045
   72.000000000000000       1.17252479165923663E-046
   72.250000000000000       1.33868984447008027E-047
   72.500000000000000       1.49972855703062549E-048
   72.750000000000000       1.64863738349209732E-049
   73.000000000000000       1.77836560529658541E-050
   73.250000000000000       1.88235973906039336E-051
   73.500000000000000       1.95510788031940408E-052
   73.750000000000000       1.99262157058007370E-053
   74.000000000000000       1.99279682195062562E-054
   74.250000000000000       1.95560897538536892E-055
   74.500000000000000       1.88311635845288743E-056
   74.750000000000000       1.77927209605964570E-057
   75.000000000000000       1.64956794985478737E-058
   75.250000000000000       1.50055472377487642E-059
   75.500000000000000       1.33929733536219024E-060
   75.750000000000000       1.17282724763651997E-061
   76.000000000000000       1.00765039315059267E-062
   76.250000000000000       8.49356423056924004E-064
   76.500000000000000       7.02357722269407291E-065
   76.750000000000000       5.69767397369055905E-066
   77.000000000000000       4.53407549107694953E-067
   77.250000000000000       3.53925117420714601E-068
   77.500000000000000       2.70983938681741730E-069
   77.750000000000000       2.03498746103513483E-070
   78.000000000000000       1.49879026572290656E-071
   78.250000000000000       1.08256566054661880E-072
   78.500000000000000       7.66784876636923101E-074
   78.750000000000000       5.32550234816565928E-075
   79.000000000000000       3.61082520868814565E-076
   79.250000000000000        0.0000000000000000     
