  -20.750000000000000        0.0000000000000000     
  -20.500000000000000        0.0000000000000000     
  -20.250000000000000      -1.59370110682985260E-029
  -20.000000000000000      -3.92050472280143943E-027
  -19.750000000000000      -4.61041204258758105E-025
  -19.500000000000000      -3.44982567449675968E-023
  -19.250000000000000      -1.84447034228336611E-021
  -19.000000000000000      -7.50133455304834461E-020
  -18.750000000000000      -2.41217574583432451E-018
  -18.500000000000000      -6.29404448721301087E-017
  -18.250000000000000      -1.35703842387033378E-015
  -18.000000000000000      -2.44956525023989449E-014
  -17.750000000000000      -3.73749488889091668E-013
  -17.500000000000000      -4.85404246810487081E-012
  -17.250000000000000      -5.39309238213559147E-011
  -17.000000000000000      -5.14388209139892126E-010
  -16.750000000000000      -4.22118709517687227E-009
  -16.500000000000000      -2.98411552933160371E-008
  -16.250000000000000      -1.81827379387611967E-007
  -16.000000000000000      -9.54941000049449387E-007
  -15.750000000000000      -4.32201857531873979E-006
  -15.500000000000000      -1.68561191190171836E-005
  -15.250000000000000      -5.66703502958420340E-005
  -15.000000000000000      -1.64429386301455838E-004
  -14.750000000000000      -4.12619931317215107E-004
  -14.500000000000000      -8.98505010787729722E-004
  -14.250000000000000      -1.70710507500084190E-003
  -14.000000000000000      -2.85897784238382715E-003
  -13.750000000000000      -4.30337007729956079E-003
  -13.500000000000000      -5.99767041834691796E-003
  -13.250000000000000      -7.96866126842384233E-003
  -13.000000000000000      -1.02243433272087760E-002
  -12.750000000000000      -1.27025477981993727E-002
  -12.500000000000000      -1.54062705900133382E-002
  -12.250000000000000      -1.83502992312451901E-002
  -12.000000000000000      -2.14604281329322973E-002
  -11.750000000000000      -2.47601728961875586E-002
  -11.500000000000000      -2.82228220796480675E-002
  -11.250000000000000      -3.17955743317288667E-002
  -11.000000000000000      -3.55137578007851326E-002
  -10.750000000000000      -3.92860197910262082E-002
  -10.500000000000000      -4.31573573171347077E-002
  -10.250000000000000      -4.70415962570396307E-002
  -10.000000000000000      -5.09700398839018354E-002
  -9.7500000000000000      -5.48683854236546309E-002
  -9.5000000000000000      -5.87607888758663599E-002
  -9.2500000000000000      -6.25736657659651530E-002
  -9.0000000000000000      -6.63364126484519978E-002
  -8.7500000000000000      -6.99706579838228482E-002
  -8.5000000000000000      -7.35057441593739425E-002
  -8.2500000000000000      -7.68826969700831253E-002
  -8.0000000000000000      -8.00886016177122934E-002
  -7.7500000000000000      -8.31368341995032956E-002
  -7.5000000000000000      -8.59360752728997312E-002
  -7.2500000000000000      -8.85578341557191895E-002
  -7.0000000000000000      -9.09191013419073102E-002
  -6.7500000000000000      -9.30248901158212960E-002
  -6.5000000000000000      -9.48704090119881216E-002
  -6.2500000000000000      -9.64661747749122611E-002
  -6.0000000000000000      -9.77213552390831103E-002
  -5.7500000000000000      -9.87071315003610616E-002
  -5.5000000000000000      -9.94146946488577710E-002
  -5.2500000000000000      -9.98614055092016117E-002
  -5.0000000000000000      -9.99086357203647774E-002
  -4.7500000000000000      -9.95054559281802892E-002
  -4.5000000000000000      -9.85330457571890472E-002
  -4.2500000000000000      -9.70043484439355314E-002
  -4.0000000000000000      -9.48633323376993354E-002
  -3.7500000000000000      -9.21629865249919966E-002
  -3.5000000000000000      -8.88727684347964814E-002
  -3.2500000000000000      -8.50562330685845358E-002
  -3.0000000000000000      -8.06947585290867658E-002
  -2.7500000000000000      -7.58552864114508257E-002
  -2.5000000000000000      -7.05298046877404633E-002
  -2.2500000000000000      -6.47865349686318481E-002
  -2.0000000000000000      -5.86281734848044314E-002
  -1.7500000000000000      -5.21225240738969406E-002
  -1.5000000000000000      -4.52829220797259444E-002
  -1.2500000000000000      -3.81750836520939954E-002
  -1.0000000000000000      -3.08226548476668652E-002
 -0.75000000000000000      -2.32876459749389517E-002
 -0.50000000000000000      -1.56034315587315828E-002
 -0.25000000000000000      -7.82678916661492391E-003
   0.0000000000000000        0.0000000000000000     
  0.25000000000000000       7.82678916661492391E-003
  0.50000000000000000       1.56034315587315828E-002
  0.75000000000000000       2.32876459749389517E-002
   1.0000000000000000       3.08226548476668652E-002
   1.2500000000000000       3.81750836520939954E-002
   1.5000000000000000       4.52829220797259444E-002
   1.7500000000000000       5.21225240738969406E-002
   2.0000000000000000       5.86281734848044314E-002
   2.2500000000000000       6.47865349686318481E-002
   2.5000000000000000       7.05298046877404633E-002
   2.7500000000000000       7.58552864114508257E-002
   3.0000000000000000       8.06947585290867658E-002
   3.2500000000000000       8.50562330685845358E-002
   3.5000000000000000       8.88727684347964814E-002
   3.7500000000000000       9.21629865249919966E-002
   4.0000000000000000       9.48633323376993354E-002
   4.2500000000000000       9.70043484439355314E-002
   4.5000000000000000       9.85330457571890472E-002
   4.7500000000000000       9.95054559281802892E-002
   5.0000000000000000       9.99086357203647774E-002
   5.2500000000000000       9.98614055092016117E-002
   5.5000000000000000       9.94146946488577710E-002
   5.7500000000000000       9.87071315003610616E-002
   6.0000000000000000       9.77213552390831103E-002
   6.2500000000000000       9.64661747749122611E-002
   6.5000000000000000       9.48704090119881216E-002
   6.7500000000000000       9.30248901158212960E-002
   7.0000000000000000       9.09191013419073102E-002
   7.2500000000000000       8.85578341557191895E-002
   7.5000000000000000       8.59360752728997312E-002
   7.7500000000000000       8.31368341995032956E-002
   8.0000000000000000       8.00886016177122934E-002
   8.2500000000000000       7.68826969700831253E-002
   8.5000000000000000       7.35057441593739425E-002
   8.7500000000000000       6.99706579838228482E-002
   9.0000000000000000       6.63364126484519978E-002
   9.2500000000000000       6.25736657659651530E-002
   9.5000000000000000       5.87607888758663599E-002
   9.7500000000000000       5.48683854236546309E-002
   10.000000000000000       5.09700398839018354E-002
   10.250000000000000       4.70415962570396307E-002
   10.500000000000000       4.31573573171347077E-002
   10.750000000000000       3.92860197910262082E-002
   11.000000000000000       3.55137578007851326E-002
   11.250000000000000       3.17955743317288667E-002
   11.500000000000000       2.82228220796480675E-002
   11.750000000000000       2.47601728961875586E-002
   12.000000000000000       2.14604281329322973E-002
   12.250000000000000       1.83502992312451901E-002
   12.500000000000000       1.54062705900133382E-002
   12.750000000000000       1.27025477981993727E-002
   13.000000000000000       1.02243433272087760E-002
   13.250000000000000       7.96866126842384233E-003
   13.500000000000000       5.99767041834691796E-003
   13.750000000000000       4.30337007729956079E-003
   14.000000000000000       2.85897784238382715E-003
   14.250000000000000       1.70710507500084190E-003
   14.500000000000000       8.98505010787729722E-004
   14.750000000000000       4.12619931317215107E-004
   15.000000000000000       1.64429386301455838E-004
   15.250000000000000       5.66703502958420340E-005
   15.500000000000000       1.68561191190171836E-005
   15.750000000000000       4.32201857531873979E-006
   16.000000000000000       9.54941000049449387E-007
   16.250000000000000       1.81827379387611967E-007
   16.500000000000000       2.98411552933160371E-008
   16.750000000000000       4.22118709517687227E-009
   17.000000000000000       5.14388209139892126E-010
   17.250000000000000       5.39309238213559147E-011
   17.500000000000000       4.85404246810487081E-012
   17.750000000000000       3.73749488889091668E-013
   18.000000000000000       2.44956525023989449E-014
   18.250000000000000       1.35703842387033378E-015
   18.500000000000000       6.29404448721301087E-017
   18.750000000000000       2.41217574583432451E-018
   19.000000000000000       7.50133455304834461E-020
   19.250000000000000       1.84447034228336611E-021
   19.500000000000000       3.44982567449675968E-023
   19.750000000000000       4.61041204258758105E-025
   20.000000000000000       3.92050472280143943E-027
   20.250000000000000       1.59370110682985260E-029
   20.500000000000000        0.0000000000000000     
   20.750000000000000        0.0000000000000000     
   21.000000000000000        0.0000000000000000     
   21.250000000000000        0.0000000000000000     
   21.500000000000000        0.0000000000000000     
   21.750000000000000        0.0000000000000000     
   22.000000000000000        0.0000000000000000     
   22.250000000000000        0.0000000000000000     
   22.500000000000000        0.0000000000000000     
   22.750000000000000        0.0000000000000000     
   23.000000000000000        0.0000000000000000     
   23.250000000000000        0.0000000000000000     
   23.500000000000000        0.0000000000000000     
   23.750000000000000        0.0000000000000000     
   24.000000000000000        0.0000000000000000     
   24.250000000000000        0.0000000000000000     
   24.500000000000000        0.0000000000000000     
   24.750000000000000        0.0000000000000000     
   25.000000000000000        0.0000000000000000     
   25.250000000000000        0.0000000000000000     
   25.500000000000000        0.0000000000000000     
   25.750000000000000        0.0000000000000000     
   26.000000000000000        0.0000000000000000     
   26.250000000000000        0.0000000000000000     
   26.500000000000000        0.0000000000000000     
   26.750000000000000        0.0000000000000000     
   27.000000000000000        0.0000000000000000     
   27.250000000000000        0.0000000000000000     
   27.500000000000000        0.0000000000000000     
   27.750000000000000        0.0000000000000000     
   28.000000000000000        0.0000000000000000     
   28.250000000000000        0.0000000000000000     
   28.500000000000000        0.0000000000000000     
   28.750000000000000        0.0000000000000000     
   29.000000000000000        0.0000000000000000     
   29.250000000000000        0.0000000000000000     
   29.500000000000000        0.0000000000000000     
   29.750000000000000        0.0000000000000000     
   30.000000000000000        0.0000000000000000     
   30.250000000000000        0.0000000000000000     
   30.500000000000000        0.0000000000000000     
   30.750000000000000        0.0000000000000000     
   31.000000000000000        0.0000000000000000     
   31.250000000000000        0.0000000000000000     
   31.500000000000000        0.0000000000000000     
   31.750000000000000        0.0000000000000000     
   32.000000000000000        0.0000000000000000     
   32.250000000000000        0.0000000000000000     
   32.500000000000000        0.0000000000000000     
   32.750000000000000        0.0000000000000000     
   33.000000000000000        0.0000000000000000     
   33.250000000000000        0.0000000000000000     
   33.500000000000000        0.0000000000000000     
   33.750000000000000        0.0000000000000000     
   34.000000000000000        0.0000000000000000     
   34.250000000000000        0.0000000000000000     
   34.500000000000000        0.0000000000000000     
   34.750000000000000        0.0000000000000000     
   35.000000000000000        0.0000000000000000     
   35.250000000000000        0.0000000000000000     
   35.500000000000000        0.0000000000000000     
   35.750000000000000        0.0000000000000000     
   36.000000000000000        0.0000000000000000     
   36.250000000000000        0.0000000000000000     
   36.500000000000000        0.0000000000000000     
   36.750000000000000        0.0000000000000000     
   37.000000000000000        0.0000000000000000     
   37.250000000000000        0.0000000000000000     
   37.500000000000000        0.0000000000000000     
   37.750000000000000        0.0000000000000000     
   38.000000000000000        0.0000000000000000     
   38.250000000000000        0.0000000000000000     
   38.500000000000000        0.0000000000000000     
   38.750000000000000        0.0000000000000000     
   39.000000000000000        0.0000000000000000     
   39.250000000000000        0.0000000000000000     
   39.500000000000000        0.0000000000000000     
   39.750000000000000        0.0000000000000000     
   40.000000000000000        0.0000000000000000     
   40.250000000000000        0.0000000000000000     
   40.500000000000000        0.0000000000000000     
   40.750000000000000        0.0000000000000000     
   41.000000000000000        0.0000000000000000     
   41.250000000000000        0.0000000000000000     
   41.500000000000000        0.0000000000000000     
   41.750000000000000        0.0000000000000000     
   42.000000000000000        0.0000000000000000     
   42.250000000000000        0.0000000000000000     
   42.500000000000000        0.0000000000000000     
   42.750000000000000        0.0000000000000000     
   43.000000000000000        0.0000000000000000     
   43.250000000000000        0.0000000000000000     
   43.500000000000000        0.0000000000000000     
   43.750000000000000        0.0000000000000000     
   44.000000000000000        0.0000000000000000     
   44.250000000000000        0.0000000000000000     
   44.500000000000000        0.0000000000000000     
   44.750000000000000        0.0000000000000000     
   45.000000000000000        0.0000000000000000     
   45.250000000000000        0.0000000000000000     
   45.500000000000000        0.0000000000000000     
   45.750000000000000        0.0000000000000000     
   46.000000000000000        0.0000000000000000     
   46.250000000000000        0.0000000000000000     
   46.500000000000000        0.0000000000000000     
   46.750000000000000        0.0000000000000000     
   47.000000000000000        0.0000000000000000     
   47.250000000000000        0.0000000000000000     
   47.500000000000000        0.0000000000000000     
   47.750000000000000        0.0000000000000000     
   48.000000000000000        0.0000000000000000     
   48.250000000000000        0.0000000000000000     
   48.500000000000000        0.0000000000000000     
   48.750000000000000        0.0000000000000000     
   49.000000000000000        0.0000000000000000     
   49.250000000000000        0.0000000000000000     
   49.500000000000000        0.0000000000000000     
   49.750000000000000        0.0000000000000000     
   50.000000000000000        0.0000000000000000     
   50.250000000000000        0.0000000000000000     
   50.500000000000000        0.0000000000000000     
   50.750000000000000        0.0000000000000000     
   51.000000000000000        0.0000000000000000     
   51.250000000000000        0.0000000000000000     
   51.500000000000000        0.0000000000000000     
   51.750000000000000        0.0000000000000000     
   52.000000000000000        0.0000000000000000     
   52.250000000000000        0.0000000000000000     
   52.500000000000000        0.0000000000000000     
   52.750000000000000        0.0000000000000000     
   53.000000000000000        0.0000000000000000     
   53.250000000000000        0.0000000000000000     
   53.500000000000000        0.0000000000000000     
   53.750000000000000        0.0000000000000000     
   54.000000000000000        0.0000000000000000     
   54.250000000000000        0.0000000000000000     
   54.500000000000000        0.0000000000000000     
   54.750000000000000        0.0000000000000000     
   55.000000000000000        0.0000000000000000     
   55.250000000000000        0.0000000000000000     
   55.500000000000000        0.0000000000000000     
   55.750000000000000        0.0000000000000000     
   56.000000000000000        0.0000000000000000     
   56.250000000000000        0.0000000000000000     
   56.500000000000000        0.0000000000000000     
   56.750000000000000        0.0000000000000000     
   57.000000000000000        0.0000000000000000     
   57.250000000000000        0.0000000000000000     
   57.500000000000000        0.0000000000000000     
   57.750000000000000        0.0000000000000000     
   58.000000000000000        0.0000000000000000     
   58.250000000000000        0.0000000000000000     
   58.500000000000000        0.0000000000000000     
   58.750000000000000        0.0000000000000000     
   59.000000000000000        0.0000000000000000     
   59.250000000000000        0.0000000000000000     
   59.500000000000000        0.0000000000000000     
   59.750000000000000        0.0000000000000000     
   60.000000000000000        0.0000000000000000     
   60.250000000000000        0.0000000000000000     
   60.500000000000000        0.0000000000000000     
   60.750000000000000        0.0000000000000000     
   61.000000000000000        0.0000000000000000     
   61.250000000000000        0.0000000000000000     
   61.500000000000000        0.0000000000000000     
   61.750000000000000        0.0000000000000000     
   62.000000000000000        0.0000000000000000     
   62.250000000000000        0.0000000000000000     
   62.500000000000000        0.0000000000000000     
   62.750000000000000        0.0000000000000000     
   63.000000000000000        0.0000000000000000     
   63.250000000000000        0.0000000000000000     
   63.500000000000000        0.0000000000000000     
   63.750000000000000        0.0000000000000000     
   64.000000000000000        0.0000000000000000     
   64.250000000000000        0.0000000000000000     
   64.500000000000000        0.0000000000000000     
   64.750000000000000        0.0000000000000000     
   65.000000000000000        0.0000000000000000     
   65.250000000000000        0.0000000000000000     
   65.500000000000000        0.0000000000000000     
   65.750000000000000        0.0000000000000000     
   66.000000000000000        0.0000000000000000     
   66.250000000000000        0.0000000000000000     
   66.500000000000000        0.0000000000000000     
   66.750000000000000        0.0000000000000000     
   67.000000000000000        0.0000000000000000     
   67.250000000000000        0.0000000000000000     
   67.500000000000000        0.0000000000000000     
   67.750000000000000        0.0000000000000000     
   68.000000000000000        0.0000000000000000     
   68.250000000000000        0.0000000000000000     
   68.500000000000000        0.0000000000000000     
   68.750000000000000        0.0000000000000000     
   69.000000000000000        0.0000000000000000     
   69.250000000000000        0.0000000000000000     
   69.500000000000000        0.0000000000000000     
   69.750000000000000        0.0000000000000000     
   70.000000000000000        0.0000000000000000     
   70.250000000000000        0.0000000000000000     
   70.500000000000000        0.0000000000000000     
   70.750000000000000        0.0000000000000000     
   71.000000000000000        0.0000000000000000     
   71.250000000000000        0.0000000000000000     
   71.500000000000000        0.0000000000000000     
   71.750000000000000        0.0000000000000000     
   72.000000000000000        0.0000000000000000     
   72.250000000000000        0.0000000000000000     
   72.500000000000000        0.0000000000000000     
   72.750000000000000        0.0000000000000000     
   73.000000000000000        0.0000000000000000     
   73.250000000000000        0.0000000000000000     
   73.500000000000000        0.0000000000000000     
   73.750000000000000        0.0000000000000000     
   74.000000000000000        0.0000000000000000     
   74.250000000000000        0.0000000000000000     
   74.500000000000000        0.0000000000000000     
   74.750000000000000        0.0000000000000000     
   75.000000000000000        0.0000000000000000     
   75.250000000000000        0.0000000000000000     
   75.500000000000000        0.0000000000000000     
   75.750000000000000        0.0000000000000000     
   76.000000000000000        0.0000000000000000     
   76.250000000000000        0.0000000000000000     
   76.500000000000000        0.0000000000000000     
   76.750000000000000        0.0000000000000000     
   77.000000000000000        0.0000000000000000     
   77.250000000000000        0.0000000000000000     
   77.500000000000000        0.0000000000000000     
   77.750000000000000        0.0000000000000000     
   78.000000000000000        0.0000000000000000     
   78.250000000000000        0.0000000000000000     
   78.500000000000000        0.0000000000000000     
   78.750000000000000        0.0000000000000000     
   79.000000000000000        0.0000000000000000     
   79.250000000000000        0.0000000000000000     
