  -20.750000000000000        0.0000000000000000     
  -20.500000000000000       2.60863310765808004E-006
  -20.250000000000000      -1.79643532006282600E-006
  -20.000000000000000      -2.91641585961085070E-006
  -19.750000000000000       8.51991146073363219E-006
  -19.500000000000000      -1.08665724580055753E-005
  -19.250000000000000       8.08157811924045209E-006
  -19.000000000000000      -2.21696014630523189E-006
  -18.750000000000000      -2.34927590963094792E-006
  -18.500000000000000       2.56335663496987720E-006
  -18.250000000000000       6.99534824258188712E-007
  -18.000000000000000      -3.45725035445726823E-006
  -17.750000000000000       2.28131396179940450E-006
  -17.500000000000000       2.48446615444997729E-006
  -17.250000000000000      -7.01151349893719978E-006
  -17.000000000000000       7.60639465067868557E-006
  -16.750000000000000      -4.17784862984600057E-006
  -16.500000000000000       9.13056814203035103E-008
  -16.250000000000000       1.39920372014914961E-006
  -16.000000000000000      -3.05366442441643083E-007
  -15.750000000000000      -7.84124010483468828E-007
  -15.500000000000000       3.19712014049781657E-007
  -15.250000000000000       1.07494596064661133E-007
  -15.000000000000000       2.02992756587794221E-006
  -14.750000000000000      -6.24695691074831321E-006
  -14.500000000000000       8.58450159719341521E-006
  -14.250000000000000      -5.96169431575228792E-006
  -14.000000000000000       3.41398144955615441E-007
  -13.750000000000000       2.91796975739211372E-006
  -13.500000000000000      -1.24171752965992915E-006
  -13.250000000000000      -2.00570145478202539E-006
  -13.000000000000000       1.83274314599788397E-006
  -12.750000000000000       1.80357849535930608E-006
  -12.500000000000000      -3.98487498914110846E-006
  -12.250000000000000       1.79886754000963694E-006
  -12.000000000000000       1.26928528410425562E-006
  -11.750000000000000      -2.03915921818708075E-007
  -11.500000000000000      -3.92808766149049534E-006
  -11.250000000000000       5.04982322778608299E-006
  -11.000000000000000      -1.12907219226210296E-006
  -10.750000000000000      -2.14776243376753424E-006
  -10.500000000000000      -4.32118500631440450E-007
  -10.250000000000000       5.34068118664436306E-006
  -10.000000000000000      -5.32551822832270064E-006
  -9.7500000000000000       8.34064947514139037E-007
  -9.5000000000000000       4.48801492685273538E-007
  -9.2500000000000000       3.79003263941183256E-006
  -9.0000000000000000      -6.24287465681051349E-006
  -8.7500000000000000       2.28704808654924202E-006
  -8.5000000000000000       1.38541474329367068E-006
  -8.2500000000000000       2.11628048741565899E-006
  -8.0000000000000000      -7.04059025112592191E-006
  -7.7500000000000000       4.03089487806949828E-006
  -7.5000000000000000       3.15595162729068891E-006
  -7.2500000000000000      -3.70275955403921166E-006
  -7.0000000000000000      -7.47575129520150162E-007
  -6.7500000000000000      -5.81245732758361220E-007
  -6.5000000000000000       5.96027109016590525E-006
  -6.2500000000000000      -3.05190895462433658E-006
  -6.0000000000000000      -6.38884962333121343E-006
  -5.7500000000000000       7.22188457947198488E-006
  -5.5000000000000000       7.62610396326052129E-007
  -5.2500000000000000      -2.38906633696529779E-006
  -5.0000000000000000      -1.98546757555657656E-006
  -4.7500000000000000      -2.54760882792497259E-006
  -4.5000000000000000       1.16388678402610351E-005
  -4.2500000000000000      -7.56048646402019146E-006
  -4.0000000000000000      -2.42965835955789999E-006
  -3.7500000000000000      -1.28710509404008730E-006
  -3.5000000000000000       8.71067759904414825E-006
  -3.2500000000000000      -2.05113401587961151E-006
  -3.0000000000000000      -3.15110861641304472E-006
  -2.7500000000000000      -6.07753311719395149E-006
  -2.5000000000000000       5.93436959227039590E-006
  -2.2500000000000000       9.87569135610158354E-006
  -2.0000000000000000      -1.03279190225161400E-005
  -1.7500000000000000      -1.77200031603188742E-006
  -1.5000000000000000      -4.62686968435529077E-006
  -1.2500000000000000       1.15078998144059083E-005
  -1.0000000000000000       3.67830008322609934E-006
 -0.75000000000000000      -4.60507025015393600E-006
 -0.50000000000000000      -1.39682919445188180E-005
 -0.25000000000000000       5.12680788583897459E-006
   0.0000000000000000       1.02717762062079177E-005
  0.25000000000000000       5.06232738517301361E-006
  0.50000000000000000      -2.34051008244960744E-006
  0.75000000000000000      -1.94639747657717886E-005
   1.0000000000000000      -2.11774286996082297E-007
   1.2500000000000000       1.11313421933330386E-005
   1.5000000000000000       1.82917625094827649E-005
   1.7500000000000000      -4.82046367989377806E-006
   2.0000000000000000      -1.11621250029402626E-005
   2.2500000000000000      -2.31765890019148646E-005
   2.5000000000000000       1.61402143078197758E-006
   2.7500000000000000       2.50229223984199758E-005
   3.0000000000000000       2.07171388455270946E-005
   3.2500000000000000       4.58277325740505143E-006
   3.5000000000000000      -2.63614663009449467E-005
   3.7500000000000000      -3.16705062898541367E-005
   4.0000000000000000      -2.24549329587259422E-005
   4.2500000000000000       2.86375578375257418E-005
   4.5000000000000000       4.32645837305989641E-005
   4.7500000000000000       4.41380898786809307E-005
   5.0000000000000000       6.83173931943423839E-006
   5.2500000000000000      -4.55345416275078737E-005
   5.5000000000000000      -8.15530952306001763E-005
   5.7500000000000000      -7.02408524282993119E-005
   6.0000000000000000      -1.31157525245370816E-005
   6.2500000000000000       6.06750159597683962E-005
   6.5000000000000000       1.37380210723649077E-004
   6.7500000000000000       1.66636940771273717E-004
   7.0000000000000000       1.15740964199742861E-004
   7.2500000000000000       4.74148496266407608E-006
   7.5000000000000000      -1.60589604399659705E-004
   7.7500000000000000      -3.40437638783515849E-004
   8.0000000000000000      -4.78881899753786679E-004
   8.2500000000000000      -5.17413119735502967E-004
   8.5000000000000000      -4.01768175328069926E-004
   8.7500000000000000      -1.13173279872808491E-004
   9.0000000000000000       4.30496792418365835E-004
   9.2500000000000000       1.20864549985321497E-003
   9.5000000000000000       2.26044340174629769E-003
   9.7500000000000000       3.57839587620806688E-003
   10.000000000000000       5.18282128975916783E-003
   10.250000000000000       7.04933037874148297E-003
   10.500000000000000       9.17194301528921965E-003
   10.750000000000000       1.15492801126783305E-002
   11.000000000000000       1.41729888051653537E-002
   11.250000000000000       1.69952716954108185E-002
   11.500000000000000       2.00370952334778391E-002
   11.750000000000000       2.32557494485810846E-002
   12.000000000000000       2.66504723147763523E-002
   12.250000000000000       3.01738088053298895E-002
   12.500000000000000       3.38222830281776632E-002
   12.750000000000000       3.75848112774749971E-002
   13.000000000000000       4.14114635410621490E-002
   13.250000000000000       4.52883067830544273E-002
   13.500000000000000       4.91995622644419706E-002
   13.750000000000000       5.31194085692766327E-002
   14.000000000000000       5.70189375016872460E-002
   14.250000000000000       6.08659579568953182E-002
   14.500000000000000       6.46465666258372040E-002
   14.750000000000000       6.83584946775375735E-002
   15.000000000000000       7.19326782371983997E-002
   15.250000000000000       7.53817471806998707E-002
   15.500000000000000       7.86648818208579848E-002
   15.750000000000000       8.17890271132658553E-002
   16.000000000000000       8.47103774787091174E-002
   16.250000000000000       8.74103060473995636E-002
   16.500000000000000       8.98728082705582687E-002
   16.750000000000000       9.21149106492778202E-002
   17.000000000000000       9.40821089547156653E-002
   17.250000000000000       9.57811326123349516E-002
   17.500000000000000       9.71851485292015982E-002
   17.750000000000000       9.83047899161424016E-002
   18.000000000000000       9.91458627838845558E-002
   18.250000000000000       9.96687358875727736E-002
   18.500000000000000       9.98778268439381584E-002
   18.750000000000000       9.97780513080407105E-002
   19.000000000000000       9.93850926385818345E-002
   19.250000000000000       9.86893518835687406E-002
   19.500000000000000       9.76988359540592599E-002
   19.750000000000000       9.63809110127132329E-002
   20.000000000000000       9.47941336516711641E-002
   20.250000000000000       9.29385156949973368E-002
   20.500000000000000       9.08265334625322773E-002
   20.750000000000000       8.84613371783465330E-002
   21.000000000000000       8.58373212202266783E-002
   21.250000000000000       8.29862024987099156E-002
   21.500000000000000       7.99465198503173380E-002
   21.750000000000000       7.67452330666709981E-002
   22.000000000000000       7.33673873857983855E-002
   22.250000000000000       6.98472735155938468E-002
   22.500000000000000       6.61703488903580134E-002
   22.750000000000000       6.23955441287905449E-002
   23.000000000000000       5.85689875625439865E-002
   23.250000000000000       5.47055626171310330E-002
   23.500000000000000       5.08225095711715563E-002
   23.750000000000000       4.69166356590496533E-002
   24.000000000000000       4.30046417114661322E-002
   24.250000000000000       3.91060900704564562E-002
   24.500000000000000       3.53011783276066943E-002
   24.750000000000000       3.16066327419583654E-002
   25.000000000000000       2.80576744590206942E-002
   25.250000000000000       2.46683520860264474E-002
   25.500000000000000       2.14066529910982226E-002
   25.750000000000000       1.82840796469141316E-002
   26.000000000000000       1.53097411694301938E-002
   26.250000000000000       1.25297669871524322E-002
   26.500000000000000       9.97710048277930528E-003
   26.750000000000000       7.72469165153975412E-003
   27.000000000000000       5.80589186189240693E-003
   27.250000000000000       4.21517163322106866E-003
   27.500000000000000       2.97318329669585702E-003
   27.750000000000000       2.02792225790468777E-003
   28.000000000000000       1.33780043099862990E-003
   28.250000000000000       8.53293762737565359E-004
   28.500000000000000       5.30108390103270922E-004
   28.750000000000000       3.22034201344607450E-004
   29.000000000000000       1.79466431008866244E-004
   29.250000000000000       1.06795103446344220E-004
   29.500000000000000       6.04239210917799027E-005
   29.750000000000000       2.69534752267564767E-005
   30.000000000000000       1.64504485711362090E-005
   30.250000000000000       8.68815787485058664E-006
   30.500000000000000       6.16193703382746332E-006
   30.750000000000000      -2.13036248558837591E-006
   31.000000000000000       9.92736271292433685E-007
   31.250000000000000       5.85184722171617791E-006
   31.500000000000000      -5.02202591354727035E-006
   31.750000000000000      -2.46603720830504204E-007
   32.000000000000000       3.09252134002224684E-006
   32.250000000000000      -1.88352792106881932E-007
   32.500000000000000      -1.39124487871656877E-006
   32.750000000000000      -2.61308504317671445E-006
   33.000000000000000       5.52057556172285527E-006
   33.250000000000000      -6.33009248197219975E-007
   33.500000000000000      -5.93248896714935717E-006
   33.750000000000000       4.42238952007107400E-006
   34.000000000000000       1.73426940288437866E-006
   34.250000000000000      -1.89630833428384234E-006
   34.500000000000000      -2.29773719703427961E-006
   34.750000000000000       2.37387513785706453E-007
   35.000000000000000       6.07823746353359322E-006
   35.250000000000000      -4.01204229227909606E-006
   35.500000000000000      -4.93702496071950815E-006
   35.750000000000000       5.78739278544227935E-006
   36.000000000000000       1.63571027985706455E-006
   36.250000000000000      -2.24177073465890461E-006
   36.500000000000000      -3.43465734922072714E-006
   36.750000000000000       2.57487220115784625E-007
   37.000000000000000       7.65475082846454833E-006
   37.250000000000000      -2.76743013954348442E-006
   37.500000000000000      -7.53501718328528666E-006
   37.750000000000000       3.58763228905837528E-006
   38.000000000000000       4.57691805564016222E-006
   38.250000000000000       9.29160732273151395E-007
   38.500000000000000      -4.70735523095443804E-006
   38.750000000000000      -6.05414359848995705E-006
   39.000000000000000       7.39377974628539023E-006
   39.250000000000000       7.12122926429840543E-006
   39.500000000000000      -6.57061503433129697E-006
   39.750000000000000      -6.17421055015976614E-006
   40.000000000000000       3.50728830766673723E-008
   40.250000000000000       6.96464957204016887E-006
   40.500000000000000       7.75822983163018066E-006
   40.750000000000000      -7.93025083138094646E-006
   41.000000000000000      -1.16236560422908116E-005
   41.250000000000000       3.91588833117942210E-006
   41.500000000000000       1.02717762062625615E-005
   41.750000000000000       6.27324693972489550E-006
   42.000000000000000      -4.68514598472983682E-006
   42.250000000000000      -1.61387941845871129E-005
   42.500000000000000      -4.29170403543246141E-006
   42.750000000000000       1.56745924357171621E-005
   43.000000000000000       1.36298199421238913E-005
   43.250000000000000      -4.18253445842283931E-007
   43.500000000000000      -1.49194289910235505E-005
   43.750000000000000      -2.04221269101591517E-005
   44.000000000000000       1.54611276657789696E-007
   44.250000000000000       2.49995328797506157E-005
   44.500000000000000       2.22733854599740878E-005
   44.750000000000000       1.60247850930936288E-006
   45.000000000000000      -2.22277067576025247E-005
   45.250000000000000      -3.65452436729058106E-005
   45.500000000000000      -1.73495741350411274E-005
   45.750000000000000       2.38445015132027492E-005
   46.000000000000000       4.72487007423043237E-005
   46.250000000000000       4.13329938307382895E-005
   46.500000000000000       8.28092909331004388E-006
   46.750000000000000      -4.56818372292663009E-005
   47.000000000000000      -8.24261951125157435E-005
   47.250000000000000      -6.88063606284629423E-005
   47.500000000000000      -1.45675771684125892E-005
   47.750000000000000       6.16351493571080228E-005
   48.000000000000000       1.37262244537009106E-004
   48.250000000000000       1.65818308097441850E-004
   48.500000000000000       1.17291127988427229E-004
   48.750000000000000       2.93503881195980197E-006
   49.000000000000000      -1.59167907548646086E-004
   49.250000000000000      -3.40829092088712265E-004
   49.500000000000000      -4.79989886647717108E-004
   49.750000000000000      -5.14663520140390884E-004
   50.000000000000000      -4.05902514789574498E-004
   50.250000000000000      -1.08271016904345823E-004
   50.500000000000000       4.25650563463215992E-004
   50.750000000000000       1.21263727325564784E-003
   51.000000000000000       2.25783211187064164E-003
   51.250000000000000       3.57955327794091038E-003
   51.500000000000000       5.18269506986028181E-003
   51.750000000000000       7.04921891055485493E-003
   52.000000000000000       9.17139729306283222E-003
   52.250000000000000       1.15511480924320193E-002
   52.500000000000000       1.41696382397105535E-002
   52.750000000000000       1.69996549972914052E-002
   53.000000000000000       2.00326135791332183E-002
   53.250000000000000       2.32592428657327939E-002
   53.500000000000000       2.66487814357322071E-002
   53.750000000000000       3.01735017997837168E-002
   54.000000000000000       3.38240547222721372E-002
   54.250000000000000       3.75826345469423284E-002
   54.500000000000000       4.14129146949128793E-002
   54.750000000000000       4.52882587019479629E-002
   55.000000000000000       4.91983334038976483E-002
   55.250000000000000       5.31209966882468104E-002
   55.500000000000000       5.70182922673694997E-002
   55.750000000000000       6.08646109043971817E-002
   56.000000000000000       6.46501410768997448E-002
   56.250000000000000       6.83534538065610903E-002
   56.500000000000000       7.19377624167270024E-002
   56.750000000000000       7.53779879803891661E-002
   57.000000000000000       7.86667371823961264E-002
   57.250000000000000       8.17885324304462591E-002
   57.500000000000000       8.47108738856166416E-002
   57.750000000000000       8.74084439580003342E-002
   58.000000000000000       8.98765192674582936E-002
   58.250000000000000       9.21101510985799510E-002
   58.500000000000000       9.40862127182652275E-002
   58.750000000000000       9.57792997670984803E-002
   59.000000000000000       9.71841980365504843E-002
   59.250000000000000       9.83075738991578130E-002
   59.500000000000000       9.91430613770194757E-002
   59.750000000000000       9.96700918196096047E-002
   60.000000000000000       9.98779958127267442E-002
   60.250000000000000       9.97777388588293596E-002
   60.500000000000000       9.93837239189890864E-002
   60.750000000000000       9.86932253087353661E-002
   61.000000000000000       9.76934364611566353E-002
   61.250000000000000       9.63855843734013479E-002
   61.500000000000000       9.47921465981925587E-002
   61.750000000000000       9.29375917722795597E-002
   62.000000000000000       9.08287159158721047E-002
   62.250000000000000       8.84600507193761543E-002
   62.500000000000000       8.58368950404587716E-002
   62.750000000000000       8.29870750113120698E-002
   63.000000000000000       7.99474492126981962E-002
   63.250000000000000       7.67413865158983743E-002
   63.500000000000000       7.33728544653536180E-002
   63.750000000000000       6.98430653626412323E-002
   64.000000000000000       6.61711971309114355E-002
   64.250000000000000       6.23975809554888766E-002
   64.500000000000000       5.85665931746976037E-002
   64.750000000000000       5.47062190143434712E-002
   65.000000000000000       5.08231654146609757E-002
   65.250000000000000       4.69171383281032223E-002
   65.500000000000000       4.30012067526605729E-002
   65.750000000000000       3.91112687387188407E-002
   66.000000000000000       3.52976756965056315E-002
   66.250000000000000       3.16060510398903788E-002
   66.500000000000000       2.80612941502392695E-002
   66.750000000000000       2.46650907929070497E-002
   67.000000000000000       2.14074547644482888E-002
   67.250000000000000       1.82843690881051499E-002
   67.500000000000000       1.53112768189543023E-002
   67.750000000000000       1.25259002922455832E-002
   68.000000000000000       9.98015473474197709E-003
   68.250000000000000       7.72589773747396798E-003
   68.500000000000000       5.80088181135784628E-003
   68.750000000000000       4.21978627503862523E-003
   69.000000000000000       2.97219666423315966E-003
   69.250000000000000       2.02659240711747322E-003
   69.500000000000000       1.33781328798403352E-003
   69.750000000000000       8.55251383085841492E-004
   70.000000000000000       5.29726800808041410E-004
   70.250000000000000       3.18053892316560159E-004
   70.500000000000000       1.85223000092627767E-004
   70.750000000000000       1.04689230360318874E-004
   71.000000000000000       5.74637567635881164E-005
   71.250000000000000       3.06508083002287715E-005
   71.500000000000000       1.58968818881853161E-005
   71.750000000000000       8.02163652768252521E-006
   72.000000000000000       3.94044377124617156E-006
   72.250000000000000       1.88537970196054271E-006
   72.500000000000000       8.79132545473099432E-007
   72.750000000000000       3.99697848576211620E-007
   73.000000000000000       1.77272415852253050E-007
   73.250000000000000       7.67330644253804459E-008
   73.500000000000000       3.24299716709544585E-008
   73.750000000000000       1.33879708257716469E-008
   74.000000000000000       5.40082296836075981E-009
   74.250000000000000       2.12983872230766707E-009
   74.500000000000000       8.21356843864857101E-010
   74.750000000000000       3.09859520570772133E-010
   75.000000000000000       1.14390001955797852E-010
   75.250000000000000       4.13368554928161951E-011
   75.500000000000000       1.46265751496387912E-011
   75.750000000000000       5.06906141520789107E-012
   76.000000000000000       1.72111743140746095E-012
   76.250000000000000       5.72670286880707775E-013
   76.500000000000000       1.86774784793265317E-013
   76.750000000000000       5.97248279379357547E-014
   77.000000000000000       1.87289695825372468E-014
   77.250000000000000       5.76089932379356220E-015
   77.500000000000000       1.73850243910477195E-015
   77.750000000000000       5.14821161704454622E-016
   78.000000000000000       1.49629408700865686E-016
   78.250000000000000       4.26903388359345234E-017
   78.500000000000000       1.19551655015115115E-017
   78.750000000000000       3.27406218279992132E-018
   79.000000000000000       8.27339007047523811E-019
   79.250000000000000        0.0000000000000000     
