  -20.750000000000000        0.0000000000000000     
  -20.500000000000000       4.09597892014084635E-006
  -20.250000000000000      -6.07232143184244690E-006
  -20.000000000000000       5.15452414144447181E-006
  -19.750000000000000      -2.41729136150197632E-006
  -19.500000000000000       9.11406655620668020E-008
  -19.250000000000000      -5.09765253408074034E-008
  -19.000000000000000       2.44726642975759933E-006
  -18.750000000000000      -5.46234837350371463E-006
  -18.500000000000000       6.50449101653957329E-006
  -18.250000000000000      -4.12995227217543401E-006
  -18.000000000000000      -6.84226387594030085E-007
  -17.750000000000000       4.99752130728949586E-006
  -17.500000000000000      -5.95266187379869348E-006
  -17.250000000000000       2.95977324374205173E-006
  -17.000000000000000       1.73591523883531867E-006
  -16.750000000000000      -4.70965590554205494E-006
  -16.500000000000000       4.01881424311820563E-006
  -16.250000000000000      -6.79607059784463160E-007
  -16.000000000000000      -2.35226064509249915E-006
  -15.750000000000000       2.85014773373240003E-006
  -15.500000000000000      -1.23146820228877729E-006
  -15.250000000000000      -7.47434079539574271E-008
  -15.000000000000000      -8.02228699483123608E-007
  -14.750000000000000       3.24258059388535473E-006
  -14.500000000000000      -4.87375708166299840E-006
  -14.250000000000000       4.26906792558609252E-006
  -14.000000000000000      -2.68270260287393225E-006
  -13.750000000000000       2.72490838867318228E-006
  -13.500000000000000      -5.20384453077695072E-006
  -13.250000000000000       7.68583245524140254E-006
  -13.000000000000000      -6.78220693182010057E-006
  -12.750000000000000       2.00496566684801724E-006
  -12.500000000000000       3.16354643553407234E-006
  -12.250000000000000      -4.61005200318591164E-006
  -12.000000000000000       1.89187458681416931E-006
  -11.750000000000000       1.46092027462473330E-006
  -11.500000000000000      -2.19547489005446142E-006
  -11.250000000000000       1.12285817273429071E-006
  -11.000000000000000      -1.65250752838772218E-006
  -10.750000000000000       4.73689243660975573E-006
  -10.500000000000000      -6.83588816833430815E-006
  -10.250000000000000       4.10894915138638324E-006
  -10.000000000000000       2.19096808193389873E-006
  -9.7500000000000000      -6.48552651920037004E-006
  -9.5000000000000000       5.49819252932257941E-006
  -9.2500000000000000      -2.21425835296666601E-006
  -9.0000000000000000       1.54739687585202345E-006
  -8.7500000000000000      -3.39485223043489512E-006
  -8.5000000000000000       3.01011762403754195E-006
  -8.2500000000000000       1.40456651016126102E-006
  -8.0000000000000000      -4.98406117724933722E-006
  -7.7500000000000000       2.69014874031515350E-006
  -7.5000000000000000       2.93017318337011628E-006
  -7.2500000000000000      -4.79149259262745237E-006
  -7.0000000000000000       1.50520943755626881E-006
  -6.7500000000000000       6.61196563622281693E-007
  -6.5000000000000000       2.23869329860277606E-006
  -6.2500000000000000      -5.39130875778360358E-006
  -6.0000000000000000       3.27826811410144043E-006
  -5.7500000000000000       4.06675625510659486E-007
  -5.5000000000000000       1.79044219604166387E-006
  -5.2500000000000000      -8.05617711284938773E-006
  -5.0000000000000000       9.01430812265007561E-006
  -4.7500000000000000      -2.96126039610215158E-006
  -4.5000000000000000      -1.01405458078225541E-006
  -4.2500000000000000      -1.47214853202184766E-006
  -4.0000000000000000       2.82116217058111286E-006
  -3.7500000000000000       1.64339640355243826E-006
  -3.5000000000000000      -3.44350608272913271E-006
  -3.2500000000000000      -3.82612890430364386E-006
  -3.0000000000000000       1.07587036507236672E-005
  -2.7500000000000000      -7.68395689525087639E-006
  -2.5000000000000000       2.47214466187019054E-006
  -2.2500000000000000      -5.67197145958657115E-006
  -2.0000000000000000       1.01051695051884928E-005
  -1.7500000000000000      -5.93271621930548543E-006
  -1.5000000000000000       2.25314571049661508E-006
  -1.2500000000000000      -9.14712670160084307E-006
  -1.0000000000000000       1.44116569368576938E-005
 -0.75000000000000000      -6.09711755875352134E-006
 -0.50000000000000000      -2.17214194519021134E-006
 -0.25000000000000000      -1.58703271466672556E-006
   0.0000000000000000       2.90294988066627683E-006
  0.25000000000000000       6.11421193835369274E-006
  0.50000000000000000      -7.15568853951680782E-006
  0.75000000000000000      -2.38711587636083686E-006
   1.0000000000000000      -8.89942034588375720E-007
   1.2500000000000000       1.42764631268553219E-005
   1.5000000000000000      -1.18366476806460588E-005
   1.7500000000000000       2.82857629593488169E-006
   2.0000000000000000      -9.63373172181748162E-006
   2.2500000000000000       1.25575630085284007E-005
   2.5000000000000000       1.69740890692277501E-006
   2.7500000000000000      -1.28168289992013682E-006
   3.0000000000000000      -1.40441673966026420E-005
   3.2500000000000000       6.49716279570926479E-006
   3.5000000000000000       6.58548174652936886E-006
   3.7500000000000000       5.24216926083306056E-006
   4.0000000000000000      -5.76071416847075074E-006
   4.2500000000000000      -1.10376823599143571E-005
   4.5000000000000000      -2.68829119419585708E-006
   4.7500000000000000       1.73964851167209038E-005
   5.0000000000000000       4.32585296595702940E-006
   5.2500000000000000      -3.03501074730537303E-006
   5.5000000000000000      -1.70888238377887390E-005
   5.7500000000000000      -3.59420505964421776E-006
   6.0000000000000000       4.60160308207704366E-006
   6.2500000000000000       2.46517701031833832E-005
   6.5000000000000000       2.16172326844039202E-006
   6.7500000000000000      -1.49708695319283216E-005
   7.0000000000000000      -1.96088675778089537E-005
   7.2500000000000000      -8.45055348822014627E-006
   7.5000000000000000       1.50797246586420485E-005
   7.7500000000000000       2.99028310993658950E-005
   8.0000000000000000       1.55571094029862637E-005
   8.2500000000000000      -1.64285939517159007E-005
   8.5000000000000000      -3.66307015103396725E-005
   8.7500000000000000      -2.58502473246852831E-005
   9.0000000000000000      -5.40089608047399837E-006
   9.2500000000000000       4.18899738569418164E-005
   9.5000000000000000       5.44952325240481380E-005
   9.7500000000000000       3.27733187082193136E-005
   10.000000000000000      -1.51478504183025803E-005
   10.250000000000000      -6.38430182361495070E-005
   10.500000000000000      -8.51557652080065040E-005
   10.750000000000000      -6.85311265296057338E-005
   11.000000000000000       8.55800489542284109E-006
   11.250000000000000       9.02454252637057883E-005
   11.500000000000000       1.52992972075060164E-004
   11.750000000000000       1.71833655580996857E-004
   12.000000000000000       1.14927451368605896E-004
   12.250000000000000      -1.84810558241062575E-005
   12.500000000000000      -1.93371793042386442E-004
   12.750000000000000      -3.75661777119523036E-004
   13.000000000000000      -5.05050385287647541E-004
   13.250000000000000      -5.56076652837841912E-004
   13.500000000000000      -4.27555318042190818E-004
   13.750000000000000      -1.22622406556550435E-004
   14.000000000000000       4.14470053303022052E-004
   14.250000000000000       1.19887323999475111E-003
   14.500000000000000       2.26011757944857318E-003
   14.750000000000000       3.58510651640625913E-003
   15.000000000000000       5.18427083516368077E-003
   15.250000000000000       7.04687814499638764E-003
   15.500000000000000       9.19123087846733695E-003
   15.750000000000000       1.15587392954111488E-002
   16.000000000000000       1.41738842256329822E-002
   16.250000000000000       1.70105756447263036E-002
   16.500000000000000       2.00510096571062044E-002
   16.750000000000000       2.32734606892319382E-002
   17.000000000000000       2.66521939807733768E-002
   17.250000000000000       3.01893788718567563E-002
   17.500000000000000       3.38476474961684551E-002
   17.750000000000000       3.75941770006040094E-002
   18.000000000000000       4.14179119466414475E-002
   18.250000000000000       4.53098531764081075E-002
   18.500000000000000       4.92170985124200794E-002
   18.750000000000000       5.31383109417868857E-002
   19.000000000000000       5.70205514484863618E-002
   19.250000000000000       6.08828550031080204E-002
   19.500000000000000       6.46749075227619763E-002
   19.750000000000000       6.83651625980036259E-002
   20.000000000000000       7.19413399693365069E-002
   20.250000000000000       7.53918563348612014E-002
   20.500000000000000       7.86876364062599060E-002
   20.750000000000000       8.18031539483161096E-002
   21.000000000000000       8.47144743763999508E-002
   21.250000000000000       8.74080892959990530E-002
   21.500000000000000       8.98989861287135539E-002
   21.750000000000000       9.21232540014840506E-002
   22.000000000000000       9.40888110287741997E-002
   22.250000000000000       9.57755913127237984E-002
   22.500000000000000       9.71888385382075615E-002
   22.750000000000000       9.83224756853451204E-002
   23.000000000000000       9.91516715605114118E-002
   23.250000000000000       9.96615753015142325E-002
   23.500000000000000       9.98664445099179815E-002
   23.750000000000000       9.97853664463214107E-002
   24.000000000000000       9.93889019017038938E-002
   24.250000000000000       9.86967466130092286E-002
   24.500000000000000       9.76789905614232901E-002
   24.750000000000000       9.63666351597194659E-002
   25.000000000000000       9.47901481257117789E-002
   25.250000000000000       9.29428119585093138E-002
   25.500000000000000       9.08273983689481396E-002
   25.750000000000000       8.84421421315996215E-002
   26.000000000000000       8.58158147223924972E-002
   26.250000000000000       8.29660689308150123E-002
   26.500000000000000       7.99475867635832810E-002
   26.750000000000000       7.67449540824306775E-002
   27.000000000000000       7.33595699917754390E-002
   27.250000000000000       6.98221198112845831E-002
   27.500000000000000       6.61401174526187879E-002
   27.750000000000000       6.23763295479345947E-002
   28.000000000000000       5.85604866064718607E-002
   28.250000000000000       5.47107693396941402E-002
   28.500000000000000       5.08171084595834474E-002
   28.750000000000000       4.68961137623684909E-002
   29.000000000000000       4.29745368637559841E-002
   29.250000000000000       3.90742868763254911E-002
   29.500000000000000       3.52782689228832158E-002
   29.750000000000000       3.16040924667141676E-002
   30.000000000000000       2.80652170287025472E-002
   30.250000000000000       2.46714286376813266E-002
   30.500000000000000       2.14032801684556559E-002
   30.750000000000000       1.82669236817332367E-002
   31.000000000000000       1.52759389159991821E-002
   31.250000000000000       1.24932708518552260E-002
   31.500000000000000       9.95409190757780456E-003
   31.750000000000000       7.70455119419335283E-003
   32.000000000000000       5.80410255084369726E-003
   32.250000000000000       4.23567148206130742E-003
   32.500000000000000       2.99565099601285540E-003
   32.750000000000000       2.05720419450850520E-003
   33.000000000000000       1.37033913814094957E-003
   33.250000000000000       8.86579516922057428E-004
   33.500000000000000       5.49061348625905481E-004
   33.750000000000000       3.38912382756997833E-004
   34.000000000000000       2.03000517044992082E-004
   34.250000000000000       1.09053895682190797E-004
   34.500000000000000       6.50686292410583415E-005
   34.750000000000000       3.68896056479307654E-005
   35.000000000000000       1.79107359936079129E-005
   35.250000000000000       7.86224302441864866E-006
   35.500000000000000       3.54997416587829321E-006
   35.750000000000000       7.52521775363121900E-006
   36.000000000000000      -1.72049953789768911E-006
   36.250000000000000      -3.42877627585820755E-006
   36.500000000000000       5.90544935991745891E-006
   36.750000000000000      -3.37436427175186787E-007
   37.000000000000000      -2.75332127806885178E-006
   37.250000000000000      -1.60540210682874098E-007
   37.500000000000000       1.69486497957961171E-006
   37.750000000000000       3.00201719211955522E-006
   38.000000000000000      -5.38214197295170155E-006
   38.250000000000000      -1.00115594127169852E-006
   38.500000000000000       6.85185796422389619E-006
   38.750000000000000      -2.62006101907043107E-006
   39.000000000000000      -3.69226317258010832E-006
   39.250000000000000       1.41453062878062101E-006
   39.500000000000000       2.37815857114048900E-006
   39.750000000000000       2.07761124138829667E-006
   40.000000000000000      -5.63909805444435927E-006
   40.250000000000000      -1.78617458290871501E-006
   40.500000000000000       7.97644020467539117E-006
   40.750000000000000      -9.36400933072490711E-007
   41.000000000000000      -5.77735106356513529E-006
   41.250000000000000       2.66095505783732250E-007
   41.500000000000000       2.90294988113042759E-006
   41.750000000000000       4.26108371945884757E-006
   42.000000000000000      -3.55047941656993460E-006
   42.250000000000000      -7.54783248725731990E-006
   42.500000000000000       5.54527474287387642E-006
   42.750000000000000       6.91551114652141876E-006
   43.000000000000000      -3.94440350123279407E-006
   43.250000000000000      -5.18174994665499152E-006
   43.500000000000000      -1.90671727551738549E-006
   43.750000000000000       5.47107085473928735E-006
   44.000000000000000       7.86184429698261625E-006
   44.250000000000000      -6.34550384184815984E-006
   44.500000000000000      -1.01371219841624254E-005
   44.750000000000000       3.67271144716169448E-006
   45.000000000000000       8.52545206823266992E-006
   45.250000000000000       3.88689148939070744E-006
   45.500000000000000      -4.62621847632241077E-006
   45.750000000000000      -1.23296147724590210E-005
   46.000000000000000      -9.02830729532148491E-007
   46.250000000000000       1.48787125386082001E-005
   46.500000000000000       7.67270349317560105E-006
   46.750000000000000      -7.14056857040252191E-006
   47.000000000000000      -1.24603466614989936E-005
   47.250000000000000      -8.37644871020878584E-006
   47.500000000000000       9.09567528654262999E-006
   47.750000000000000       2.08793775541739306E-005
   48.000000000000000       4.87561127510349884E-006
   48.250000000000000      -1.64638954097400313E-005
   48.500000000000000      -1.92755498064640495E-005
   48.750000000000000      -7.91419874192808379E-006
   49.000000000000000       1.41469637842713150E-005
   49.250000000000000       3.06685897183710376E-005
   49.500000000000000       1.54871841241351036E-005
   49.750000000000000      -1.74188006975501109E-005
   50.000000000000000      -3.44836801253457602E-005
   50.250000000000000      -2.89372048638489083E-005
   50.500000000000000      -1.87353355980305014E-006
   50.750000000000000       3.85950403046749001E-005
   51.000000000000000       5.68789970205593875E-005
   51.250000000000000       3.18003360180919050E-005
   51.500000000000000      -1.57553111536906604E-005
   51.750000000000000      -6.18827330678198138E-005
   52.000000000000000      -8.78907830884111330E-005
   52.250000000000000      -6.57902201159539388E-005
   52.500000000000000       6.53642480702530394E-006
   52.750000000000000       9.11064341875744081E-005
   53.000000000000000       1.53284054626037964E-004
   53.250000000000000       1.70873996226369968E-004
   53.500000000000000       1.15737150552722273E-004
   53.750000000000000      -1.82605020618826326E-005
   54.000000000000000      -1.95244329841731256E-004
   54.250000000000000      -3.72025653749055978E-004
   54.500000000000000      -5.09973248573153751E-004
   54.750000000000000      -5.50788126335420504E-004
   55.000000000000000      -4.32176176769584366E-004
   55.250000000000000      -1.19412378136558173E-004
   55.500000000000000       4.12813202062269850E-004
   55.750000000000000       1.19951124567518018E-003
   56.000000000000000       2.25950339885822981E-003
   56.250000000000000       3.58671242653027739E-003
   56.500000000000000       5.18112198219924675E-003
   56.750000000000000       7.05134976628718230E-003
   57.000000000000000       9.18639288489804008E-003
   57.250000000000000       1.15626453052887924E-002
   57.500000000000000       1.41719572411962043E-002
   57.750000000000000       1.70102401371946370E-002
   58.000000000000000       2.00529668776939021E-002
   58.250000000000000       2.32711399475372116E-002
   58.500000000000000       2.66536542022226819E-002
   58.750000000000000       3.01892988185582453E-002
   59.000000000000000       3.38468478631514524E-002
   59.250000000000000       3.75945870533635068E-002
   59.500000000000000       4.14192047354375870E-002
   59.750000000000000       4.53063138277166322E-002
   60.000000000000000       4.92222373992275419E-002
   60.250000000000000       5.31331455218202325E-002
   60.500000000000000       5.70240930158024961E-002
   60.750000000000000       6.08817157424814057E-002
   61.000000000000000       6.46741894629582204E-002
   61.250000000000000       6.83662485915462470E-002
   61.500000000000000       7.19413000474494607E-002
   61.750000000000000       7.53905254032269101E-002
   62.000000000000000       7.86892745460187198E-002
   62.250000000000000       8.18029698552278361E-002
   62.500000000000000       8.47120165372387546E-002
   62.750000000000000       8.74128306857963888E-002
   63.000000000000000       8.98937916826850758E-002
   63.250000000000000       9.21267572863880280E-002
   63.500000000000000       9.40880018283049568E-002
   63.750000000000000       9.57745030286225041E-002
   64.000000000000000       9.71899328390938427E-002
   64.250000000000000       9.83227726137520935E-002
   64.500000000000000       9.91503059563023648E-002
   64.750000000000000       9.96621659050950237E-002
   65.000000000000000       9.98684215251017665E-002
   65.250000000000000       9.97807789777735987E-002
   65.500000000000000       9.93940549305606935E-002
   65.750000000000000       9.86937067864671336E-002
   66.000000000000000       9.76787148676339229E-002
   66.250000000000000       9.63690240739304427E-002
   66.500000000000000       9.47880865320563926E-002
   66.750000000000000       9.29431560580374350E-002
   67.000000000000000       9.08278236451564719E-002
   67.250000000000000       8.84431979937434498E-002
   67.500000000000000       8.58122081970253830E-002
   67.750000000000000       8.29706152955136528E-002
   68.000000000000000       7.99452401393183631E-002
   68.250000000000000       7.67433174119607486E-002
   68.500000000000000       7.33638295682665642E-002
   68.750000000000000       6.98184887490393702E-002
   69.000000000000000       6.61411433039808261E-002
   69.250000000000000       6.23768146679659352E-002
   69.500000000000000       5.85610695922752986E-002
   69.750000000000000       5.47083720337412649E-002
   70.000000000000000       5.08189678032297532E-002
   70.250000000000000       4.68977449200720514E-002
   70.500000000000000       4.29695007805211138E-002
   70.750000000000000       3.90791174820910373E-002
   71.000000000000000       3.52771867474804615E-002
   71.250000000000000       3.16016718870848548E-002
   71.500000000000000       2.80677035861435220E-002
   71.750000000000000       2.46711667884324248E-002
   72.000000000000000       2.14029110958958088E-002
   72.250000000000000       1.82649276957101217E-002
   72.500000000000000       1.52800397862871418E-002
   72.750000000000000       1.24911221878720620E-002
   73.000000000000000       9.95129347876049647E-003
   73.250000000000000       7.71006373802238937E-003
   73.500000000000000       5.80098812281095409E-003
   73.750000000000000       4.23459080686203193E-003
   74.000000000000000       2.99763096165774285E-003
   74.250000000000000       2.05751208919974444E-003
   74.500000000000000       1.36947604190189439E-003
   74.750000000000000       8.84184743666063507E-004
   75.000000000000000       5.53975484524431923E-004
   75.250000000000000       3.36987992635427377E-004
   75.500000000000000       1.99137582986913032E-004
   75.750000000000000       1.14381743019768123E-004
   76.000000000000000       6.38967375702318184E-005
   76.250000000000000       3.47353831919350770E-005
   76.500000000000000       1.83859306563267504E-005
   76.750000000000000       9.48115909477993525E-006
   77.000000000000000       4.76577784180562378E-006
   77.250000000000000       2.33629725945433141E-006
   77.500000000000000       1.11753193007720270E-006
   77.750000000000000       5.21833079526008791E-007
   78.000000000000000       2.37964208758101621E-007
   78.250000000000000       1.05976456579687441E-007
   78.500000000000000       4.59940414782659086E-008
   78.750000000000000       1.91542943343817954E-008
   79.000000000000000       6.86406971829268169E-009
   79.250000000000000        0.0000000000000000     
